51
18 33 49 21 65 44 59 40 38 20 37 15 34 7 73 13 70 71 69 28 16 64 42 30 35 22 50 56 0 41 55 45 19 46 51 3 4 43 72 6 48 26 1 9 14 27 29 36 74 47 25 31 60 12 53 11 62 61 8 67 39 58 57 54 17 23 32 66 2 10 5 68 63 24 52
17 10 70 63 48 54 20 47 27 14 5 19 67 65 68 38 31 9 8 58 21 52 57 43 51 36 33 39 46 71 45 74 73 44 59 12 15 3 18 11 41 50 62 55 61 66 23 40 32 56 64 34 22 29 13 72 7 2 60 42 30 35 1 4 26 69 28 16 25 0 53 49 6 37 24
44 6 63 16 34 66 21 29 72 47 70 1 30 10 45 9 33 48 52 38 68 24 55 27 65 12 39 41 74 28 8 67 53 64 42 71 19 60 51 14 61 7 31 0 43 37 62 11 69 5 46 40 49 13 54 57 23 35 3 18 50 58 4 56 32 73 25 26 17 36 2 20 15 22 59
62 4 63 1 29 13 17 51 23 60 11 27 65 3 38 73 69 7 10 58 24 44 30 26 74 41 56 47 59 36 50 15 14 49 5 16 35 28 12 61 52 37 46 57 0 8 64 9 32 6 55 70 40 34 33 2 31 21 22 53 20 48 25 19 43 42 68 18 39 45 67 54 71 66 72
67 29 37 49 28 22 13 15 52 23 53 18 6 32 3 42 59 40 66 36 48 58 45 65 71 44 20 10 0 9 33 24 68 54 73 34 64 14 60 55 61 25 30 62 74 56 31 1 72 2 17 39 21 46 11 41 51 50 27 57 26 7 8 38 12 43 5 69 70 35 19 16 4 63 47
30 34 65 4 51 69 0 25 21 1 58 13 10 38 20 9 5 24 45 67 64 50 2 7 29 70 48 54 28 19 46 15 57 73 49 71 26 11 23 60 12 3 74 53 72 14 61 42 31 37 27 32 52 47 63 59 40 39 55 33 16 68 6 44 66 41 35 8 56 36 43 22 17 18 62
48 7 5 24 67 47 21 49 10 27 64 72 69 53 52 15 11 36 46 61 26 17 43 28 74 45 33 59 70 3 60 13 65 68 55 6 54 12 58 62 37 16 4 34 20 57 66 56 32 39 38 71 1 73 2 41 8 0 51 19 30 31 22 50 29 35 18 42 25 23 63 9 14 40 44
39 9 54 66 22 44 10 25 35 71 26 23 55 58 37 73 48 19 31 5 43 14 67 32 27 13 38 63 49 70 7 72 40 21 18 20 65 41 61 15 34 12 53 52 50 64 4 60 62 46 8 11 42 57 47 6 68 59 3 17 0 28 36 74 69 56 1 45 29 16 30 51 33 24 2
37 4 74 10 64 44 19 5 47 41 27 72 71 23 35 36 60 26 28 59 14 34 2 46 21 68 61 22 40 12 25 0 17 20 30 70 6 66 42 63 32 58 11 52 55 7 16 43 9 62 38 15 54 51 53 49 56 50 8 18 33 69 67 73 45 48 39 31 13 24 29 3 57 1 65
13 20 29 60 37 63 61 67 39 55 34 74 4 45 51 44 58 19 11 48 6 68 50 3 28 38 62 1 69 70 24 15 47 21 7 41 40 25 71 0 8 66 9 23 53 65 33 35 27 14 36 73 57 18 72 43 56 31 5 64 12 42 52 16 26 32 2 59 49 30 22 46 54 17 10
12 29 11 33 44 74 0 13 71 48 25 65 31 67 40 1 39 38 45 50 58 64 35 15 22 59 2 8 26 16 72 55 30 61 5 43 62 73 32 24 10 14 53 19 18 63 60 70 69 52 57 23 46 20 37 41 6 34 36 68 28 51 17 56 9 66 42 7 27 4 49 21 47 54 3
41 68 31 9 30 63 44 4 45 72 54 61 49 38 8 55 50 11 12 70 59 71 25 64 16 19 48 62 43 10 33 2 20 58 74 34 23 53 67 26 5 52 24 46 15 65 0 21 47 22 37 6 32 51 7 27 56 35 13 66 69 14 42 1 36 29 18 60 17 3 40 73 39 28 57
31 25 42 40 16 8 65 50 28 12 24 23 6 69 59 7 66 14 20 1 61 68 51 45 47 21 22 11 49 32 67 3 26 64 56 63 46 43 54 33 4 2 48 38 9 36 72 71 29 15 53 74 0 44 39 30 5 73 55 10 13 35 52 27 34 19 60 41 18 17 70 37 57 58 62
37 58 50 45 65 67 27 70 38 21 20 39 72 32 1 25 35 48 56 26 55 36 29 34 60 2 10 62 16 54 13 64 61 3 66 28 49 53 40 14 18 73 19 59 44 69 57 71 23 68 12 15 17 46 63 6 5 47 7 43 4 24 22 0 41 30 74 42 8 52 11 31 9 33 51
58 14 68 61 24 57 44 54 51 0 29 36 32 7 49 67 17 4 48 11 72 13 52 30 40 16 26 6 39 20 62 33 31 69 28 35 50 9 55 42 56 23 22 2 60 12 70 18 63 15 64 59 38 1 73 37 8 41 21 74 47 65 34 46 25 10 27 71 19 43 3 45 66 5 53
72 48 33 60 14 18 46 11 21 20 31 36 23 7 64 74 52 39 29 71 2 70 50 27 25 1 67 43 15 24 41 8 44 65 45 0 9 30 12 19 28 66 49 17 13 73 34 57 62 22 55 47 69 53 58 51 59 16 32 56 35 38 6 37 63 42 5 61 54 40 68 4 26 10 3
65 74 42 1 20 6 54 40 34 37 10 2 53 35 30 72 62 12 4 56 24 49 14 58 46 13 45 43 50 41 73 51 33 39 3 22 28 61 19 66 60 29 59 38 57 31 11 5 68 32 47 25 63 0 15 23 26 36 70 21 52 55 17 44 27 71 9 8 64 18 7 67 69 48 16
41 4 5 57 14 51 63 33 42 12 36 69 11 66 67 10 24 40 54 48 20 2 46 7 39 64 1 32 6 53 8 18 60 50 9 16 61 38 56 73 35 21 13 71 52 0 37 31 59 70 44 30 25 3 15 26 29 68 17 65 62 72 58 19 27 55 43 23 28 45 49 22 47 74 34
62 45 57 12 65 34 66 43 1 55 27 18 49 17 40 53 38 61 22 32 48 64 72 9 30 14 8 68 73 26 36 3 69 19 2 41 54 58 4 35 63 7 67 46 71 39 10 33 51 5 50 13 70 20 24 15 11 6 60 29 0 16 47 25 21 42 56 31 74 52 28 37 59 44 23
59 20 4 34 2 13 8 65 32 40 10 39 19 62 27 1 31 71 38 35 58 48 41 54 37 42 7 33 66 68 15 74 0 72 51 24 11 18 70 57 53 50 44 29 30 55 9 25 5 60 16 73 47 64 23 21 52 12 36 69 3 43 26 56 14 28 22 45 6 46 17 49 63 67 61
74 11 31 28 40 5 67 18 61 36 69 63 6 43 39 66 59 52 56 38 68 64 2 45 62 22 44 42 25 35 54 7 16 53 21 10 49 14 65 58 1 9 72 23 51 48 73 26 71 3 13 57 41 34 17 4 20 46 27 37 50 70 0 29 12 19 15 47 24 33 55 30 60 32 8
39 38 50 3 35 51 25 54 11 66 26 2 57 43 10 29 56 59 42 65 53 61 16 70 22 21 73 58 45 20 9 72 48 44 37 62 41 34 68 28 27 17 67 32 74 47 13 0 7 46 18 64 49 24 12 23 63 40 36 8 33 30 69 60 15 71 5 19 4 52 31 55 14 6 1
9 74 72 68 56 34 65 29 62 66 71 67 26 25 17 61 55 32 49 40 41 16 58 37 21 57 30 15 14 19 43 69 73 24 22 12 23 18 64 52 27 7 3 1 33 53 42 20 36 44 51 47 38 60 6 45 4 5 2 10 70 59 48 13 39 28 54 63 0 50 31 35 46 8 11
21 32 65 17 63 31 70 5 73 38 69 44 29 59 36 74 1 15 66 46 6 13 49 19 27 28 67 64 37 4 45 24 68 34 62 39 2 30 12 58 52 16 18 50 61 8 60 51 23 40 41 54 10 14 48 20 42 25 43 0 11 55 3 71 56 47 33 53 35 72 7 9 57 26 22
7 66 22 29 51 67 37 65 8 56 24 39 3 44 1 19 31 48 58 20 27 41 49 25 45 17 54 13 40 28 55 70 57 47 15 63 26 38 5 71 62 0 34 42 59 52 23 73 72 35 30 74 46 43 16 2 64 32 6 60 36 9 53 68 69 21 14 11 4 18 10 50 61 12 33
40 66 49 53 28 70 25 71 6 44 21 52 34 59 45 56 24 35 46 42 64 69 26 27 8 0 39 43 54 61 9 62 72 41 29 50 13 4 18 68 16 58 67 20 47 14 51 65 23 22 38 33 2 19 12 32 5 57 36 60 74 37 30 7 1 3 48 73 55 15 11 31 10 63 17
60 26 36 40 27 5 65 66 30 3 50 56 55 68 34 39 61 1 8 54 6 22 74 11 9 23 24 10 46 32 52 49 15 4 13 64 18 48 62 29 25 31 21 19 33 58 17 38 53 45 57 63 7 67 69 2 16 42 73 28 59 37 20 12 43 71 70 72 14 0 51 41 44 35 47
16 57 70 72 14 35 60 39 23 0 56 64 53 1 7 50 40 63 4 28 26 71 27 45 29 25 32 9 51 42 46 73 5 2 36 34 74 17 31 54 62 66 52 69 44 49 41 11 18 3 47 67 37 6 58 12 61 21 10 68 65 20 33 13 48 38 30 19 15 43 55 8 22 24 59
0 14 20 68 34 28 4 55 74 58 31 1 7 53 54 3 57 59 24 21 52 65 64 61 10 43 46 19 5 18 23 50 41 11 12 73 45 35 16 66 47 13 26 63 71 30 69 42 39 72 70 15 8 37 27 38 60 2 40 49 36 6 51 56 25 62 33 9 48 67 29 44 17 32 22
69 12 41 67 61 15 42 43 29 7 20 32 28 18 58 30 62 21 46 8 55 70 45 39 73 13 35 59 27 31 14 68 34 36 54 64 65 24 53 50 17 60 19 52 38 11 2 33 1 63 48 66 40 0 3 56 44 57 23 74 72 9 16 6 51 5 47 22 26 10 37 49 71 25 4
21 11 50 67 13 52 73 33 70 37 46 8 38 66 4 45 65 71 22 20 10 7 34 55 9 41 56 40 15 48 49 47 57 27 31 68 74 53 54 63 18 23 29 2 3 14 42 19 60 51 30 26 43 5 58 32 16 6 35 64 39 17 24 0 72 36 1 59 12 62 61 44 28 25 69
72 55 25 64 56 74 1 57 43 51 46 23 28 11 54 18 15 38 32 2 48 26 67 31 22 19 30 59 20 16 29 0 35 40 50 69 41 12 49 3 5 63 8 4 24 27 34 45 6 58 68 60 53 62 70 36 42 14 9 66 13 21 61 44 39 47 17 33 37 7 73 65 71 52 10
10 0 65 44 22 37 25 13 58 54 19 49 29 39 68 56 40 17 63 64 24 16 47 36 18 66 26 6 3 27 11 31 43 62 30 8 33 7 57 21 59 28 73 2 60 61 55 34 45 46 67 71 52 53 23 70 38 32 69 72 9 14 35 48 51 15 5 4 20 1 42 50 74 12 41
11 54 40 68 71 3 20 72 22 6 47 45 24 13 74 55 10 33 2 32 48 44 34 25 70 37 56 60 61 38 27 14 12 9 30 23 16 42 69 46 1 66 19 59 67 62 18 39 4 53 8 31 21 15 63 28 26 43 51 36 73 65 29 64 17 50 57 7 52 41 35 49 0 5 58
24 31 2 33 22 0 11 32 8 26 59 21 9 56 20 39 34 58 69 54 62 7 53 25 44 14 4 1 37 61 15 66 55 60 49 3 10 71 57 48 67 35 30 63 12 74 52 42 70 73 17 23 16 13 51 19 41 50 47 40 6 29 45 38 28 27 36 43 5 46 64 18 65 68 72
41 66 38 31 46 45 44 12 39 30 73 65 61 0 70 55 11 4 63 19 40 21 29 54 67 1 48 28 5 20 71 24 8 17 53 69 57 37 68 7 42 13 35 15 36 25 16 32 22 52 72 49 60 62 59 50 43 51 9 3 58 64 6 2 26 33 14 47 18 34 27 10 23 56 74
28 40 45 68 10 67 14 44 61 38 15 54 9 1 4 23 25 43 3 71 59 29 57 12 2 42 31 63 8 6 20 62 21 17 37 56 49 33 60 53 52 72 64 30 74 50 34 35 11 13 16 36 66 26 39 65 47 51 0 46 27 41 55 18 22 7 32 5 58 48 69 24 70 19 73
28 1 61 13 63 45 44 39 5 38 0 27 34 4 49 15 16 59 30 31 6 50 24 25 71 66 46 40 55 57 52 29 47 21 56 32 26 54 14 12 3 20 35 19 37 17 58 33 72 18 62 42 2 8 51 23 68 69 10 41 74 65 48 53 64 7 67 70 73 36 9 22 11 43 60
50 58 9 0 20 30 26 7 67 46 54 4 45 23 48 59 68 55 65 38 16 62 12 25 42 22 70 27 47 33 5 72 34 74 2 41 43 17 69 28 44 35 11 53 19 71 29 36 64 56 52 39 63 1 31 3 18 13 8 15 6 10 21 57 24 40 49 32 60 51 66 61 14 37 73
42 28 8 45 74 11 13 56 5 30 47 1 25 16 63 29 55 3 14 73 12 40 51 35 64 24 67 53 52 66 46 59 9 68 34 32 26 10 15 18 57 19 43 50 20 39 48 70 62 69 2 71 37 54 31 60 41 23 44 61 27 4 0 17 22 65 49 38 58 6 33 72 7 21 36
8 66 45 32 16 30 49 25 23 68 31 63 38 67 18 11 29 65 34 19 2 40 5 54 41 50 53 47 60 15 71 35 10 62 58 21 52 74 70 56 20 72 46 55 39 73 1 0 48 61 3 42 12 69 57 44 26 7 4 59 9 51 43 17 24 28 37 27 64 6 22 33 13 14 36
27 49 56 41 2 35 30 70 54 44 11 3 71 64 61 53 63 32 59 10 60 48 15 47 68 69 20 67 19 8 6 50 37 22 21 65 25 38 39 52 66 29 36 31 5 17 45 23 18 57 33 34 7 4 14 1 73 42 55 62 46 58 51 72 12 9 16 24 28 13 43 0 40 26 74
23 62 55 4 52 53 37 30 64 33 24 72 28 42 31 29 71 1 38 41 67 21 10 51 68 34 22 16 56 6 8 32 59 49 2 5 74 14 69 39 12 11 43 17 27 0 61 50 47 36 7 35 9 15 66 65 54 44 63 73 48 45 13 26 40 20 58 18 19 46 25 3 57 70 60
56 60 74 66 44 4 31 52 64 20 33 30 71 18 40 23 58 37 19 11 2 38 70 17 10 9 73 65 51 25 49 39 3 42 55 53 43 27 62 21 15 32 0 29 16 5 41 57 34 22 6 28 8 61 36 59 69 13 63 67 12 14 24 72 46 7 50 45 47 54 35 48 68 26 1
65 23 58 30 53 7 16 21 28 19 48 71 67 25 51 31 27 9 22 32 35 61 14 72 46 20 42 34 24 45 55 26 11 40 39 50 6 52 1 62 12 73 59 37 47 63 5 2 57 49 66 54 15 64 43 10 18 74 29 17 8 60 0 69 41 38 13 3 70 33 68 36 4 56 44
54 29 52 23 57 6 43 47 60 38 63 28 10 71 25 18 41 35 70 3 42 61 51 58 68 4 69 1 13 62 19 20 55 39 56 74 22 50 34 30 5 53 48 31 64 0 36 65 17 33 11 45 59 44 67 7 26 66 24 72 49 46 21 12 14 8 15 27 73 32 40 9 37 16 2
70 47 57 16 42 67 68 33 49 58 53 10 24 51 1 69 12 8 5 15 19 56 17 25 74 36 50 32 46 44 66 13 63 48 43 60 72 28 11 18 52 38 64 45 7 54 29 37 0 41 34 6 22 21 65 23 35 9 27 2 62 4 73 14 39 31 3 55 40 20 61 30 26 71 59
2 32 45 23 41 18 61 8 68 40 6 11 42 28 5 19 15 12 37 48 54 33 66 9 55 4 16 20 47 3 27 57 60 73 21 31 7 10 30 25 38 63 43 39 44 70 49 65 71 64 1 52 72 62 53 51 29 0 35 26 14 17 69 36 59 56 67 24 22 34 46 50 13 58 74
1 7 44 53 48 54 68 0 62 18 37 35 20 69 67 58 74 40 49 57 55 64 60 2 61 5 66 28 10 4 14 59 21 34 50 3 22 70 27 19 17 63 29 9 30 42 6 13 73 39 46 12 15 72 45 36 56 33 71 16 47 43 52 25 41 51 65 26 31 38 23 24 8 32 11
69 54 10 16 27 71 25 53 58 2 33 50 49 21 52 12 55 67 20 6 60 63 62 64 57 28 74 37 31 0 19 45 68 36 18 26 32 56 35 29 66 39 15 34 30 1 47 38 14 61 42 24 17 13 65 11 73 22 59 4 41 5 9 48 70 43 23 44 40 46 72 3 51 7 8
55 37 65 29 42 58 45 70 25 20 3 1 60 73 62 53 40 13 31 33 46 66 57 24 14 15 7 26 44 71 43 50 64 38 22 19 2 34 69 17 49 9 12 18 4 72 10 41 32 16 52 47 54 27 74 8 36 56 21 59 68 6 35 5 28 61 67 63 51 30 11 0 39 48 23
