51
24 74 62 36 19 86 58 75 83 0 10 57 52 32 2 66 51 81 85 46 91 97 40 39 25 42 69 12 63 49 45 59 43 34 22 73 13 1 78 71 53 50 15 18 76 88 84 8 98 56 4 55 26 3 5 44 17 99 87 30 31 16 68 70 64 79 80 95 41 96 6 11 38 9 27 37 54 72 61 7 89 21 90 29 77 35 92 28 82 94 20 47 48 23 33 65 60 14 67 93
67 38 26 42 94 88 24 87 30 7 17 43 76 48 46 77 19 63 8 10 62 86 58 5 91 64 16 57 45 75 89 55 49 61 9 60 52 37 53 96 70 50 78 54 92 14 31 98 85 71 82 39 47 0 83 59 32 41 28 4 84 81 65 72 35 51 74 23 68 13 22 15 3 18 44 12 21 36 90 34 79 56 99 73 20 66 97 2 95 69 11 6 1 40 93 27 80 25 33 29
17 56 23 42 67 50 35 72 20 26 12 71 25 98 31 52 48 11 93 63 94 39 75 68 85 47 6 29 22 89 64 91 7 58 66 32 13 19 62 5 96 21 70 86 40 16 38 90 3 33 45 81 57 49 27 28 4 53 69 60 88 97 82 15 84 30 65 76 77 73 79 99 51 24 36 46 43 80 44 37 0 95 34 9 92 18 41 61 59 8 78 83 74 14 87 1 2 10 55 54
14 2 25 77 7 63 92 90 9 76 26 17 13 79 54 36 53 19 38 69 52 48 27 57 65 34 21 62 87 85 18 44 6 8 31 95 71 47 64 86 28 89 24 0 94 49 83 56 81 12 35 73 75 42 46 39 80 72 67 93 5 68 98 16 78 40 43 66 11 96 10 45 99 4 32 41 84 74 91 29 59 50 51 55 22 60 70 82 15 61 3 58 1 30 33 23 37 97 20 88
98 56 58 42 95 97 5 40 86 82 2 57 67 44 48 92 0 49 76 45 61 63 10 7 69 17 41 96 68 38 66 34 65 9 47 3 75 22 53 20 87 99 19 59 77 93 88 18 90 29 16 73 60 31 28 79 94 12 23 26 24 33 64 83 54 51 27 8 55 11 85 21 43 52 81 71 39 50 36 74 1 32 25 35 37 91 84 80 6 30 14 46 70 62 15 4 89 78 13 72
18 96 60 16 53 65 75 63 10 24 67 43 3 35 7 12 92 11 26 48 49 97 13 88 29 76 20 28 81 1 83 54 93 77 94 51 68 73 22 4 17 69 98 55 62 37 21 72 50 58 23 33 8 95 86 39 34 82 78 36 30 79 45 15 89 0 52 71 14 40 47 38 64 66 31 87 90 57 80 59 74 85 99 91 42 5 27 6 44 61 84 19 41 32 2 9 46 25 70 56
99 76 20 49 40 66 38 13 91 59 55 29 48 45 63 95 7 14 37 24 4 11 30 84 86 34 32 93 50 51 41 18 1 9 67 81 25 28 12 39 52 64 17 0 87 88 2 89 3 47 74 56 78 43 46 77 60 72 71 54 8 96 10 16 35 31 33 62 70 36 79 98 75 61 69 92 44 19 21 90 85 22 82 58 68 94 53 97 57 23 15 26 42 27 83 73 5 65 6 80
95 1 63 69 13 2 96 82 79 34 24 83 91 68 43 21 15 36 14 57 94 6 4 97 84 56 45 50 78 28 51 64 19 52 73 49 72 33 53 41 93 42 40 29 80 5 17 55 87 22 71 12 74 26 39 31 59 3 37 8 60 70 77 32 38 65 0 16 10 7 90 62 66 27 9 99 76 86 35 67 85 81 88 61 11 75 48 46 25 58 18 23 47 54 20 89 92 30 44 98
8 84 6 0 38 41 9 87 7 64 60 31 57 3 49 82 75 66 92 40 28 21 30 67 83 53 54 46 97 88 35 48 15 55 2 65 10 22 95 43 96 68 91 77 36 33 99 27 73 44 70 76 80 37 62 93 51 63 16 69 90 42 58 14 12 98 45 23 59 81 71 39 56 94 26 47 4 50 1 89 52 74 32 61 17 79 29 13 20 86 85 5 78 19 18 34 24 11 25 72
71 10 70 48 98 58 40 11 99 18 50 91 81 34 30 87 12 67 51 43 37 62 46 95 86 44 24 65 77 57 64 73 68 25 39 92 17 72 93 29 8 84 56 80 31 0 69 96 85 60 79 52 1 26 78 47 75 66 38 9 19 6 59 16 63 21 7 61 55 14 89 90 42 4 15 94 74 20 2 83 13 49 32 54 82 35 27 33 28 97 53 45 22 5 88 23 41 3 76 36
15 76 82 50 74 13 53 60 4 52 62 79 92 31 43 12 14 83 93 7 41 70 77 97 37 35 25 96 17 73 22 68 48 45 33 28 2 98 21 87 20 66 89 23 65 84 46 85 56 47 86 81 51 95 64 54 11 78 42 8 18 67 30 57 6 1 27 63 36 61 75 26 80 16 59 34 38 40 72 91 24 9 49 32 5 69 55 90 88 3 29 0 44 39 10 58 99 94 19 71
50 27 93 68 91 14 88 8 90 51 12 25 31 53 17 85 46 15 62 44 3 73 89 30 74 97 79 77 41 21 75 72 52 67 7 28 60 65 40 13 4 23 66 54 98 22 32 6 0 61 10 42 59 78 48 86 76 64 81 35 18 36 34 71 11 5 57 92 83 82 47 95 16 37 99 94 80 63 43 24 70 1 49 69 56 96 33 39 19 26 2 38 20 29 84 58 87 55 45 9
88 32 30 69 26 50 61 36 41 21 93 91 67 22 76 12 75 51 7 24 87 53 95 65 37 97 96 47 0 55 43 84 81 9 52 20 83 56 85 68 10 86 40 45 5 99 13 90 39 60 29 78 44 15 73 31 34 1 28 42 4 58 3 11 2 79 49 8 16 77 66 92 19 64 27 94 18 98 35 72 23 46 6 62 82 71 74 89 63 33 25 54 70 17 57 80 14 48 59 38
26 88 17 51 52 50 37 12 41 4 53 36 62 70 3 38 46 97 24 35 87 20 1 69 95 9 73 96 67 64 81 77 94 34 16 79 19 13 55 7 78 5 84 8 43 32 91 42 99 59 63 60 83 39 93 66 44 28 75 22 86 27 31 58 98 11 40 80 25 74 29 15 2 61 71 85 57 21 48 30 18 49 33 82 76 65 45 0 23 14 54 92 90 89 6 56 10 47 68 72
26 66 61 65 53 8 33 50 63 57 93 59 54 19 96 86 24 85 13 51 77 40 41 45 7 81 21 58 82 37 89 97 99 87 10 20 62 72 27 56 36 32 47 1 43 3 11 76 38 94 39 14 60 30 68 88 44 5 71 69 92 84 22 23 29 70 49 73 2 0 42 35 79 80 34 9 74 12 16 55 46 6 18 67 91 17 52 31 78 75 48 95 83 64 15 98 28 90 4 25
53 35 74 98 38 99 27 5 4 28 48 72 21 76 11 54 77 26 37 9 87 50 67 61 65 79 83 40 68 78 36 7 85 42 71 64 60 16 58 33 12 2 55 30 18 6 41 70 89 96 31 56 23 17 24 39 34 22 13 47 63 32 73 44 62 59 0 19 49 46 94 8 69 80 95 93 91 90 52 29 20 43 3 14 81 57 82 15 92 51 66 75 10 86 88 25 84 45 1 97
87 67 36 9 0 68 12 78 28 41 2 20 66 73 38 50 55 29 25 3 39 88 51 31 13 75 89 64 7 53 47 8 16 45 60 10 5 44 48 62 72 23 69 33 70 21 84 11 40 99 32 43 1 54 65 79 92 49 22 61 15 90 46 86 42 6 18 30 19 63 57 58 56 4 76 35 94 95 85 71 77 59 91 34 27 14 80 37 24 74 93 52 98 82 96 97 26 81 17 83
45 40 25 80 99 51 43 22 9 84 91 59 38 53 69 96 49 55 82 94 56 74 52 33 15 76 87 3 42 93 31 64 20 57 71 21 14 18 0 4 19 24 95 7 72 79 37 1 65 77 50 62 46 16 85 58 11 8 63 60 39 70 26 88 61 6 41 12 23 98 81 10 27 32 90 75 78 28 17 2 29 44 67 73 86 97 66 13 92 35 36 54 5 47 34 89 68 30 83 48
31 80 51 56 2 39 47 55 6 21 23 37 0 53 4 52 46 17 75 73 11 24 59 98 15 28 70 90 34 1 74 79 25 45 72 82 86 48 91 27 38 33 7 22 99 84 96 40 78 20 5 68 18 62 36 13 19 92 94 66 67 83 16 93 32 87 69 30 76 85 9 57 58 44 49 60 3 14 50 42 63 95 10 81 97 64 65 12 71 35 43 8 89 77 41 61 54 29 88 26
59 1 66 13 99 93 50 21 61 49 71 16 3 91 89 12 18 46 5 69 57 67 37 7 36 65 53 86 23 54 63 90 31 56 40 72 34 62 22 96 55 24 41 14 11 87 82 19 30 44 81 32 6 39 0 95 2 64 85 10 76 28 98 97 52 45 51 75 74 38 73 80 35 77 68 29 58 4 94 25 20 92 17 84 33 15 8 60 88 48 47 42 26 27 83 78 70 79 9 43
59 5 83 76 7 99 34 94 87 69 64 9 75 22 27 66 67 85 78 96 8 77 71 55 54 46 88 14 47 48 4 13 21 95 10 81 79 53 70 40 25 31 91 72 39 26 38 16 89 0 98 42 56 23 84 60 74 63 3 50 29 90 18 43 32 37 41 49 30 57 36 45 24 62 51 19 82 93 61 12 44 17 80 33 2 73 97 65 15 11 68 1 58 28 86 20 6 35 52 92
67 21 96 30 35 93 81 15 31 44 73 99 92 94 49 62 58 86 83 40 13 2 7 10 6 19 54 51 41 26 36 12 59 42 43 84 85 50 23 25 79 16 18 33 72 97 3 28 91 76 55 64 1 56 39 57 95 60 29 45 71 82 24 9 38 89 5 70 22 48 65 90 77 47 87 98 74 68 46 37 61 80 4 63 88 66 32 11 52 75 27 34 53 17 78 8 14 20 69 0
55 92 34 20 15 79 57 82 28 87 97 54 38 61 7 10 62 48 8 1 14 36 18 47 74 91 96 52 88 89 26 16 71 99 31 39 42 4 76 6 0 90 29 3 44 80 24 9 56 40 22 30 84 72 37 17 83 43 45 94 46 65 2 59 35 93 78 27 77 33 69 19 50 75 12 98 66 63 70 86 5 21 67 49 53 23 11 58 41 13 51 60 95 73 81 85 68 64 25 32
78 43 15 22 46 35 5 13 88 69 41 36 56 83 47 12 63 72 77 93 85 60 75 42 55 14 25 18 57 44 58 19 94 59 29 99 92 73 33 7 38 48 20 16 95 53 2 96 27 80 79 1 67 82 10 68 24 26 91 65 84 28 50 37 9 76 98 61 70 31 49 66 23 89 51 87 0 34 90 6 8 64 3 97 52 32 45 4 62 74 39 86 30 54 40 11 81 71 21 17
97 34 17 1 29 54 33 8 36 3 38 90 25 42 48 88 55 39 31 61 16 12 71 87 51 37 35 5 6 58 95 41 99 24 52 7 79 93 72 19 76 26 13 27 62 47 75 56 83 92 64 0 84 46 77 69 57 2 50 30 63 53 73 96 43 85 20 82 81 15 22 98 66 60 23 68 10 80 4 78 74 89 86 9 32 21 14 67 28 44 70 11 94 45 18 59 65 49 40 91
22 75 72 20 44 70 94 53 6 5 40 46 49 74 85 84 18 80 50 15 78 63 47 60 23 83 32 86 25 55 87 48 37 36 38 79 24 11 95 89 45 71 30 34 26 7 10 62 51 92 4 90 31 82 88 52 93 8 58 41 29 96 65 42 97 2 67 73 76 35 1 39 9 54 61 57 59 56 17 21 33 43 12 19 81 77 13 28 98 3 14 69 0 99 68 66 91 27 16 64
98 57 44 85 66 76 28 89 32 26 81 90 18 79 43 72 91 21 40 95 65 46 70 49 67 35 83 24 17 75 86 97 1 80 82 99 19 96 20 64 15 55 22 53 88 11 4 25 33 59 16 62 71 94 10 39 23 77 58 12 30 38 48 8 52 29 73 31 60 2 42 47 37 74 51 87 13 41 9 78 68 54 92 27 56 84 0 34 93 45 5 14 3 36 61 69 6 7 63 50
64 11 66 41 73 43 10 25 93 86 36 60 82 68 13 98 37 84 17 2 34 71 8 67 90 58 76 22 99 21 26 29 4 32 77 54 51 88 3 30 96 80 89 91 70 9 14 16 87 12 35 24 78 81 59 0 23 1 94 15 92 52 72 83 5 74 40 42 95 69 61 55 44 49 47 48 19 6 46 45 33 65 53 27 39 31 85 63 50 97 7 28 75 57 62 56 18 79 38 20
57 16 47 49 55 63 70 24 54 88 71 5 19 13 17 93 84 2 33 59 20 23 38 36 7 90 86 87 42 31 14 79 52 58 64 43 37 4 11 50 8 32 56 41 76 53 27 98 68 39 1 3 91 10 6 94 69 75 89 34 73 48 62 28 15 77 65 80 99 30 21 92 12 81 60 66 40 97 83 78 95 51 67 96 35 85 82 25 29 61 0 44 45 9 26 74 22 72 46 18
45 95 3 21 68 54 23 25 37 86 32 26 93 73 24 71 72 96 59 43 49 74 89 62 5 92 34 82 38 97 14 88 4 12 17 27 61 98 66 46 15 1 60 28 29 67 42 69 44 20 81 11 52 91 78 51 50 75 40 76 63 83 31 94 58 85 18 7 87 70 8 47 10 13 57 48 80 30 9 6 53 41 2 56 36 79 35 33 77 55 90 64 16 39 0 22 65 19 99 84
18 97 0 20 71 89 51 60 90 55 4 86 79 36 62 58 5 75 78 34 91 85 46 22 27 14 64 48 93 95 40 9 65 87 42 82 59 39 8 94 3 1 6 57 32 83 25 10 17 53 56 26 80 96 16 67 38 45 7 99 43 92 28 68 72 12 63 52 66 88 54 30 84 81 15 33 98 76 2 35 61 47 77 69 13 11 70 44 41 50 74 31 23 29 19 21 24 37 73 49
2 16 93 11 27 44 77 36 42 30 75 57 91 90 61 28 98 86 52 0 35 37 17 47 70 9 19 22 65 34 84 46 12 72 8 87 71 68 95 5 29 78 33 64 89 54 66 4 74 7 13 25 85 92 14 50 41 63 69 73 40 45 26 76 38 88 94 51 60 39 3 23 18 59 97 31 24 21 53 67 79 56 81 1 62 15 43 96 20 83 10 6 49 99 82 48 80 58 32 55
1 31 4 48 0 25 5 34 60 33 96 86 61 7 77 16 8 43 28 50 92 40 80 54 36 49 93 23 97 14 46 37 21 98 91 78 63 19 95 52 75 58 65 45 42 66 18 26 35 6 94 29 10 82 12 73 69 89 9 56 79 24 90 30 84 44 62 67 87 64 88 3 85 81 13 68 83 51 27 99 72 38 55 53 71 47 70 32 74 2 22 41 39 76 15 59 57 11 17 20
94 53 70 33 7 6 55 69 59 46 39 43 74 56 65 99 82 9 89 14 41 60 37 64 11 40 1 79 8 72 83 68 35 76 42 52 48 15 22 10 20 85 86 0 95 91 77 87 23 58 21 49 27 75 30 4 45 25 3 96 54 73 50 34 16 97 24 32 61 63 12 62 29 57 36 80 26 81 17 90 93 44 38 71 28 98 13 51 66 67 47 92 5 2 18 19 84 88 78 31
0 67 22 63 52 34 54 33 76 39 93 13 32 78 59 81 85 60 86 83 10 51 38 23 1 14 28 72 65 35 58 99 26 97 50 4 84 56 3 74 75 7 37 96 98 24 42 49 69 90 2 15 48 71 41 9 89 30 45 55 82 91 66 12 36 95 29 18 8 25 53 17 5 64 87 94 21 27 70 16 62 6 77 92 40 43 20 47 44 57 68 31 61 73 19 46 80 11 88 79
5 29 20 63 51 2 82 48 39 16 92 34 71 38 44 60 47 27 86 46 58 69 68 64 98 33 55 97 93 99 18 4 73 80 59 42 41 36 40 30 95 79 74 3 53 26 19 89 35 22 24 76 72 6 67 50 84 78 17 37 87 49 96 88 8 11 0 7 94 66 54 81 43 90 23 85 75 1 77 10 62 57 65 28 21 15 61 52 12 9 32 31 25 13 83 70 56 14 91 45
59 13 39 77 57 99 17 41 23 42 68 87 26 46 24 4 38 45 33 86 44 30 35 16 65 49 58 51 48 18 0 88 56 73 75 21 10 95 85 64 69 61 3 62 8 70 27 2 89 81 50 94 32 47 63 91 11 96 66 74 43 71 25 12 79 82 7 83 40 28 14 55 36 84 90 72 1 5 98 93 92 54 52 80 97 22 53 19 15 60 29 37 78 6 31 20 67 76 9 34
87 19 52 1 48 5 79 91 31 98 57 88 0 77 64 23 96 30 38 83 2 21 85 44 22 67 54 75 93 7 25 97 92 35 34 74 82 47 4 59 51 15 18 16 86 70 14 12 20 28 26 63 89 94 72 11 32 95 99 6 33 9 3 81 78 53 39 45 90 50 42 68 58 56 37 17 73 55 66 62 69 49 8 10 65 61 46 13 24 40 43 84 80 60 71 29 36 76 27 41
26 25 61 72 89 37 57 39 33 97 5 68 73 36 21 47 55 42 54 1 3 31 50 7 85 48 35 8 4 19 16 0 20 64 34 13 66 32 56 28 51 60 59 10 27 14 84 43 30 67 69 77 65 29 58 96 99 74 40 2 52 49 98 88 17 9 24 62 38 46 79 12 95 18 76 70 23 81 91 22 82 83 78 41 75 44 71 11 92 6 53 87 94 45 90 86 63 93 15 80
71 45 2 8 64 32 53 81 11 44 18 91 29 6 83 47 3 59 65 48 41 10 22 97 92 58 56 1 7 61 68 4 89 24 98 13 28 55 69 5 51 43 82 34 74 57 31 77 21 16 14 63 15 79 19 38 99 35 87 76 93 85 50 30 86 95 12 17 26 46 23 40 84 39 66 72 37 20 0 60 70 78 67 96 42 73 52 33 49 54 25 80 62 75 27 94 9 88 36 90
55 71 97 70 40 22 49 67 0 19 63 51 66 6 14 88 37 90 45 36 20 32 3 98 2 16 91 81 82 9 77 34 93 30 39 54 86 8 72 33 5 42 99 60 68 29 79 83 46 28 96 1 69 24 35 23 57 92 13 85 74 26 80 41 4 12 75 76 44 43 25 11 21 89 59 38 10 31 50 58 18 52 65 84 94 53 7 62 27 17 48 87 61 64 56 95 15 47 78 73
73 34 3 61 92 4 49 22 18 84 21 25 37 79 75 91 24 38 19 72 69 71 26 2 86 77 80 20 13 59 10 66 88 78 74 11 67 87 32 89 55 15 43 97 51 83 44 48 35 28 31 7 6 5 64 85 52 9 54 60 94 53 56 36 65 0 33 8 93 62 98 57 29 16 76 70 12 96 47 46 81 82 1 58 14 42 45 23 39 63 99 41 68 40 95 30 90 17 27 50
62 59 96 3 25 84 72 55 53 91 37 60 15 66 11 29 79 64 13 67 16 69 21 10 0 54 6 90 63 76 18 45 1 17 87 28 92 73 41 58 31 7 42 34 27 4 70 19 35 61 5 43 48 77 65 93 95 99 49 81 75 94 86 85 2 88 78 46 98 97 71 47 40 32 38 80 50 52 36 12 44 56 74 57 33 39 51 9 89 22 30 14 68 83 8 82 23 24 20 26
18 33 84 95 67 45 86 29 13 31 58 93 8 80 98 34 9 73 25 68 87 26 17 61 53 51 36 11 72 20 55 22 24 77 49 23 10 81 12 99 62 50 28 4 3 94 96 71 0 27 52 6 82 60 2 47 39 1 64 63 7 44 48 41 59 92 74 37 46 54 75 76 5 78 40 97 85 30 89 66 88 21 35 83 42 90 16 57 79 70 91 15 38 19 56 43 32 69 14 65
71 69 21 32 76 93 42 65 25 46 4 8 87 24 54 15 0 75 59 35 30 50 22 86 62 43 2 91 92 60 70 6 48 52 51 61 9 99 45 39 3 33 17 67 19 88 40 73 23 49 95 90 57 56 64 53 79 68 78 16 63 27 66 89 81 47 82 36 18 14 58 12 84 10 97 20 96 80 41 72 83 55 98 29 1 38 31 37 85 5 7 77 74 34 44 11 28 26 94 13
48 44 70 84 80 65 72 4 69 42 68 2 45 12 74 39 43 6 11 55 27 95 82 86 28 61 31 49 34 22 3 24 33 50 1 40 46 51 96 76 59 77 94 29 7 17 20 41 52 23 14 13 87 67 16 90 97 30 25 73 75 91 36 8 56 78 53 21 37 83 62 47 89 60 88 79 66 5 9 63 99 19 26 98 57 10 18 64 0 35 85 92 58 71 15 93 32 54 38 81
78 57 50 48 94 23 76 28 64 60 81 86 73 39 62 72 25 91 55 16 21 38 11 97 70 9 93 6 84 85 56 89 44 12 26 36 96 0 65 69 35 30 42 43 67 34 40 54 20 95 7 88 17 98 63 2 45 14 37 31 68 4 53 3 29 1 92 58 66 90 77 74 46 33 52 47 71 5 8 24 41 32 79 15 61 99 10 87 83 80 49 75 19 13 82 59 18 22 51 27
82 33 14 97 25 98 34 77 5 51 3 64 38 4 73 28 39 89 7 52 47 90 1 21 42 61 58 6 2 74 30 80 95 91 23 26 18 20 40 41 62 48 76 49 36 12 83 44 11 65 0 17 93 94 46 45 29 79 85 67 70 75 86 9 32 13 22 87 56 81 54 10 66 55 24 50 57 78 31 99 92 71 84 68 59 88 72 96 37 63 16 27 19 35 53 43 15 8 60 69
88 6 28 80 91 11 14 61 31 94 26 52 21 13 1 96 70 83 15 65 75 71 30 78 74 36 33 44 50 27 0 92 97 38 57 60 81 42 37 56 53 84 16 12 18 7 25 8 93 79 20 87 59 89 58 22 46 63 4 98 67 90 35 10 68 51 99 76 62 64 48 39 41 2 55 3 82 9 66 85 45 17 72 40 32 43 5 34 77 54 29 47 23 86 95 49 69 24 19 73
60 45 13 75 11 4 80 41 58 47 88 42 65 35 71 97 55 26 92 38 61 2 43 52 62 12 30 6 85 87 46 64 83 76 16 31 98 24 56 70 40 91 93 8 99 36 27 54 49 95 15 23 28 1 74 73 18 79 44 82 14 5 78 59 66 68 48 53 10 69 51 25 29 81 63 50 37 21 17 34 72 89 9 20 57 39 94 77 7 0 32 84 19 67 33 22 90 86 3 96
67 32 93 54 88 20 33 62 30 45 41 73 11 40 96 19 18 29 17 21 91 70 31 84 59 86 97 5 69 34 71 82 89 60 77 83 9 81 0 57 79 13 74 68 38 55 53 98 65 22 76 48 12 8 3 24 25 72 49 75 63 90 26 87 43 23 14 27 95 92 85 66 4 7 47 35 78 42 58 80 15 1 28 52 51 10 36 64 99 44 6 37 61 94 2 56 50 39 16 46
