51
0 4 46 34 35 24 9 27 44 5 3 30 2 28 8 40 55 31 13 7 23 1 47 38 42 48 41 36 43 51 45 19 11 17 10 32 21 52 53 37 15 49 16 39 29 20 50 22 26 54 18 14 33 6 25 12
6 19 5 2 49 36 46 39 7 0 22 31 41 30 3 40 42 32 34 9 8 17 28 20 18 11 53 13 23 52 21 55 25 29 12 14 47 24 38 37 54 50 4 26 48 35 43 45 16 1 51 44 27 15 10 33
32 15 5 47 10 39 21 42 38 36 28 48 55 33 46 17 8 43 54 50 7 53 4 40 2 3 25 6 14 19 11 45 12 13 37 16 0 31 35 27 18 51 1 30 23 20 52 24 44 26 41 22 9 29 49 34
23 2 40 32 18 35 39 28 4 24 17 19 25 21 49 15 13 43 1 14 30 5 33 37 31 8 9 42 16 12 0 54 6 3 20 46 48 27 55 47 11 26 34 22 52 10 41 7 51 50 36 45 44 53 38 29
7 53 32 30 26 47 13 27 9 28 46 36 34 10 35 14 50 51 24 11 31 1 55 18 33 15 41 45 5 49 39 43 22 19 4 16 21 54 37 12 40 42 2 8 38 52 17 29 20 25 44 48 6 0 3 23
50 5 42 38 18 16 26 9 34 45 30 36 13 0 27 10 14 51 48 41 11 20 35 32 15 6 4 2 22 55 3 28 12 37 17 24 29 43 39 31 44 53 21 47 25 1 40 19 8 33 23 46 54 7 52 49
2 26 29 38 15 47 54 12 32 49 0 55 51 17 46 20 18 6 9 13 25 48 34 16 7 37 4 24 33 8 36 31 52 10 53 22 14 50 42 44 27 30 3 40 23 35 11 41 19 21 39 1 5 45 43 28
26 10 5 19 40 23 49 38 30 28 37 39 43 25 42 22 32 7 47 6 17 50 15 18 1 46 31 45 21 33 9 48 13 44 41 14 16 0 4 51 34 24 8 27 35 55 52 3 2 20 53 29 11 36 54 12
26 23 15 39 45 54 35 18 48 14 49 20 31 34 44 36 9 13 19 1 7 24 11 2 12 51 17 27 50 22 52 42 30 3 10 33 8 43 21 55 5 47 41 32 6 40 29 38 28 25 53 4 16 46 37 0
31 50 4 14 26 24 37 23 21 52 34 13 8 28 44 20 41 5 51 54 40 30 2 16 32 3 55 18 0 29 7 25 17 47 42 45 15 35 38 1 36 48 46 6 10 19 11 9 22 12 27 33 39 49 53 43
26 28 52 3 20 22 19 45 35 53 49 32 17 39 0 47 13 2 9 21 1 23 30 36 4 10 46 29 44 33 25 41 5 40 18 15 54 8 42 37 31 38 6 55 11 24 50 16 12 34 51 14 43 48 7 27
51 34 3 52 9 33 6 39 30 45 41 54 27 31 10 22 35 42 43 40 37 13 21 11 0 44 50 4 47 29 38 25 24 8 16 7 18 14 55 1 26 12 32 48 36 19 2 53 5 20 28 23 17 49 15 46
48 53 19 18 4 0 51 2 22 11 24 50 15 9 40 21 20 46 34 35 36 27 23 5 43 12 38 16 55 30 31 49 32 33 8 39 14 3 25 41 26 6 45 37 54 1 29 7 47 44 42 13 28 17 52 10
50 53 37 40 1 36 3 38 39 12 15 30 52 2 26 32 54 48 28 31 34 45 43 21 4 8 7 6 49 9 18 11 29 17 44 55 16 25 51 35 10 22 46 47 42 23 27 0 33 20 14 13 24 5 41 19
24 6 3 38 2 43 28 30 39 26 12 36 4 7 40 54 33 51 13 49 55 18 16 44 37 34 46 19 47 31 8 9 53 48 52 0 11 41 14 29 25 17 5 10 35 32 15 50 42 22 1 45 20 23 21 27
23 32 25 10 2 31 5 52 51 11 9 12 37 53 54 3 26 45 16 4 35 13 28 40 20 19 1 22 55 41 17 38 43 15 39 49 42 24 8 21 44 7 6 33 14 29 47 50 18 34 30 48 36 46 0 27
23 19 21 32 31 27 10 0 20 38 39 35 26 52 6 42 46 28 8 11 36 17 41 25 43 9 37 55 22 13 5 3 4 16 47 40 15 45 54 24 33 29 51 34 18 48 2 44 12 30 1 53 7 50 14 49
47 34 39 45 46 38 27 5 31 13 3 35 8 19 18 49 42 4 29 24 40 6 0 48 36 50 14 16 9 41 53 10 17 44 22 51 1 12 11 26 30 43 55 33 23 20 32 52 2 54 21 28 37 25 15 7
15 44 13 2 39 19 5 33 32 47 46 4 48 28 11 21 18 20 24 51 30 52 17 7 14 41 35 27 34 23 1 22 55 6 50 9 37 8 38 3 25 16 49 31 40 10 53 26 36 45 43 54 29 12 0 42
42 14 53 6 55 54 22 12 9 35 33 0 10 52 26 13 46 29 16 49 20 31 23 19 47 30 34 37 39 3 50 5 4 27 24 38 28 18 11 45 51 43 36 8 7 1 21 15 25 44 2 41 17 32 48 40
37 14 9 41 50 33 7 23 20 39 45 55 6 21 28 49 8 10 12 15 51 34 42 46 2 17 16 22 5 32 11 13 44 25 35 3 27 53 30 0 24 47 31 29 38 18 54 43 19 48 26 36 52 4 40 1
44 38 16 52 15 9 46 39 26 35 10 4 45 7 30 27 48 22 23 12 28 33 37 32 53 6 19 41 51 11 54 8 49 5 29 31 2 18 47 21 43 1 14 20 17 3 50 34 25 36 13 0 55 40 24 42
18 48 22 16 35 6 24 45 8 25 44 10 14 4 32 33 27 13 21 42 36 15 26 37 20 3 41 23 54 31 39 9 53 17 47 55 29 0 30 50 2 28 40 38 19 43 7 11 12 49 5 1 34 52 51 46
22 29 8 7 40 42 38 2 16 54 9 48 31 26 32 37 23 21 18 49 43 45 35 1 41 53 24 33 6 11 10 44 39 0 30 17 50 13 51 27 12 4 25 15 55 36 47 46 28 3 20 52 34 5 19 14
22 42 17 27 46 30 40 26 50 21 53 39 8 1 55 35 24 37 15 31 20 51 32 45 14 52 36 0 48 28 47 11 6 18 44 3 54 10 49 25 4 34 33 29 23 16 5 7 43 2 41 38 12 19 9 13
39 21 9 43 15 42 38 0 13 46 37 40 24 34 14 51 4 7 55 8 32 41 30 6 36 47 54 17 2 31 25 28 23 11 18 3 20 5 1 35 10 45 33 26 19 48 53 22 27 44 49 16 50 29 52 12
25 6 49 0 24 20 15 8 14 46 55 32 10 9 19 18 47 13 30 7 26 22 21 27 51 38 34 36 28 1 43 5 3 2 42 40 17 12 29 48 33 11 4 53 37 35 16 41 50 44 52 54 39 45 31 23
50 37 42 3 51 11 2 36 15 29 27 49 41 8 34 38 17 39 30 35 23 28 32 5 20 33 9 24 10 6 31 44 52 43 54 55 26 22 16 47 0 53 25 13 12 18 21 7 40 1 19 45 46 14 4 48
36 5 24 8 32 33 11 54 35 23 44 18 25 10 29 38 19 41 42 26 46 34 17 22 14 7 48 39 40 6 13 45 51 1 27 31 43 3 0 52 15 37 53 4 55 49 9 16 21 2 12 20 47 30 28 50
43 48 12 11 51 37 35 45 7 42 18 52 47 49 46 26 27 0 25 13 23 9 54 20 4 40 32 53 24 33 30 16 38 22 36 14 31 6 21 29 5 39 19 17 8 44 41 10 50 1 34 3 15 55 28 2
37 4 18 35 42 41 34 25 7 22 24 17 19 28 21 39 8 23 36 9 14 45 16 38 2 47 54 32 15 10 5 30 0 12 43 55 31 26 1 20 6 33 50 13 44 48 49 52 51 53 46 27 3 11 40 29
51 37 7 3 9 45 20 29 15 11 25 4 39 34 44 46 54 50 30 2 53 47 27 1 26 52 33 17 43 13 22 35 24 18 0 40 14 21 12 41 55 36 28 5 38 31 19 23 16 48 49 6 42 32 10 8
40 44 37 26 18 31 43 46 29 4 33 13 55 54 17 10 38 15 50 12 39 27 47 1 49 53 3 14 23 24 19 28 32 20 36 30 7 52 25 41 16 8 45 35 9 34 21 2 22 11 48 51 6 0 5 42
22 35 54 34 41 25 38 52 53 19 13 37 43 32 40 6 8 16 36 30 33 15 50 4 0 49 18 29 9 2 27 5 3 55 39 10 21 11 7 42 12 24 51 45 14 17 23 26 28 48 47 31 46 44 1 20
1 48 26 25 16 28 24 9 34 41 10 37 31 2 47 13 43 52 30 8 5 49 38 53 32 14 40 19 3 50 44 7 35 29 36 11 55 33 46 20 4 51 42 0 12 17 54 6 23 39 18 27 21 15 22 45
33 3 0 23 29 28 1 15 21 6 7 52 9 18 35 4 30 13 43 19 54 42 40 20 34 8 53 39 32 24 50 47 17 36 12 11 38 27 49 26 51 14 46 37 55 10 5 44 2 25 16 45 48 22 41 31
1 54 19 18 8 51 4 50 14 53 46 22 35 36 17 32 21 38 27 44 40 45 12 20 39 5 25 13 42 33 6 0 37 16 34 47 30 43 10 26 23 55 11 41 31 28 29 48 49 52 3 2 24 15 7 9
19 22 26 48 38 46 32 49 16 13 43 4 37 52 53 28 33 20 31 0 55 2 5 50 35 25 15 23 40 54 9 29 7 14 44 34 18 24 3 30 51 36 6 11 10 12 41 17 1 39 27 45 47 21 8 42
51 43 42 13 53 20 36 7 38 12 37 21 25 6 28 24 52 15 33 40 16 32 1 34 39 55 5 50 29 18 14 35 46 2 19 26 48 0 11 23 8 30 9 44 31 54 45 10 22 3 4 49 47 17 41 27
40 5 20 33 43 0 21 47 29 45 53 46 28 48 17 52 9 41 7 37 18 39 13 4 8 49 11 22 26 55 51 15 24 27 30 31 12 38 6 42 36 14 44 1 25 3 19 10 50 23 54 35 2 16 34 32
50 22 55 54 37 35 27 20 17 32 51 31 9 21 52 53 36 8 5 38 29 47 6 18 25 48 12 14 11 3 30 19 4 2 0 16 26 24 44 15 41 45 10 23 1 49 33 40 42 7 34 39 13 46 43 28
20 17 22 36 46 1 28 12 21 30 11 54 55 29 0 13 32 4 25 39 52 6 23 48 49 38 10 18 44 9 41 3 7 15 51 31 24 47 8 50 34 37 35 33 14 2 53 42 45 16 27 26 19 43 40 5
55 43 10 49 24 1 12 39 33 50 41 40 37 29 52 45 38 22 16 46 20 6 34 48 21 31 23 3 11 15 51 35 26 14 30 36 42 4 27 7 18 17 28 9 8 32 13 0 19 53 54 25 5 2 44 47
31 16 21 11 30 24 27 10 6 53 54 5 18 40 12 42 45 36 50 29 13 17 0 34 41 19 46 20 52 44 38 49 25 33 51 8 4 35 7 9 14 3 48 43 15 22 37 1 47 28 39 23 2 55 32 26
31 5 55 15 2 24 32 34 45 10 39 6 27 51 42 36 14 18 22 44 12 52 29 17 35 13 49 20 37 9 40 23 4 11 47 25 54 43 3 48 26 38 28 8 19 41 16 33 7 21 50 0 46 53 30 1
11 12 43 28 51 41 29 47 18 13 8 21 38 34 37 42 26 22 52 32 23 46 35 9 25 49 15 3 19 50 36 27 7 40 20 16 30 0 4 24 6 44 53 48 1 39 10 2 33 5 31 17 14 55 45 54
31 22 20 12 16 19 41 36 8 28 4 17 21 30 27 39 13 53 52 1 43 35 5 6 38 7 15 3 2 49 33 50 45 48 32 9 0 34 24 51 40 55 25 29 54 23 14 11 46 44 37 47 10 42 26 18
17 12 29 51 45 32 26 14 44 4 7 48 18 11 3 20 35 27 52 2 49 43 1 24 13 41 0 15 21 54 55 34 46 6 8 23 47 28 25 22 16 10 39 30 42 40 9 36 19 53 38 5 37 33 50 31
13 39 0 43 5 23 10 29 51 54 32 48 37 30 26 24 55 15 17 9 25 38 46 52 28 2 47 16 34 7 4 6 36 1 31 42 3 35 18 49 20 44 12 53 40 21 19 45 14 8 22 50 33 27 11 41
33 1 13 7 28 5 9 29 39 11 26 12 8 40 36 6 42 22 0 19 20 10 21 46 25 15 31 24 53 23 18 48 2 54 35 45 17 51 47 37 34 32 3 49 27 55 38 4 14 41 44 43 16 50 52 30
18 10 38 30 23 46 3 43 28 17 2 35 19 9 40 47 34 53 32 52 45 54 25 37 29 11 24 27 16 50 12 31 33 5 7 22 48 51 4 55 41 15 26 13 1 20 36 8 14 44 21 49 0 39 6 42
