51
15 45 67 23 14 36 68 65 49 32 55 22 41 30 57 69 39 58 17 53 2 38 47 59 11 0 31 33 4 42 63 5 54 25 20 60 56 26 21 27 34 52 7 8 61 62 50 66 71 35 43 3 70 44 24 1 10 64 48 6 28 19 12 9 16 18 46 51 40 13 29 37
38 10 7 57 1 15 35 59 13 2 51 65 61 19 24 48 54 60 34 53 64 58 8 17 66 68 28 21 31 42 44 16 43 9 27 20 52 49 45 0 50 39 29 36 5 6 26 63 46 3 4 41 67 14 25 37 40 71 55 12 69 11 62 70 32 56 47 33 23 22 30 18
54 22 28 55 27 60 53 47 51 31 56 1 9 52 39 40 11 18 25 41 14 4 61 36 13 64 12 10 42 21 67 6 58 17 45 48 57 5 38 63 2 8 7 68 66 20 49 35 59 71 65 0 19 15 69 24 50 3 32 37 70 44 34 33 26 29 46 62 16 30 23 43
35 51 24 16 40 64 48 18 30 0 21 17 12 66 47 28 53 22 25 58 49 70 56 1 50 45 26 10 42 54 46 9 60 15 69 13 68 67 20 52 36 41 43 8 32 59 2 39 6 23 14 11 71 5 62 4 61 31 57 7 65 55 33 34 27 19 29 44 63 37 38 3
41 66 59 50 64 68 7 60 31 2 23 45 67 29 10 27 21 11 6 32 5 37 33 16 19 71 1 18 28 40 58 20 55 53 39 22 52 46 51 48 24 63 13 25 57 8 30 35 9 43 4 62 15 14 12 3 56 69 44 38 17 36 34 42 70 54 49 0 61 65 26 47
64 49 68 35 3 41 70 13 30 25 55 62 17 51 42 15 50 44 0 29 34 27 32 47 39 57 21 9 60 48 43 53 28 67 36 31 18 20 12 16 26 37 33 65 59 11 2 46 71 66 8 45 1 5 38 61 6 40 14 23 10 58 24 63 69 7 54 52 56 4 22 19
13 24 7 38 39 63 56 14 20 40 53 8 0 42 32 22 34 1 60 15 30 12 4 26 70 36 3 41 48 66 18 52 43 27 55 25 67 59 46 19 54 16 61 49 21 57 17 28 68 71 65 10 23 51 9 50 29 37 64 69 44 58 5 35 62 45 2 33 6 31 11 47
34 44 52 59 53 35 36 25 42 68 28 22 29 24 56 38 9 69 46 61 55 65 21 49 39 26 47 40 41 45 3 12 51 43 57 5 18 66 17 7 14 67 54 27 6 63 10 30 15 23 37 58 64 50 0 16 4 1 33 71 32 19 31 2 8 48 13 20 70 62 11 60
15 50 10 66 56 39 28 5 45 30 6 35 27 51 37 49 48 52 23 53 41 13 65 31 12 34 2 3 8 43 19 36 46 17 68 26 54 44 42 59 40 9 4 70 25 7 60 33 1 32 11 47 16 64 24 67 38 57 18 20 62 55 29 21 61 14 22 58 69 63 0 71
26 33 7 34 20 55 18 1 19 14 46 60 50 27 21 36 29 10 43 3 48 28 45 40 51 44 35 13 67 63 57 30 71 62 64 54 69 70 12 37 25 39 16 11 61 5 6 15 59 24 4 31 23 52 2 9 8 65 38 0 58 47 53 68 17 66 41 56 32 49 22 42
13 35 69 52 47 50 55 56 45 42 48 68 23 33 57 6 36 15 20 66 2 71 16 34 67 39 53 4 32 18 70 49 9 37 25 54 59 1 11 10 21 14 7 29 41 12 30 40 62 44 3 24 65 0 38 22 17 61 64 27 5 19 8 63 26 28 60 58 46 31 51 43
3 21 2 49 10 44 30 25 38 42 68 6 51 37 60 7 28 11 57 0 15 17 69 34 18 70 63 55 43 50 62 71 47 39 59 53 8 26 36 58 65 45 52 32 1 23 27 19 64 22 4 9 48 66 31 24 46 41 20 67 56 61 54 14 40 35 12 5 29 16 13 33
21 39 40 67 42 48 24 3 58 8 47 16 15 63 55 33 38 65 71 68 60 22 62 25 50 32 20 44 41 9 13 5 17 51 26 53 28 11 69 43 7 12 34 70 2 45 64 49 54 29 19 14 4 23 52 27 59 57 1 36 6 56 30 61 0 31 35 46 37 10 66 18
54 58 43 39 70 47 34 71 44 38 23 22 53 40 46 10 1 30 32 4 56 5 45 13 24 20 27 66 49 51 16 3 62 64 15 67 9 14 42 50 6 21 33 57 31 60 36 29 55 25 12 7 28 68 0 37 2 69 48 18 26 8 52 41 35 59 19 61 63 65 17 11
16 30 7 2 13 49 44 1 61 17 51 50 41 28 58 64 4 20 40 11 3 59 31 70 22 65 25 60 12 39 34 18 47 63 45 33 68 54 24 0 19 38 21 42 32 62 48 8 36 69 67 56 46 14 6 29 9 26 15 43 66 55 53 5 23 52 27 71 35 10 57 37
13 50 45 33 6 35 37 17 1 3 29 63 69 11 19 52 44 36 70 18 31 67 47 25 60 42 14 49 5 58 68 57 38 15 2 61 62 65 34 41 20 26 23 12 16 4 59 22 30 0 48 54 55 21 56 7 28 71 51 9 32 46 43 39 27 24 40 64 10 66 8 53
39 34 18 50 5 57 68 63 48 69 19 32 44 17 3 29 43 30 36 35 21 38 20 41 67 52 23 58 31 66 55 71 22 64 2 40 8 62 4 7 10 9 24 13 14 49 53 46 56 6 1 28 70 15 65 27 45 60 54 37 11 12 51 61 0 42 33 47 16 59 25 26
57 36 37 38 33 13 67 8 65 31 22 45 1 71 53 61 30 70 51 3 23 29 5 7 43 26 0 35 66 69 18 32 16 64 24 52 50 59 68 42 47 6 19 9 48 56 41 21 63 55 15 28 11 40 10 58 4 12 54 17 25 27 46 2 39 20 62 44 60 14 49 34
48 20 31 66 1 26 71 65 30 60 2 34 36 11 56 67 23 13 59 33 39 58 50 69 43 18 68 62 38 61 7 70 40 41 10 0 46 6 57 22 3 15 52 16 51 54 5 47 44 17 49 25 35 12 63 27 29 42 19 32 14 4 9 8 21 55 24 45 28 37 64 53
41 61 63 32 51 64 30 31 17 24 37 29 11 65 18 7 10 69 44 57 52 36 68 40 1 27 59 39 53 55 2 71 33 62 16 22 58 49 42 20 9 14 15 67 60 0 34 70 6 43 23 26 66 50 8 35 21 48 4 28 5 38 45 12 13 47 46 19 56 54 3 25
33 9 16 62 26 70 35 45 48 71 15 24 19 13 65 43 7 0 52 18 40 2 32 49 47 50 25 53 21 6 39 34 57 55 31 23 36 22 38 56 64 5 11 3 12 51 8 14 66 4 28 10 61 58 37 41 69 68 29 30 63 1 17 44 60 27 67 46 59 54 42 20
58 16 21 64 69 20 70 32 15 67 10 28 37 39 14 52 35 47 7 59 68 25 4 53 19 54 61 22 44 62 42 33 17 34 49 65 46 2 56 36 41 29 26 31 38 9 13 60 3 6 27 1 0 51 18 50 40 43 5 55 57 45 8 30 71 23 12 48 66 24 11 63
3 62 41 0 37 57 54 25 19 39 5 48 31 4 45 44 66 15 65 70 35 36 21 13 9 26 71 47 10 46 59 60 2 50 27 18 8 7 64 43 34 28 22 24 58 32 40 17 51 16 11 1 67 63 33 52 68 23 6 55 20 53 56 14 49 38 69 61 42 29 12 30
25 49 35 30 42 33 34 60 16 41 56 63 59 61 17 4 64 70 62 27 7 20 24 65 6 38 43 23 3 66 5 19 58 45 53 50 37 31 55 13 18 28 67 10 47 26 71 1 39 51 57 48 36 54 21 52 40 15 2 29 14 9 44 0 69 12 8 46 68 32 11 22
34 11 0 15 67 41 43 10 48 40 4 12 6 56 13 5 54 63 21 23 69 2 26 24 38 1 7 45 14 9 53 16 60 55 29 71 68 47 36 31 62 19 51 27 18 25 59 46 70 37 33 22 64 32 8 57 49 35 3 44 50 66 65 58 28 42 52 20 61 17 30 39
9 39 50 67 71 23 8 11 35 36 57 45 56 58 18 46 13 66 19 15 26 3 42 31 65 27 20 14 53 34 6 61 16 1 64 69 30 40 51 60 47 52 62 2 5 43 7 48 21 33 24 44 68 25 12 37 28 41 32 38 70 49 4 55 17 59 63 10 54 0 22 29
49 62 18 41 42 36 61 59 65 58 23 71 9 29 20 37 8 11 56 21 6 22 28 19 35 55 27 33 32 26 69 68 50 63 14 7 46 10 54 4 51 39 24 60 34 1 66 43 5 48 25 47 64 2 40 53 70 31 15 12 38 44 17 30 16 57 67 0 13 45 52 3
22 60 19 49 39 2 37 7 47 55 56 42 63 30 70 69 29 59 8 66 21 51 57 43 68 15 50 32 3 44 11 27 12 10 31 71 62 20 26 14 64 67 48 61 28 18 65 41 38 35 4 34 33 1 36 16 5 0 13 58 45 40 25 23 17 6 54 52 24 9 46 53
3 39 67 17 47 15 57 32 48 18 28 71 30 29 70 61 31 16 49 53 51 11 9 13 19 10 5 52 26 24 14 25 33 68 66 50 43 54 35 60 0 7 6 64 40 36 4 22 65 62 21 41 23 12 1 34 46 38 44 63 37 55 69 27 56 58 2 59 42 20 45 8
23 9 1 62 57 11 53 21 34 6 58 66 38 51 13 64 29 52 44 32 33 12 50 67 69 14 7 65 41 61 40 70 16 10 59 24 60 25 47 48 46 56 19 4 15 35 8 71 22 28 42 17 36 39 55 27 45 2 18 63 3 20 43 26 0 68 5 31 30 54 37 49
4 70 7 52 32 57 35 18 21 29 23 22 65 2 56 68 58 1 69 53 11 12 49 31 39 67 15 61 66 13 62 42 38 50 41 51 9 25 28 24 45 44 63 33 27 26 14 55 48 47 3 0 43 5 16 37 60 71 36 54 8 46 6 20 19 30 64 10 17 40 34 59
45 26 34 5 41 38 12 15 19 18 53 36 20 48 0 13 46 39 61 16 57 49 25 7 71 14 52 24 63 30 47 22 43 50 64 40 55 69 6 2 33 28 9 35 62 10 58 3 21 8 11 59 56 67 54 31 60 65 17 1 27 44 42 29 70 66 68 4 37 32 51 23
49 5 43 34 2 48 15 28 8 38 40 58 69 32 65 29 71 47 50 35 33 31 3 63 7 26 14 17 39 68 11 4 24 41 21 64 1 67 9 59 55 30 54 56 27 20 45 18 57 19 13 12 6 23 70 42 66 51 62 22 36 25 53 61 46 52 0 44 10 16 60 37
61 41 4 15 52 21 53 9 31 33 67 69 2 55 56 18 27 42 11 23 68 62 49 59 57 25 16 35 6 1 14 32 13 39 3 47 7 30 58 65 5 51 66 43 64 28 0 71 44 12 26 45 46 24 10 20 60 54 38 36 70 29 34 48 50 40 22 17 19 63 8 37
60 14 39 5 42 7 52 21 54 50 68 37 69 58 45 18 3 67 0 65 34 47 38 11 51 41 35 43 29 49 23 36 20 1 56 62 25 27 63 17 48 71 15 57 4 26 31 70 66 8 22 61 16 33 2 32 19 64 24 12 44 46 28 13 10 55 9 59 30 53 40 6
35 25 48 22 4 41 1 34 37 3 6 59 62 54 49 56 50 9 61 53 14 24 47 60 67 58 65 63 0 30 70 17 57 39 66 52 36 51 23 28 20 16 18 8 64 5 40 21 15 32 29 69 46 44 11 26 33 12 68 45 71 7 2 19 42 55 43 38 13 27 10 31
18 9 8 21 2 57 24 58 19 0 4 66 20 55 67 26 44 71 69 45 61 52 60 62 7 14 27 68 70 48 41 63 29 59 34 13 17 36 35 54 40 28 38 49 16 47 23 37 53 6 15 56 39 46 31 3 32 42 1 12 33 43 10 64 65 30 11 50 25 5 22 51
31 18 57 15 44 64 58 55 43 30 1 20 24 3 47 33 17 59 71 9 2 29 5 23 45 62 11 32 16 37 25 35 65 54 50 61 40 0 49 52 46 8 27 63 67 36 7 38 48 51 66 10 34 19 68 60 6 21 53 14 39 12 4 26 70 56 28 69 41 22 13 42
50 19 38 48 15 47 44 51 49 1 28 4 71 21 35 45 64 68 39 60 56 63 33 6 43 2 70 42 55 26 17 57 3 22 61 37 12 67 36 46 29 54 30 23 16 0 24 20 9 32 58 69 8 18 34 53 27 5 25 13 41 14 40 31 59 66 65 11 7 52 10 62
12 5 52 11 4 26 51 70 27 7 68 53 43 21 67 66 65 60 44 6 71 10 54 23 0 37 58 9 62 18 30 33 29 69 2 16 13 48 57 45 20 15 31 36 35 46 28 38 55 32 64 40 59 47 41 39 63 61 56 50 14 3 1 49 22 25 19 24 34 8 17 42
41 28 23 44 11 31 61 3 43 46 30 49 60 65 8 4 70 50 62 56 45 38 42 19 35 64 6 34 12 48 10 69 33 47 37 9 5 54 21 26 29 55 36 24 15 7 68 16 32 59 14 71 2 52 1 13 53 17 22 39 0 66 40 57 58 51 25 20 27 67 63 18
54 12 44 43 8 61 21 14 53 34 59 3 32 60 13 62 33 24 68 38 25 36 70 18 17 66 57 6 69 46 0 29 63 11 50 56 19 27 65 31 28 51 2 64 40 49 23 7 35 58 4 10 5 22 47 42 1 20 16 39 45 26 55 41 9 15 52 71 48 30 67 37
11 25 4 33 66 46 61 23 67 54 9 10 47 12 53 3 32 17 22 30 59 16 40 2 31 65 57 48 36 44 15 58 21 68 27 14 70 63 0 55 37 43 26 24 69 41 50 19 60 71 6 28 62 45 13 18 5 35 49 20 7 42 29 34 1 52 8 38 56 64 51 39
36 67 47 22 31 71 61 48 0 62 41 33 34 38 69 15 9 49 68 51 60 54 53 17 28 10 14 63 50 56 19 32 42 43 59 65 64 55 29 40 3 23 52 58 18 25 44 7 39 13 21 4 20 45 2 6 46 5 27 16 12 1 37 57 8 66 11 30 35 24 26 70
34 21 63 47 27 24 14 29 18 40 51 11 70 61 60 31 9 5 38 41 6 22 33 36 8 17 43 67 64 56 19 53 44 3 71 49 48 59 23 1 15 68 10 16 62 57 42 2 0 55 35 12 45 7 58 25 46 20 32 65 28 69 30 37 50 26 52 4 54 66 39 13
53 30 61 38 41 42 1 57 31 3 27 11 12 40 54 55 24 56 63 66 23 6 48 10 52 13 28 37 14 64 15 32 45 35 25 67 18 46 16 22 65 69 33 17 58 4 20 60 2 43 70 19 62 9 34 29 47 50 39 7 59 51 21 36 5 26 68 44 49 0 8 71
38 8 21 2 27 9 49 51 42 19 62 4 34 37 16 56 20 0 35 70 6 41 10 22 66 45 64 29 68 36 28 17 65 32 58 1 18 71 3 12 23 7 47 43 25 14 48 67 40 15 55 26 44 11 5 50 54 46 52 57 39 69 31 33 63 13 59 30 60 24 53 61
38 51 50 52 34 8 46 45 22 62 69 66 23 3 0 60 12 20 59 24 36 26 37 42 9 7 21 32 16 71 18 68 29 39 5 67 43 19 14 13 58 57 44 55 25 11 47 48 28 1 56 53 54 33 2 15 41 35 70 64 30 61 4 65 17 31 49 63 40 10 27 6
46 59 68 3 27 58 51 36 53 18 29 15 32 49 31 34 56 44 37 20 24 66 61 40 23 26 38 71 64 55 41 42 45 4 25 12 22 33 11 70 67 39 0 30 14 54 52 43 69 13 1 57 8 6 7 50 48 16 10 21 17 47 35 65 63 62 60 5 19 28 9 2
55 65 70 15 17 63 32 35 45 10 23 18 9 14 6 68 2 52 46 57 22 56 33 36 42 31 40 5 44 64 66 41 19 47 51 50 43 53 26 30 59 37 12 4 27 28 8 1 25 13 3 60 48 71 39 62 54 7 49 67 29 16 21 34 11 58 24 38 20 0 61 69
8 59 49 5 13 25 11 52 21 31 45 71 66 6 33 39 46 57 62 38 40 14 68 63 64 65 22 3 41 35 26 53 2 34 30 17 43 67 15 36 60 12 58 20 24 47 19 29 18 55 4 1 16 37 50 0 23 48 7 28 70 9 61 44 56 54 27 69 10 51 32 42
