51
47 22 12 2 13 3 51 50 27 63 36 23 21 40 18 0 62 24 45 33 30 14 57 19 4 37 17 55 43 34 41 32 59 61 25 11 44 16 42 56 10 38 39 29 20 26 31 53 48 9 54 1 58 35 52 46 28 49 6 60 5 7 8 15
44 40 57 19 49 26 28 31 6 36 41 24 58 46 45 47 59 15 10 34 20 1 27 16 0 43 62 7 42 3 25 30 61 38 29 60 5 22 33 2 9 52 11 13 48 8 56 39 63 17 51 53 18 50 23 12 21 37 54 32 4 55 14 35
62 46 31 5 0 55 4 19 6 61 47 27 26 24 20 37 60 3 22 7 53 12 33 25 56 40 49 29 42 44 58 23 8 2 9 16 48 52 54 45 41 43 30 39 18 11 17 59 51 1 57 15 35 21 50 36 13 14 32 28 10 38 34 63
2 34 38 7 4 26 32 22 60 58 0 31 27 57 25 6 46 13 40 15 51 14 16 29 63 37 41 53 11 19 39 9 43 62 20 47 50 8 3 24 17 56 55 10 33 5 1 36 35 48 61 18 59 54 45 12 42 21 44 30 28 52 23 49
19 8 13 42 18 9 4 28 12 56 6 10 54 23 14 21 25 30 15 53 11 3 7 47 45 62 51 61 22 35 5 44 58 16 48 63 50 40 37 59 49 55 24 36 0 43 32 31 57 33 39 26 17 34 46 2 41 60 29 1 52 27 38 20
20 0 32 43 57 33 44 28 59 45 37 40 16 1 2 51 12 46 21 15 23 13 41 5 36 60 38 63 7 47 22 48 53 55 62 35 11 58 29 50 39 18 17 3 34 4 19 9 49 8 14 31 54 52 10 30 56 61 24 27 42 26 25 6
39 8 46 48 60 45 9 44 49 5 14 27 22 32 42 4 53 0 43 6 20 24 28 34 1 13 50 47 10 17 19 56 29 54 58 57 62 25 30 2 52 35 18 41 61 51 63 33 7 55 23 31 40 38 59 12 3 15 36 37 11 26 16 21
17 11 3 34 45 49 6 14 47 35 57 41 60 40 37 61 0 23 15 20 30 5 27 39 9 36 58 59 12 10 43 7 46 33 50 16 8 48 63 55 25 26 42 31 56 53 62 32 28 1 51 4 54 44 19 52 13 22 38 29 21 18 24 2
50 6 37 35 10 17 33 38 24 56 55 19 63 48 15 20 61 2 43 52 14 22 58 23 62 41 51 8 27 4 42 3 53 0 34 39 46 9 28 13 5 44 60 25 16 49 59 26 1 18 11 21 31 54 57 29 32 45 7 47 12 30 40 36
17 54 7 14 32 11 20 35 5 47 49 51 8 19 59 36 28 39 31 4 52 23 6 16 43 3 33 9 55 53 62 24 37 12 29 18 2 13 22 50 34 10 56 27 42 46 0 60 41 25 26 45 57 40 48 38 30 61 44 63 15 1 58 21
46 27 52 11 0 42 2 37 43 36 35 26 6 22 20 55 59 41 30 13 8 62 19 49 56 3 1 34 18 45 14 48 38 21 16 7 12 54 39 28 63 58 10 51 57 29 25 32 61 44 5 53 15 40 23 9 60 4 24 17 33 47 31 50
46 45 35 18 12 42 14 6 57 52 41 62 44 21 17 51 39 43 37 25 13 26 1 55 15 4 53 0 27 33 23 34 29 59 56 47 10 63 19 8 11 9 38 54 58 50 28 32 60 5 7 61 48 24 36 22 16 20 40 2 31 49 30 3
14 31 25 15 10 58 34 37 56 11 61 55 35 21 1 18 24 19 6 49 52 30 13 22 32 53 23 60 17 7 16 50 51 36 29 43 48 28 0 59 3 8 40 9 46 57 26 41 12 44 62 4 27 39 20 38 42 54 47 2 5 45 33 63
36 45 47 55 21 1 38 16 44 60 4 29 33 15 14 26 11 10 58 19 41 32 24 23 50 51 35 3 40 7 17 30 31 59 61 57 5 2 34 8 48 12 27 43 18 9 63 37 53 22 28 54 25 39 56 0 46 42 6 49 52 62 20 13
37 13 27 22 54 7 46 12 29 61 30 48 44 47 38 20 11 8 28 9 10 60 43 24 14 45 42 57 62 16 35 36 39 21 52 63 49 15 1 19 41 50 25 3 40 58 18 0 5 2 17 53 23 56 6 32 51 4 34 55 33 59 26 31
1 25 54 59 50 18 60 23 22 30 35 11 15 37 63 29 13 36 26 34 48 45 33 47 16 62 21 14 27 55 61 40 4 3 38 2 49 31 17 7 46 42 56 51 5 10 52 32 57 9 8 6 20 24 58 12 43 44 0 28 41 19 53 39
18 57 35 30 63 53 56 39 44 3 38 31 1 45 60 16 10 17 51 32 4 2 62 55 19 21 48 37 46 59 25 49 43 47 34 8 11 0 14 50 24 27 26 20 15 52 41 7 12 6 40 22 9 58 33 36 23 29 61 54 28 42 5 13
33 50 45 30 59 49 4 56 63 5 54 20 9 32 48 12 22 36 52 44 13 61 15 1 39 11 55 42 60 46 18 26 19 58 47 62 21 27 14 0 53 40 51 57 25 34 37 17 35 29 28 31 2 10 7 23 16 38 8 6 3 43 41 24
44 51 48 4 13 57 21 31 39 54 55 12 42 62 43 28 9 11 15 10 5 30 38 36 27 41 60 47 61 24 20 16 1 33 2 32 3 8 56 19 7 34 37 53 17 50 40 23 6 25 58 14 59 26 63 29 46 22 45 0 52 49 35 18
33 31 21 4 51 32 54 47 48 61 26 41 38 30 56 46 34 45 19 63 2 62 20 22 50 25 12 60 28 13 57 9 0 35 27 14 1 7 53 29 10 16 59 40 15 43 18 39 44 23 24 58 3 55 49 42 36 5 52 8 37 6 11 17
43 19 20 1 30 2 23 6 22 24 41 14 26 49 45 0 53 27 34 33 8 40 25 11 57 58 10 29 62 54 51 55 4 18 21 5 37 15 46 61 7 36 3 16 63 28 38 48 52 31 13 9 60 17 56 39 42 12 44 35 47 32 59 50
11 22 50 2 13 6 21 60 53 25 55 47 36 10 49 26 61 41 46 20 12 28 1 17 45 27 39 38 23 29 15 37 4 62 32 31 0 18 43 14 30 42 58 34 8 7 5 9 44 51 24 63 59 52 35 33 3 56 19 48 57 40 54 16
38 56 46 6 9 10 40 42 63 60 52 2 57 58 16 8 19 36 24 33 47 20 25 59 62 18 4 44 53 17 21 28 51 22 48 45 41 61 31 1 54 30 26 23 35 32 12 39 11 27 37 15 13 14 50 7 43 0 29 55 5 3 34 49
63 49 46 58 16 32 37 29 56 4 17 8 59 33 25 28 24 13 54 35 21 19 39 62 42 1 40 51 23 14 15 31 7 10 44 47 34 12 9 3 53 38 22 30 2 20 45 61 57 18 6 48 26 11 36 0 5 52 27 55 60 41 50 43
19 48 4 40 16 59 30 1 51 46 13 11 15 27 36 63 23 37 45 26 7 57 5 3 50 31 38 41 21 49 54 44 61 55 8 17 39 47 24 33 52 56 14 60 22 6 28 43 10 29 34 42 20 9 53 35 2 25 32 58 12 18 0 62
60 45 18 15 2 20 48 28 5 34 61 54 30 19 53 11 27 32 39 51 55 26 44 40 43 6 50 35 0 37 16 23 33 63 59 8 58 1 56 9 4 25 3 36 57 46 21 12 13 17 10 29 22 7 31 47 38 42 62 14 24 49 52 41
40 49 43 29 11 1 57 61 56 16 21 7 58 3 62 0 48 27 25 18 46 22 15 20 14 39 42 63 45 23 17 9 5 47 35 28 36 55 37 2 12 13 34 51 50 32 60 6 24 30 10 26 8 59 4 31 54 19 38 53 33 41 44 52
62 61 11 39 16 43 35 8 42 30 2 33 4 23 63 52 12 51 47 9 19 60 29 49 28 54 5 40 18 1 34 58 59 38 15 32 22 45 44 20 14 25 56 13 50 31 27 0 24 10 55 7 36 21 26 57 41 6 53 17 46 37 48 3
34 63 4 31 42 11 20 35 38 1 58 21 18 19 15 30 32 9 7 40 3 13 5 12 52 2 14 51 48 33 27 36 54 24 6 50 61 25 53 16 57 8 60 17 26 44 59 23 39 56 43 55 47 22 49 46 37 45 10 28 41 0 62 29
40 34 53 16 29 63 42 18 59 60 21 47 24 2 43 27 38 3 61 36 45 17 44 0 7 58 32 22 14 23 9 50 51 15 19 41 28 31 57 48 12 10 8 56 46 25 52 30 11 62 54 35 39 1 49 5 20 33 6 37 13 26 4 55
38 21 39 3 7 47 33 36 60 27 31 34 28 56 40 19 15 46 55 48 63 4 8 23 43 20 2 9 44 29 11 54 58 0 52 10 1 22 25 61 5 45 30 37 17 32 16 14 53 50 59 26 12 62 6 49 57 41 35 18 24 51 13 42
13 23 26 22 62 36 43 52 9 57 47 56 39 35 41 20 33 10 50 29 49 55 63 1 51 27 12 61 15 60 19 37 42 46 24 58 40 6 21 11 38 32 7 8 5 54 28 30 34 18 25 44 17 53 4 16 0 3 59 48 45 14 2 31
54 40 53 0 14 16 18 52 63 41 55 34 57 33 9 59 37 62 30 24 58 2 49 43 15 60 27 5 29 25 32 38 22 28 61 10 35 17 7 47 42 26 36 13 48 11 45 4 23 39 44 51 1 20 19 12 6 46 3 21 31 56 50 8
27 2 44 10 3 60 62 23 33 32 26 15 42 29 0 25 30 12 51 20 61 35 4 9 50 57 36 7 28 41 45 5 58 38 54 19 8 46 53 22 37 13 31 48 14 1 63 49 17 55 24 40 16 39 6 43 59 47 21 11 34 56 52 18
45 20 51 61 1 7 42 34 49 46 59 10 43 58 30 29 55 12 62 19 38 6 50 18 28 56 33 40 39 36 16 13 15 54 63 35 32 27 0 31 17 52 2 9 14 41 57 22 23 5 4 25 3 26 60 47 11 37 53 44 21 24 8 48
8 2 20 33 34 7 25 42 52 59 58 43 22 57 1 46 19 45 30 13 50 26 62 27 17 40 16 18 0 54 24 61 36 51 5 53 32 21 29 37 15 49 48 56 60 11 31 28 4 10 35 39 14 3 47 6 23 12 9 55 41 63 44 38
37 20 63 51 60 53 62 19 27 17 12 30 43 21 36 35 10 1 11 33 8 22 26 46 61 40 29 55 2 42 25 34 23 57 13 49 18 7 56 3 38 39 31 44 45 16 9 58 32 41 15 28 14 48 50 24 47 6 59 0 5 52 54 4
36 0 40 45 63 27 26 38 44 62 21 41 35 56 1 33 50 55 12 6 3 61 13 20 14 59 23 17 52 2 54 46 48 60 9 30 37 24 49 43 29 11 5 25 7 15 58 34 51 47 16 10 39 22 32 18 4 28 57 42 8 53 19 31
60 16 54 31 39 22 42 13 29 52 28 8 38 30 55 32 50 53 57 27 47 34 40 56 61 21 37 63 62 45 19 43 5 14 9 10 46 49 18 35 1 20 23 58 41 36 0 3 59 11 24 2 4 12 25 26 51 44 6 33 7 15 48 17
3 30 7 4 50 5 36 43 44 35 22 6 15 16 54 1 60 49 18 45 39 40 37 24 27 63 52 12 29 8 20 2 53 57 42 17 0 26 9 23 59 28 33 31 46 62 58 41 51 21 61 47 34 13 10 19 14 32 38 48 11 55 56 25
63 51 13 45 40 26 14 10 55 61 56 59 8 42 9 6 25 27 44 24 20 32 38 46 29 23 47 53 19 43 54 31 16 35 18 11 57 58 17 5 0 22 34 41 48 50 15 28 49 12 37 62 52 4 2 39 36 3 30 7 21 60 1 33
38 2 30 53 46 25 45 20 22 11 43 12 50 34 3 35 31 54 18 6 48 24 23 21 39 41 47 17 10 9 15 62 44 42 60 16 14 8 51 28 27 29 26 7 55 13 49 63 57 52 5 56 58 37 59 1 61 4 33 0 40 19 36 32
34 5 23 47 32 11 2 31 55 45 13 25 50 17 58 49 61 51 30 22 26 0 7 54 36 37 19 12 52 40 39 56 15 43 59 38 53 57 8 44 20 21 10 46 48 41 42 62 29 27 14 9 16 63 18 60 35 28 6 33 1 24 4 3
1 14 45 35 44 38 58 31 43 28 57 15 56 62 8 17 42 7 19 0 16 34 5 20 25 61 50 51 23 60 24 46 40 21 6 12 30 13 48 53 47 55 29 9 37 52 3 22 39 63 11 41 10 49 33 54 59 4 2 27 18 26 32 36
45 6 14 38 56 18 59 3 51 8 47 15 41 53 58 55 29 57 26 61 4 54 16 34 33 5 22 24 30 23 10 28 12 36 17 35 1 48 9 20 49 40 42 43 7 39 31 25 63 32 37 44 21 60 13 2 19 11 50 27 0 46 52 62
22 40 8 27 60 51 36 29 38 7 17 39 12 30 2 62 42 47 20 1 37 4 24 23 58 21 13 54 44 16 59 6 48 14 46 41 49 19 18 34 35 32 28 11 33 52 10 31 0 45 50 43 56 25 55 5 57 63 9 61 26 15 3 53
43 9 26 14 47 16 57 28 56 52 62 53 10 18 29 45 13 51 23 3 0 17 24 42 58 33 32 60 34 41 11 49 6 40 19 21 31 2 36 46 27 22 1 15 4 55 35 48 12 44 20 54 39 37 30 63 61 25 38 7 8 5 50 59
54 27 63 43 49 6 45 17 4 46 62 44 23 37 35 7 25 20 5 32 1 19 36 57 40 29 18 48 41 22 0 9 50 58 30 8 53 42 2 56 31 26 15 10 3 12 38 39 28 52 47 11 59 13 33 14 60 21 55 24 61 51 34 16
28 58 33 51 63 39 57 41 45 13 2 19 46 14 11 60 7 30 27 23 1 48 10 32 50 61 36 35 52 49 4 25 31 18 34 54 38 44 43 16 59 21 17 26 9 62 53 40 6 3 24 8 5 37 20 15 0 12 55 42 56 47 22 29
12 6 63 44 38 41 35 1 42 18 28 11 22 51 3 55 0 29 32 50 5 34 30 58 43 52 15 25 20 49 60 62 54 27 31 13 24 59 19 7 39 46 10 23 33 21 9 16 4 61 37 14 45 36 48 47 57 53 2 17 26 40 56 8
16 23 0 63 61 31 43 21 15 51 35 48 38 62 5 30 58 22 45 46 54 39 49 18 29 2 20 59 55 50 27 37 25 7 17 1 33 24 57 3 36 11 4 56 52 8 26 12 44 13 9 10 41 47 34 60 19 6 14 32 53 40 42 28
