51
5 24 10 47 16 32 25 26 29 14 30 22 15 43 33 20 11 34 23 6 48 21 19 2 8 28 12 45 0 3 37 9 41 49 40 27 35 42 18 31 7 4 17 36 39 44 1 13 46 38
8 46 31 3 33 30 13 17 34 42 12 37 9 35 19 5 20 1 4 15 40 6 43 0 25 39 45 36 16 44 2 23 27 24 7 18 22 47 14 32 26 48 49 10 38 21 29 41 11 28
30 33 39 44 20 19 40 48 31 7 28 9 47 4 2 21 6 29 12 26 43 16 24 36 11 13 34 3 18 41 23 49 1 25 10 8 42 17 38 32 27 22 46 45 14 5 35 37 15 0
11 24 26 6 14 1 49 10 27 19 22 20 25 9 18 46 37 15 47 42 12 36 44 17 31 43 7 48 40 35 3 2 0 16 5 34 28 45 30 38 13 39 23 32 21 8 29 33 4 41
28 38 35 42 25 1 7 40 24 5 48 46 18 34 27 21 19 36 43 9 49 15 3 17 6 22 33 31 47 37 39 45 41 12 2 26 30 10 11 29 23 44 16 4 14 8 20 32 0 13
22 39 48 45 9 11 4 2 20 44 3 27 25 5 6 12 38 10 32 36 28 14 35 24 31 46 8 17 37 1 18 43 7 0 34 21 41 42 47 40 33 23 15 19 30 13 26 16 29 49
49 15 0 8 22 24 16 14 25 12 47 7 13 1 44 11 39 40 33 34 5 27 38 18 42 17 10 6 9 30 37 29 36 46 3 2 45 23 20 4 26 21 32 19 48 28 35 43 41 31
26 34 30 20 23 9 4 5 21 13 6 38 15 48 7 28 45 17 16 35 22 27 10 19 11 33 31 47 3 32 14 39 43 1 49 41 0 18 29 24 36 8 12 46 2 37 42 25 40 44
3 17 21 14 36 33 48 1 29 2 16 42 5 39 9 27 11 30 47 20 13 35 19 25 46 49 38 26 41 0 22 37 6 32 18 28 10 7 44 24 23 15 4 43 8 12 45 31 40 34
27 3 29 15 26 17 44 37 8 20 33 41 47 1 36 46 31 43 34 30 0 38 10 21 13 11 45 18 48 22 12 42 4 9 39 7 35 23 49 16 28 25 2 40 5 14 24 19 32 6
24 42 9 44 30 25 18 29 38 49 5 31 36 48 17 2 46 37 6 27 40 35 45 11 14 28 39 20 34 13 47 33 1 4 7 3 23 26 12 15 19 8 32 16 21 22 41 10 43 0
20 29 1 47 5 0 49 46 9 45 44 21 2 36 6 32 39 14 48 23 27 24 16 43 19 11 10 12 38 35 4 40 3 17 42 25 31 22 18 15 41 28 30 8 37 34 7 13 26 33
37 45 20 13 40 21 3 27 42 17 26 48 36 16 0 46 29 32 49 18 35 23 30 31 15 11 43 6 38 5 10 14 7 28 39 2 24 1 34 33 19 9 41 8 4 25 44 47 22 12
0 22 3 33 15 30 6 11 5 24 18 45 39 44 26 35 25 42 19 23 10 46 47 13 36 20 28 14 7 2 21 32 34 27 1 9 17 40 43 41 29 38 4 16 31 8 12 37 48 49
44 38 12 2 20 8 19 21 16 34 43 6 48 0 9 46 30 3 18 42 47 22 45 14 36 10 11 33 31 28 17 41 25 35 4 32 24 26 5 23 49 29 39 40 13 15 7 1 37 27
23 40 20 11 44 21 49 29 1 15 30 16 38 35 17 31 24 6 39 42 13 32 45 0 9 47 28 34 33 12 27 22 2 37 5 41 36 3 48 10 26 18 4 46 43 14 19 8 25 7
47 37 49 36 8 23 7 46 4 11 32 41 42 29 26 34 2 14 44 0 1 45 16 31 22 20 13 40 21 15 18 33 43 39 38 25 10 48 9 6 3 12 30 27 5 28 35 19 24 17
16 0 18 27 12 32 24 45 7 29 25 41 5 35 49 17 44 6 38 21 42 34 33 14 22 10 37 19 40 8 39 36 43 4 1 13 20 11 46 31 23 48 47 9 30 28 26 2 15 3
4 17 33 2 49 0 12 21 32 3 34 43 39 48 29 9 41 1 36 40 45 16 42 19 27 25 10 6 47 7 26 24 23 35 14 11 8 44 15 38 28 31 20 18 22 5 37 30 46 13
11 47 29 12 46 34 14 31 4 44 18 28 30 42 0 32 27 33 19 20 1 3 38 49 40 22 16 25 6 21 5 26 13 45 35 37 9 17 7 15 8 41 36 2 23 24 10 48 39 43
20 43 31 25 6 14 15 18 40 8 29 17 1 2 38 41 39 24 4 5 32 49 37 13 48 16 11 33 7 30 21 26 10 46 23 47 36 12 27 35 3 42 34 22 45 28 44 9 0 19
39 1 18 49 45 33 7 26 4 10 30 42 13 17 38 16 35 48 19 5 6 43 12 14 8 9 23 32 2 34 0 31 22 25 20 24 36 40 15 11 37 21 3 44 47 28 46 41 27 29
15 43 44 16 48 4 3 31 37 13 5 24 38 27 42 17 21 7 33 8 10 0 28 46 40 47 6 36 39 9 35 1 45 26 18 41 29 34 2 32 30 14 23 22 25 11 20 19 12 49
0 38 10 28 18 30 47 15 42 6 33 49 13 23 32 17 27 3 2 44 5 8 36 45 35 22 48 29 46 21 40 7 25 31 37 41 19 9 26 20 16 34 11 14 24 1 43 12 4 39
41 32 11 6 39 0 4 17 10 13 33 19 30 20 16 12 21 15 2 22 37 14 35 24 45 27 1 23 29 34 40 25 3 42 43 38 7 28 47 44 26 31 9 5 18 46 48 36 8 49
29 39 7 41 36 21 49 0 37 27 23 12 19 26 33 44 13 20 42 43 5 1 25 38 28 6 46 40 24 17 9 18 35 10 34 32 45 22 30 3 2 31 48 4 16 14 47 15 11 8
23 24 12 44 33 4 30 11 48 45 6 35 31 13 46 34 25 49 22 20 39 1 37 9 7 21 43 32 2 28 29 41 5 36 27 17 8 38 15 0 16 10 19 18 3 42 47 40 14 26
21 17 6 46 15 30 16 40 36 35 25 29 28 49 2 32 26 9 14 41 37 42 23 12 18 34 45 4 11 13 19 39 10 1 20 7 8 27 22 0 3 43 33 44 48 31 47 38 24 5
24 44 16 18 49 22 14 0 11 3 25 48 5 30 32 39 20 41 34 23 43 33 7 17 9 42 28 38 26 12 46 35 27 45 13 1 40 4 19 21 2 10 29 31 8 15 47 36 37 6
21 14 5 25 48 3 42 9 7 36 32 15 29 46 24 2 23 33 44 18 20 40 17 27 8 12 16 10 47 1 26 49 45 31 37 11 34 30 35 4 19 38 28 13 0 6 41 43 39 22
41 10 43 27 1 4 33 5 34 12 45 21 35 7 20 38 9 3 32 49 46 39 24 16 17 22 0 42 19 28 13 36 31 8 48 6 14 26 2 37 29 47 23 40 30 11 25 44 15 18
33 36 26 37 19 40 39 22 43 34 3 4 20 17 35 0 15 30 6 21 7 24 8 32 18 16 25 42 45 13 28 1 12 49 2 5 47 10 38 27 9 11 23 14 31 29 44 41 48 46
2 7 34 29 16 43 20 45 49 12 38 26 39 40 27 18 42 4 31 13 37 11 14 33 22 3 9 23 24 6 17 46 10 21 32 19 41 47 30 35 48 15 1 36 44 8 5 25 28 0
21 10 11 19 38 9 16 15 44 37 48 6 5 1 49 40 2 42 25 14 12 28 26 33 24 43 3 41 29 27 4 30 23 18 45 36 8 32 0 46 22 13 39 17 34 35 47 20 7 31
7 31 13 42 49 1 38 37 44 8 6 41 22 15 34 17 2 24 30 5 9 32 10 27 46 4 12 21 40 36 25 19 45 29 35 28 3 23 43 47 14 16 26 39 18 33 20 48 11 0
19 34 42 25 16 28 5 41 6 43 10 12 18 11 38 8 32 30 39 33 48 26 21 29 45 15 17 46 37 20 13 7 9 23 0 24 35 3 22 47 2 36 27 44 40 4 49 14 1 31
31 33 39 2 44 10 14 12 48 23 37 1 43 6 45 11 15 41 24 46 49 9 36 18 30 47 25 34 22 7 17 27 16 32 28 20 21 26 4 42 5 38 0 40 3 8 13 35 29 19
4 36 46 12 10 26 47 32 35 19 5 40 9 37 6 29 39 28 1 34 20 24 48 7 8 14 49 27 33 13 25 18 16 11 21 3 31 44 2 17 38 0 41 15 42 22 30 43 23 45
36 25 30 4 47 14 27 41 48 9 2 22 8 46 43 0 34 19 26 35 24 12 49 16 44 18 28 13 29 39 11 21 7 1 32 37 10 45 38 33 17 5 42 20 6 15 31 3 40 23
20 43 40 23 16 37 25 18 29 48 31 15 26 34 6 24 0 10 35 3 17 47 32 11 42 1 9 2 39 46 7 19 4 36 30 41 38 22 44 8 14 5 12 13 21 33 45 28 49 27
27 29 2 1 20 16 30 8 41 21 45 44 22 28 5 36 18 26 4 49 19 42 6 10 23 46 13 3 43 48 39 33 24 37 31 11 17 12 32 25 0 7 38 47 9 34 14 35 40 15
8 38 2 45 33 37 0 21 26 36 48 20 40 9 14 28 25 10 3 18 15 35 24 19 32 13 46 42 39 47 41 31 30 23 11 27 4 43 22 7 1 17 12 29 6 49 16 5 44 34
4 7 46 41 24 20 6 38 1 22 47 28 18 31 48 49 29 43 14 39 40 9 15 12 42 3 25 32 44 16 17 36 34 11 21 45 13 27 0 23 2 8 30 19 10 33 35 5 26 37
5 2 33 16 45 44 18 15 11 29 23 28 35 37 14 24 25 21 48 43 12 6 19 41 39 42 38 30 26 13 7 9 27 49 36 8 4 20 17 31 34 1 10 32 47 3 40 0 22 46
25 34 49 22 8 29 7 28 5 42 12 9 27 4 47 44 33 3 18 40 23 36 19 21 14 20 46 35 13 26 6 11 37 45 17 15 10 39 48 0 38 32 30 43 24 31 16 1 2 41
11 7 25 20 8 42 31 33 5 43 46 37 32 34 38 12 19 48 1 44 39 28 35 0 13 3 4 45 10 17 41 40 21 22 29 9 2 49 47 6 30 14 16 15 36 23 26 18 24 27
2 26 37 12 45 44 19 20 16 27 23 9 24 15 3 49 29 35 25 47 1 48 40 30 31 39 28 32 22 0 17 4 13 41 38 21 34 8 6 11 46 18 43 33 42 10 7 36 5 14
4 33 36 17 47 19 1 14 34 16 20 41 13 38 39 25 49 6 8 2 42 5 10 32 9 28 0 24 37 3 35 44 18 31 29 40 46 23 21 26 48 43 22 12 11 15 7 27 30 45
38 28 3 2 23 42 14 5 43 21 48 44 15 4 29 47 13 8 49 31 7 41 17 34 26 37 35 46 1 19 6 24 9 12 20 40 32 0 16 36 30 11 33 25 18 27 10 45 22 39
11 41 21 33 39 22 16 17 27 19 25 0 36 23 46 24 5 30 32 28 40 44 4 9 45 14 15 42 18 12 43 2 3 1 8 37 29 31 7 35 20 26 38 13 34 6 49 47 10 48
3 37 41 34 42 5 9 31 11 22 39 47 10 45 14 46 40 7 36 0 23 24 21 13 2 35 20 27 43 26 15 6 33 48 18 17 16 49 30 38 28 32 25 29 12 4 19 44 8 1
