51
15 38 6 5 28 41 35 9 32 12 0 17 14 21 22 30 40 19 16 3 18 7 1 31 10 27 11 37 33 29 26 2 39 36 8 24 25 20 23 4 34 13
8 18 31 10 15 1 6 2 33 36 20 32 17 30 23 5 19 39 12 4 40 41 0 25 13 37 35 27 11 22 29 3 21 34 24 16 14 28 7 38 9 26
3 33 31 18 41 26 4 39 8 35 10 30 2 0 7 37 6 16 13 9 32 20 34 24 23 11 36 17 38 12 21 22 15 27 19 40 29 5 25 28 14 1
24 27 37 12 33 34 29 40 41 22 9 36 25 10 7 20 21 28 11 2 38 17 18 19 13 8 6 30 32 4 26 35 3 31 1 5 14 23 39 16 0 15
30 18 32 8 12 39 0 28 17 7 26 35 2 31 27 23 33 1 14 40 15 6 37 29 4 3 25 9 34 5 11 16 24 21 19 20 41 36 10 38 13 22
2 12 39 21 26 27 9 25 15 5 3 18 35 31 11 10 41 33 22 24 30 6 36 13 29 38 40 16 34 14 37 19 8 4 23 28 17 7 1 20 0 32
13 15 11 6 8 16 31 0 40 23 5 35 21 20 14 2 30 17 27 33 19 38 36 10 28 41 3 7 29 37 18 34 32 25 9 39 12 22 1 26 24 4
41 17 35 5 28 2 23 39 11 24 15 36 21 26 30 31 18 10 37 34 8 6 32 4 1 29 12 25 9 33 7 22 19 40 27 20 0 16 3 14 38 13
9 40 39 2 19 35 36 30 32 15 34 8 37 16 6 26 10 3 21 18 0 24 31 11 41 7 13 33 20 25 22 27 1 29 28 17 14 5 23 12 4 38
21 33 16 6 36 13 31 24 1 20 39 41 25 38 3 2 37 29 14 18 40 4 35 15 19 17 11 34 30 5 22 8 28 7 10 12 26 23 32 27 0 9
22 20 24 37 11 7 30 8 27 34 41 10 0 9 5 21 35 18 28 31 4 17 40 14 38 26 29 23 15 2 16 36 25 1 33 12 32 6 39 13 3 19
15 6 29 7 20 30 10 4 18 19 8 24 26 39 32 22 38 23 33 3 17 12 14 25 40 11 36 34 5 35 31 41 2 16 0 13 21 9 1 37 27 28
36 28 23 29 11 26 33 9 6 20 32 7 41 31 22 18 17 24 39 13 38 2 1 12 27 35 15 4 3 37 25 30 10 5 19 34 21 8 0 16 40 14
24 23 7 19 41 18 11 34 5 4 33 26 16 35 2 21 30 0 14 31 13 9 20 40 36 28 3 17 32 8 6 22 1 38 25 29 12 15 10 39 37 27
11 6 21 13 36 5 18 39 38 3 27 12 20 14 15 0 16 17 19 30 29 32 24 25 31 9 1 35 22 37 10 26 7 40 41 28 4 8 2 34 33 23
25 27 8 33 39 4 20 3 29 13 7 23 34 37 41 5 10 11 40 17 31 2 14 38 1 35 36 28 30 12 26 0 24 16 32 15 21 19 6 22 18 9
9 10 40 6 23 5 19 37 38 18 32 2 28 1 35 30 7 17 11 16 33 3 36 24 13 15 22 39 41 14 29 26 21 8 12 27 25 34 4 20 0 31
19 18 11 23 21 17 34 1 26 41 10 24 31 7 38 32 6 14 15 5 40 3 28 9 20 4 12 0 33 39 37 27 36 16 2 13 25 30 35 22 8 29
20 31 25 41 2 7 33 19 13 30 21 3 34 14 39 24 22 27 35 18 0 37 10 5 8 16 12 38 32 23 26 40 11 4 15 9 29 36 1 6 28 17
1 5 0 9 21 25 8 30 24 28 3 7 13 36 20 14 34 18 38 15 11 19 22 32 35 17 26 33 39 41 40 31 16 12 23 6 37 10 29 4 27 2
6 10 2 32 12 27 16 11 21 18 39 35 14 33 5 23 24 40 1 30 20 36 7 31 37 22 0 15 28 17 41 25 29 13 19 26 38 3 34 8 4 9
12 28 32 0 2 13 6 7 17 3 30 5 22 15 29 4 41 8 9 18 11 33 19 39 34 1 14 24 23 40 21 27 26 31 37 36 20 38 35 10 25 16
34 40 31 3 9 1 11 12 6 38 17 19 29 30 10 20 28 24 15 4 41 5 18 0 25 16 37 21 35 2 39 32 36 7 22 26 14 27 8 23 13 33
26 16 19 20 14 22 39 23 1 18 30 12 0 17 33 31 5 29 37 25 7 3 32 36 9 38 41 8 6 4 40 27 15 10 13 34 21 28 2 11 24 35
2 9 25 40 13 4 15 7 17 24 23 8 28 38 27 0 33 34 10 5 29 11 18 36 39 19 32 41 16 1 6 26 21 3 22 20 31 12 35 37 14 30
24 31 16 15 29 12 28 17 23 4 1 7 39 30 13 22 34 2 18 26 21 19 14 20 36 35 37 25 27 40 33 3 0 32 11 9 38 10 5 8 41 6
16 24 10 26 22 27 28 17 1 36 25 40 8 23 29 30 14 6 35 5 7 32 31 15 20 9 18 4 11 33 37 13 38 19 0 21 39 34 3 41 12 2
34 24 21 40 6 13 32 33 38 4 10 3 0 9 19 28 41 1 2 22 16 11 20 35 30 27 12 23 31 15 36 25 7 17 29 18 37 26 39 14 5 8
20 11 28 38 27 10 39 30 26 4 15 21 17 33 35 40 19 18 5 23 41 7 8 2 36 37 31 0 34 3 13 16 9 25 1 22 29 32 14 6 24 12
3 9 19 38 11 33 39 26 12 17 10 25 18 27 0 1 14 35 34 4 41 40 37 24 32 16 31 23 6 2 36 13 30 21 8 15 5 28 29 7 20 22
29 8 7 35 31 6 27 30 9 23 20 16 4 17 10 32 22 40 5 24 15 1 19 18 11 13 28 25 21 2 41 37 36 12 0 26 38 39 3 33 34 14
29 7 24 37 30 13 39 35 31 32 25 23 41 14 1 26 3 33 2 11 9 0 18 10 17 12 15 19 5 27 28 22 38 34 20 36 8 4 21 40 16 6
2 1 19 13 39 7 14 26 35 31 37 10 25 6 9 5 40 18 24 34 12 21 38 20 15 32 23 29 28 8 3 22 17 27 30 41 36 0 16 4 33 11
17 35 26 3 16 24 0 23 29 30 34 39 25 7 5 40 8 20 4 41 13 27 32 37 21 33 6 12 38 11 36 19 1 9 18 22 15 2 10 31 28 14
26 31 39 15 33 38 12 20 17 2 41 4 36 5 29 16 37 23 1 6 10 0 9 32 18 40 8 19 7 34 35 28 11 3 22 21 13 30 27 24 14 25
39 10 6 28 37 1 14 31 2 8 38 35 41 5 9 11 33 29 3 26 4 24 25 30 21 40 15 32 12 34 7 17 22 36 18 19 0 16 13 27 23 20
5 40 1 27 29 3 12 15 2 0 16 32 24 30 34 38 36 19 14 28 9 11 22 10 25 6 13 23 33 7 17 4 39 26 20 8 21 35 41 18 37 31
27 9 23 1 3 34 20 16 10 17 18 41 25 37 40 30 4 26 5 24 7 32 35 21 19 12 39 2 29 22 31 33 14 8 36 15 6 11 13 28 38 0
40 28 13 22 1 18 39 6 24 30 31 10 33 5 20 34 32 38 27 3 29 36 19 2 37 9 35 23 4 21 16 11 41 12 15 14 17 7 8 25 0 26
37 33 31 12 3 29 25 21 9 38 34 18 23 32 15 16 35 7 17 0 13 2 40 6 27 20 14 11 10 1 30 28 41 5 36 39 19 24 26 8 4 22
3 30 27 5 0 17 21 40 39 23 28 18 33 34 15 10 1 38 11 12 32 22 4 26 6 41 16 29 31 37 13 25 9 24 7 14 19 8 20 2 35 36
13 33 32 11 20 7 4 30 9 28 24 41 17 34 1 27 3 37 22 8 10 39 18 5 21 36 14 40 6 19 26 0 35 23 25 15 38 16 31 12 29 2
23 30 38 11 1 14 41 36 0 17 18 12 4 33 24 31 27 5 25 2 26 32 28 39 22 21 37 35 10 8 9 13 34 40 29 19 6 3 20 7 15 16
38 3 5 4 22 27 11 18 40 24 33 1 7 16 8 35 34 0 28 25 41 39 12 17 19 32 20 2 31 14 10 30 37 21 6 29 15 9 36 13 23 26
0 39 12 20 8 31 14 38 13 24 11 17 1 30 26 21 6 35 37 29 33 15 5 34 7 18 2 3 40 25 27 10 9 4 32 16 23 36 19 22 41 28
11 35 4 0 24 10 32 16 6 22 28 17 27 37 2 15 41 34 26 39 38 36 31 9 7 8 33 23 21 30 20 40 3 13 18 5 29 14 25 12 1 19
1 22 8 19 3 4 25 13 35 34 12 38 23 30 11 40 0 5 37 31 18 20 15 10 6 24 26 14 21 27 2 33 36 7 28 41 9 32 17 39 29 16
22 18 12 29 35 9 10 2 41 1 24 7 39 8 25 4 37 17 3 36 26 31 33 14 19 27 32 38 16 0 13 5 6 30 23 15 28 34 21 11 40 20
27 38 12 25 3 7 22 31 0 39 1 23 36 5 13 33 24 41 2 17 20 4 40 26 29 21 30 10 35 19 16 11 15 34 32 28 18 37 14 6 9 8
40 8 33 29 19 16 24 1 32 34 2 23 31 41 22 17 12 9 38 21 15 30 35 4 26 37 7 11 25 13 18 10 28 6 39 3 20 36 14 5 0 27
34 4 27 38 17 15 18 37 9 24 21 12 32 35 23 5 25 7 0 8 19 28 2 1 11 30 16 41 22 6 26 33 3 14 36 31 20 39 10 40 29 13
