51
57 34 1 56 79 25 36 24 32 72 69 55 71 65 3 28 4 10 18 51 49 35 13 78 62 0 44 40 68 39 38 22 61 43 75 59 77 47 6 42 26 9 45 16 41 74 46 12 58 37 14 21 7 50 27 19 15 54 2 64 29 33 17 23 11 20 60 70 48 52 67 63 31 53 8 73 5 76 80 66 30
70 11 64 29 67 38 44 10 33 76 13 1 56 9 68 19 39 79 37 69 46 31 75 40 0 47 12 80 20 35 77 36 54 24 52 26 50 53 74 27 32 62 16 2 55 15 48 63 34 8 58 7 51 71 3 73 23 45 42 43 21 57 60 49 41 22 4 72 18 59 66 14 5 17 30 25 65 6 78 61 28
17 79 80 62 32 28 50 60 3 11 61 65 10 72 47 71 22 77 38 64 58 66 56 74 34 42 27 0 75 19 31 1 25 18 4 54 49 76 45 41 13 7 14 26 57 39 70 53 24 8 48 78 21 73 30 69 63 33 52 46 5 37 51 59 9 68 35 40 20 36 2 6 29 44 55 15 43 23 67 12 16
4 26 1 36 28 13 3 79 27 29 9 78 49 65 76 60 66 15 53 46 50 74 39 54 35 18 25 6 48 68 32 12 20 72 73 38 11 63 62 51 24 52 7 8 59 41 0 17 43 57 75 71 34 64 58 61 40 16 19 55 2 69 30 37 47 77 31 5 70 23 45 33 22 21 10 14 80 44 42 56 67
33 29 52 22 13 9 66 7 11 71 4 14 44 53 10 65 69 26 15 0 49 12 19 73 1 76 37 2 18 74 51 60 72 21 80 62 31 58 32 78 24 38 8 56 20 36 79 75 70 46 3 61 25 50 40 54 67 48 16 30 41 5 17 57 47 43 39 59 68 28 55 42 35 64 77 63 27 23 45 6 34
23 21 25 39 60 16 32 57 17 3 40 74 55 33 48 41 56 53 69 58 29 14 28 8 62 51 0 4 71 72 50 59 80 52 30 49 13 10 6 19 27 15 12 36 68 9 44 54 22 79 70 31 47 11 7 61 24 42 73 66 37 43 64 45 2 18 35 67 65 1 34 20 77 75 38 78 26 63 5 76 46
59 5 17 0 14 1 47 32 75 65 9 3 16 35 60 63 26 46 49 72 44 11 28 53 54 34 41 21 7 69 2 18 31 76 68 10 52 66 19 62 74 56 23 38 33 24 4 67 50 71 79 80 40 77 70 22 25 64 61 13 12 57 45 48 43 39 51 6 37 73 20 29 36 30 27 55 15 78 58 8 42
69 72 34 58 28 8 61 3 10 73 38 74 53 15 80 13 49 43 26 21 41 12 44 39 79 66 75 48 51 60 62 36 17 67 77 64 32 78 24 11 52 46 31 68 59 16 33 7 9 37 54 27 25 5 30 76 29 47 4 35 63 50 42 18 20 19 45 6 14 57 1 71 40 22 0 70 2 55 65 23 56
11 69 19 21 5 55 68 23 53 12 17 59 22 65 31 54 52 44 47 2 79 36 50 35 14 73 43 57 40 10 70 41 74 56 48 77 67 33 28 20 64 66 60 63 49 3 62 25 45 0 34 8 27 76 38 37 29 9 42 75 72 32 18 71 1 51 6 58 4 26 16 39 30 15 13 80 46 78 24 7 61
25 28 49 68 47 41 8 55 33 57 7 17 39 29 22 2 23 62 15 13 73 44 53 0 1 48 69 11 16 51 35 63 18 26 32 65 9 50 45 79 38 74 34 40 24 60 72 19 66 5 58 20 75 76 6 70 67 59 4 43 46 77 42 64 80 78 14 52 30 36 71 37 31 56 27 21 10 61 12 54 3
17 59 54 78 73 36 30 32 18 24 67 15 2 41 26 13 55 72 69 80 57 1 16 7 9 27 34 46 75 45 3 10 50 76 53 20 40 6 4 71 52 14 64 48 33 35 11 49 22 23 5 70 62 66 60 0 61 47 44 68 38 39 65 12 8 58 25 21 29 79 31 56 43 19 63 28 42 37 51 74 77
59 27 76 22 39 64 78 20 67 18 25 37 73 11 21 74 30 13 60 23 55 8 0 68 16 10 51 65 29 56 54 75 62 69 52 49 50 9 41 3 31 43 1 19 70 58 7 44 80 63 26 61 2 17 34 5 28 12 38 32 33 71 40 46 36 47 35 42 45 77 79 14 48 72 6 53 4 66 24 57 15
33 19 46 3 8 43 38 14 39 52 61 42 70 23 4 74 75 34 79 20 0 30 48 71 59 15 25 13 72 26 18 49 27 21 54 10 80 78 55 41 45 16 24 63 12 73 31 32 77 50 53 22 17 69 57 40 67 11 60 6 51 56 2 68 37 36 44 1 7 64 28 62 76 47 9 35 5 29 65 58 66
5 61 44 12 0 6 47 8 76 10 56 41 42 34 45 71 1 28 46 68 4 64 66 72 40 2 36 24 67 39 79 78 65 58 14 69 62 33 37 30 48 49 32 20 60 27 50 73 77 43 21 26 13 22 57 23 55 35 16 9 59 51 80 63 38 53 19 25 17 54 70 31 3 7 74 75 18 15 52 29 11
29 67 43 39 11 26 27 4 17 61 13 60 47 73 71 72 25 15 57 6 68 63 20 56 2 75 54 1 66 65 34 32 80 70 14 46 16 5 7 22 24 74 40 9 35 64 31 42 30 3 21 53 58 45 8 12 62 48 69 33 77 28 51 19 0 36 38 76 49 78 79 44 41 59 10 23 50 52 37 55 18
72 19 7 11 13 60 66 57 1 31 5 61 46 65 63 55 71 32 50 54 43 73 74 78 4 58 12 49 51 42 80 28 24 38 17 29 44 59 26 53 68 6 18 79 76 20 36 47 56 75 40 52 10 33 62 0 41 67 15 77 37 9 45 8 14 70 27 39 25 69 35 2 16 22 3 48 64 34 30 23 21
72 50 1 0 10 9 25 56 48 2 51 47 76 49 70 12 20 32 11 30 40 59 19 21 68 77 13 5 4 46 39 43 60 6 38 57 55 14 24 80 8 34 22 74 79 7 52 26 71 33 3 42 41 17 75 65 45 16 37 27 53 36 28 31 35 63 61 58 29 62 54 67 18 44 15 23 73 78 66 69 64
67 9 61 36 41 43 20 39 16 10 64 60 48 32 55 80 7 71 27 28 56 21 23 26 58 44 40 8 53 62 68 17 65 54 70 74 57 52 22 18 5 29 6 33 34 47 24 13 37 45 25 63 66 69 35 30 3 14 76 72 42 15 50 77 59 2 12 75 49 46 79 4 11 38 73 31 0 51 78 1 19
48 70 69 72 53 56 9 6 45 64 80 63 57 23 7 2 66 8 31 27 77 35 11 19 39 37 33 71 18 59 52 36 32 25 15 34 5 54 12 60 43 22 74 29 14 44 65 61 51 4 20 40 46 0 16 76 73 62 47 26 30 38 58 13 55 75 49 28 79 67 68 50 17 1 42 24 78 21 3 10 41
60 9 23 21 2 29 53 28 6 11 13 34 14 25 26 10 75 80 62 55 57 8 42 16 4 69 40 61 1 63 44 32 39 66 47 17 22 49 68 31 0 20 3 58 50 37 15 73 45 76 30 18 24 72 35 33 65 36 59 48 27 54 71 41 7 64 79 74 43 70 77 12 56 52 38 5 78 19 67 51 46
79 71 49 3 51 0 2 55 32 25 38 69 9 68 72 1 22 29 74 77 75 31 17 14 33 63 10 20 57 62 52 18 36 66 5 43 19 60 78 27 4 11 70 13 21 73 56 41 6 54 12 53 16 50 76 47 45 35 58 24 23 67 39 34 44 40 46 61 8 37 26 64 65 7 15 30 80 42 59 28 48
63 6 29 22 32 74 28 42 70 51 53 77 12 31 38 37 14 64 56 41 36 8 2 45 26 57 71 76 24 59 67 20 75 46 60 21 47 43 27 1 34 0 13 39 78 30 61 19 44 79 65 54 58 48 3 17 16 69 4 72 35 7 18 25 73 66 49 52 5 33 15 10 11 55 68 80 9 50 23 62 40
32 30 38 74 72 16 54 33 52 7 24 43 12 1 21 23 76 57 51 64 26 35 47 80 45 8 70 66 61 68 34 0 31 37 78 77 56 17 46 50 69 67 71 41 63 36 20 19 9 62 44 65 58 60 22 27 13 2 75 53 11 55 73 4 29 25 3 79 15 40 10 59 14 18 5 6 48 39 28 42 49
63 20 35 30 46 49 62 12 28 2 27 18 43 8 13 59 47 52 15 32 7 44 10 53 5 19 29 23 61 33 3 67 37 58 31 24 57 4 65 79 75 74 45 77 0 50 11 40 16 48 26 1 36 14 72 34 68 76 73 78 17 80 51 64 41 6 69 38 25 60 71 54 9 21 39 42 55 70 56 22 66
58 71 48 23 54 29 65 22 24 49 72 41 68 0 3 8 42 36 45 43 28 6 70 50 21 59 66 26 33 69 25 20 2 40 47 57 4 7 31 74 55 30 73 80 16 79 27 13 62 1 78 63 46 38 53 17 14 44 10 77 12 51 52 60 67 37 56 61 15 11 5 76 18 64 35 75 32 34 9 19 39
26 47 69 72 11 64 59 24 45 19 29 77 6 68 34 48 63 79 43 75 80 22 44 61 33 39 2 14 42 40 65 71 7 52 31 46 23 74 30 1 28 53 54 13 32 76 66 60 62 35 37 51 27 10 4 16 58 17 41 73 78 38 0 25 8 9 67 57 20 18 56 49 50 70 21 5 12 55 3 36 15
24 60 61 69 23 35 28 45 72 49 47 75 80 33 79 10 66 64 57 16 11 68 3 70 9 4 29 26 37 20 59 36 8 1 31 18 17 42 74 62 40 73 5 53 12 39 50 30 2 27 34 41 19 44 48 43 21 65 32 6 51 56 14 13 38 77 52 0 54 22 7 15 25 76 71 63 46 78 67 55 58
19 23 72 43 7 62 77 52 45 36 17 73 14 67 6 51 47 63 54 22 5 13 12 49 30 55 39 57 53 37 32 56 4 2 58 71 3 40 78 16 76 26 15 8 34 18 42 75 0 65 25 74 59 38 28 35 29 61 60 9 44 48 31 64 70 50 1 41 20 66 10 46 68 33 69 79 27 11 80 21 24
62 66 47 4 77 20 32 37 63 22 38 13 43 48 16 29 50 42 44 65 6 64 55 11 51 74 58 70 61 17 33 40 41 73 26 8 2 54 52 71 39 23 1 35 10 72 3 7 57 12 56 36 30 53 19 45 59 14 21 31 79 27 9 68 0 80 24 5 18 76 60 67 78 69 28 75 15 34 49 46 25
58 79 54 19 10 25 13 3 5 80 68 4 74 34 8 51 28 67 17 31 14 49 1 18 62 12 16 42 57 23 26 2 72 40 61 32 35 6 70 69 9 47 24 76 38 43 71 52 37 27 48 53 66 65 63 64 46 77 7 75 41 55 36 20 0 56 11 73 50 60 15 30 78 21 39 33 44 29 45 59 22
14 55 78 26 11 36 17 2 0 5 64 28 74 67 33 21 39 65 45 31 34 23 4 75 51 41 40 20 80 1 9 47 32 13 10 19 37 66 77 38 57 12 52 69 63 22 3 25 27 62 50 61 49 15 56 58 42 73 76 59 71 72 60 29 79 48 43 35 68 18 54 7 16 53 30 24 6 8 70 46 44
25 51 40 53 23 80 58 43 6 64 47 8 0 12 11 69 67 50 34 15 60 20 59 29 61 46 10 24 14 38 45 42 44 16 37 78 21 7 4 79 49 18 35 27 77 66 41 73 74 72 2 22 30 70 5 17 56 28 54 31 76 1 52 71 13 48 33 39 63 65 3 26 36 62 19 57 75 68 55 9 32
80 32 62 42 14 15 17 58 63 44 16 9 52 64 30 26 10 2 60 69 6 39 8 65 31 72 33 48 28 59 75 41 40 57 46 54 36 53 71 24 45 78 34 66 7 73 5 13 55 4 19 38 25 79 11 21 61 68 37 76 1 70 51 67 56 3 35 0 74 22 18 47 50 49 77 23 43 27 12 29 20
35 22 65 9 72 54 38 39 77 7 44 67 17 63 6 40 23 26 1 46 75 80 53 64 73 24 61 0 60 29 21 43 11 52 42 4 76 47 36 31 27 15 56 25 55 51 41 70 20 32 37 58 10 48 14 12 28 30 79 74 66 33 3 57 69 78 2 49 34 59 5 8 16 13 68 71 62 45 19 18 50
59 33 60 34 58 14 66 49 77 70 35 17 4 80 37 56 24 42 68 63 16 79 64 45 15 57 18 40 5 62 0 71 50 48 1 7 31 30 20 53 76 25 41 22 36 28 72 11 61 67 38 6 32 39 10 2 29 47 12 9 73 78 19 3 69 52 46 8 65 51 26 23 44 21 74 55 54 75 27 13 43
52 64 36 8 17 45 15 9 41 54 4 61 51 79 23 60 77 70 28 3 78 7 27 16 14 18 69 0 44 62 50 2 38 49 67 72 68 40 37 21 30 73 34 56 31 19 39 25 1 10 22 48 32 75 66 57 76 74 33 71 13 42 24 58 5 53 12 59 11 47 43 63 20 29 26 35 65 46 55 6 80
30 54 9 71 17 62 36 37 28 66 21 77 58 46 20 48 44 34 11 40 55 16 12 64 7 78 74 29 61 22 10 47 79 42 8 0 56 65 1 41 27 39 45 63 33 52 24 2 49 53 38 18 59 76 4 13 25 75 15 73 57 6 35 50 69 3 68 67 70 19 32 43 31 14 26 51 5 23 60 72 80
65 62 49 17 4 36 55 56 30 63 27 42 33 67 2 1 75 9 66 10 61 5 34 3 16 32 0 24 45 8 80 50 39 6 74 64 46 35 25 20 12 69 44 26 11 40 14 70 52 43 60 51 38 54 22 53 58 15 29 47 72 73 76 37 77 31 68 23 28 79 13 57 7 21 78 19 71 48 41 18 59
71 20 38 13 53 41 32 55 48 77 39 14 21 44 19 62 29 16 1 2 26 58 5 42 34 11 31 0 23 78 6 64 46 33 69 76 68 67 51 24 65 30 12 73 17 9 50 57 70 74 10 35 79 7 37 45 27 49 4 59 61 63 8 43 28 60 75 25 36 80 18 56 15 66 3 52 72 54 22 40 47
16 30 40 67 52 9 3 60 32 8 14 27 68 15 48 74 77 53 72 76 75 62 11 66 35 63 20 1 36 58 12 10 41 33 49 38 78 6 42 61 80 69 44 39 57 0 46 17 43 31 37 54 24 19 29 25 56 47 7 2 65 26 51 22 23 18 28 45 71 55 34 73 5 50 64 70 79 21 4 59 13
14 19 26 7 58 54 56 13 79 64 9 73 53 4 48 22 23 62 18 1 30 37 69 39 29 12 20 72 17 36 44 78 35 15 66 71 76 50 59 51 67 47 8 70 2 46 11 25 3 49 74 75 63 28 5 61 45 16 34 32 80 24 0 68 38 60 10 55 52 65 41 57 6 77 40 21 27 42 31 43 33
8 50 20 6 16 47 30 37 11 28 64 18 1 33 13 43 68 12 52 49 0 77 62 35 42 67 65 17 15 61 75 57 74 9 3 76 53 40 46 79 63 36 7 72 69 80 41 34 66 60 48 71 38 59 32 73 19 39 56 78 31 21 58 23 4 5 27 51 26 55 14 29 25 24 54 2 45 44 10 70 22
75 72 42 36 40 4 57 63 55 3 38 62 11 48 71 27 53 31 24 33 12 14 41 26 10 35 46 15 74 59 5 34 32 7 22 37 19 2 29 23 8 28 68 21 30 20 44 13 39 54 64 0 61 49 6 79 58 69 43 17 45 9 18 70 1 80 73 76 56 65 67 25 51 60 50 52 47 16 66 78 77
25 44 32 65 22 35 12 58 74 55 39 14 54 80 53 15 60 64 76 21 4 23 51 8 31 40 42 46 19 6 28 38 34 17 7 37 9 67 52 5 78 66 3 29 10 13 16 70 24 75 62 47 18 30 33 59 41 79 1 2 26 77 63 72 56 20 48 43 57 0 69 27 45 50 68 71 49 36 61 11 73
31 15 41 53 80 55 66 30 61 49 38 48 62 26 4 58 76 46 63 47 73 57 78 79 72 17 36 20 42 27 45 5 39 74 18 13 70 24 6 8 7 65 54 75 23 0 32 21 3 14 51 69 25 67 52 9 68 22 12 40 59 2 35 33 29 44 16 11 43 19 1 56 37 64 60 77 10 71 50 34 28
52 5 73 31 11 43 18 72 6 76 67 29 33 53 69 56 51 46 26 48 75 47 0 36 35 45 58 7 54 65 10 39 59 44 49 78 60 41 20 23 55 19 64 66 37 70 68 17 38 9 3 24 50 30 12 1 77 25 34 28 57 8 79 63 71 21 14 40 61 22 42 74 27 32 15 4 2 16 80 62 13
13 5 59 22 32 48 38 0 45 41 36 47 40 53 46 12 79 67 25 43 75 71 65 15 37 9 11 24 6 26 1 57 76 55 49 69 4 23 44 78 39 35 16 2 8 73 30 60 34 31 80 7 51 56 70 54 3 72 27 63 18 52 14 64 29 74 50 17 77 20 61 62 28 33 42 10 19 58 66 21 68
58 60 51 62 61 78 18 27 54 57 17 1 4 39 48 34 10 13 45 32 40 7 43 47 42 2 49 80 56 0 25 63 16 3 33 73 77 24 53 19 28 41 35 30 36 71 68 64 14 38 67 26 6 72 70 69 5 52 74 23 76 12 22 29 55 15 50 65 20 8 21 37 75 66 31 46 59 44 79 9 11
74 11 42 63 24 49 20 30 18 2 8 21 36 70 22 54 6 50 55 68 59 33 67 45 14 40 46 31 69 0 71 62 27 13 76 53 64 25 65 35 57 19 16 28 10 52 29 37 5 47 56 39 77 80 43 1 15 66 12 4 34 60 79 38 61 72 78 44 41 48 58 3 73 32 51 17 7 9 23 26 75
11 62 16 19 31 55 77 2 80 35 72 28 56 34 60 17 67 3 70 48 71 45 18 61 53 68 13 30 39 1 9 25 65 22 57 23 36 8 20 49 14 42 74 75 50 63 38 4 51 76 59 47 78 52 21 79 40 0 46 26 6 37 66 73 29 44 64 69 10 15 33 7 5 54 32 43 24 41 12 58 27
12 72 38 3 50 61 25 2 63 21 27 37 64 7 16 8 18 26 22 34 48 59 44 9 53 28 33 52 67 11 55 24 6 56 51 76 41 70 54 78 14 15 77 29 31 80 62 10 57 49 69 4 68 66 45 1 42 30 19 17 0 40 13 5 75 74 20 35 58 43 60 39 46 47 32 36 23 65 79 73 71
