51
34 52 78 12 14 21 66 70 74 35 79 76 62 71 2 40 23 43 22 75 64 36 46 19 11 28 55 1 32 8 72 60 59 13 38 27 67 68 56 47 17 20 42 29 58 4 18 41 33 24 45 0 61 73 7 53 77 37 39 65 54 30 63 49 25 10 31 48 9 26 3 50 5 51 16 44 57 15 69 6
62 30 31 8 2 20 29 69 32 24 58 65 0 15 34 12 39 19 9 5 14 48 75 36 17 59 6 10 7 42 51 40 38 21 53 74 27 68 52 4 64 13 67 72 79 37 54 25 44 46 78 63 76 33 77 50 45 57 18 60 1 16 26 55 56 70 41 71 43 61 49 47 3 23 22 73 66 35 11 28
4 43 6 77 44 47 71 25 79 27 72 70 38 21 7 23 61 57 46 69 59 35 30 19 74 54 45 76 40 2 73 13 58 33 11 0 12 67 36 16 5 24 50 64 31 29 20 17 1 3 8 42 65 10 75 14 66 68 18 78 62 26 52 41 49 15 63 60 28 37 48 22 9 39 55 53 56 34 32 51
18 73 66 40 70 8 62 55 9 19 68 30 17 59 43 15 27 22 76 71 21 61 48 63 35 60 44 26 20 13 57 23 64 31 12 0 49 7 67 54 25 11 52 47 33 41 74 65 69 50 56 77 51 53 28 38 37 16 79 72 2 4 36 29 58 24 6 5 14 46 45 75 1 42 78 32 39 34 10 3
18 7 28 42 25 37 72 30 69 33 60 48 35 0 77 58 78 50 51 63 32 66 10 24 5 55 22 52 47 23 76 49 54 26 71 59 20 34 53 70 45 11 38 1 56 2 15 43 8 6 4 64 57 27 31 36 13 40 73 19 74 29 46 61 41 16 62 3 79 14 21 17 39 75 68 67 44 9 12 65
61 70 18 12 41 17 75 68 16 9 2 77 62 32 65 23 54 55 60 52 25 37 22 71 27 34 4 7 1 47 30 56 11 8 6 73 63 33 29 38 36 24 0 50 46 64 40 14 72 53 51 69 76 45 15 43 58 28 78 19 10 31 49 39 59 66 42 57 67 35 79 26 44 5 3 48 74 20 13 21
1 4 13 15 37 62 2 78 53 74 45 32 5 68 48 34 31 23 65 73 70 49 29 69 7 50 3 19 33 40 44 30 21 25 52 11 55 79 8 54 46 41 51 16 17 61 67 64 24 22 39 9 6 66 58 63 38 0 56 77 57 71 18 47 14 28 36 26 27 72 42 59 12 76 60 20 35 75 43 10
50 36 49 65 67 53 19 25 8 42 70 2 6 35 32 22 55 43 79 48 24 76 14 34 15 4 21 5 68 23 39 45 74 72 13 57 63 78 17 56 28 64 40 75 59 10 71 27 16 12 3 46 20 1 66 69 11 51 31 7 73 30 47 26 0 37 60 38 52 41 18 33 62 44 29 54 61 9 77 58
78 64 6 73 65 14 79 54 42 43 50 2 33 10 15 56 17 36 62 53 70 45 35 58 20 8 11 24 31 27 74 16 76 25 19 26 34 30 38 77 51 23 7 5 12 69 47 41 9 0 40 66 21 72 61 63 1 55 32 37 67 52 68 75 4 29 49 22 44 46 59 48 57 39 71 3 13 18 28 60
30 17 55 77 37 11 18 62 36 54 3 49 5 32 57 39 58 7 78 38 40 0 63 29 50 33 75 9 52 48 67 25 14 61 59 24 72 12 44 15 69 41 51 22 13 42 47 28 73 56 35 27 66 34 71 76 65 4 20 46 70 64 68 1 45 16 6 8 23 21 53 60 10 26 43 19 79 2 74 31
67 66 16 13 71 78 63 28 74 2 43 32 4 20 6 30 48 29 5 23 50 51 61 18 8 54 65 77 75 37 19 76 0 55 52 26 40 47 49 14 44 73 45 11 17 56 42 22 79 60 69 3 10 38 57 34 25 27 68 24 33 7 12 70 1 41 59 53 35 39 58 46 64 31 72 15 36 9 21 62
14 77 46 24 69 48 75 41 44 35 63 45 20 27 78 74 61 62 13 51 58 8 23 30 31 1 67 33 43 39 59 6 25 3 37 53 19 50 73 71 52 55 76 21 2 0 10 7 47 42 12 70 40 9 68 56 49 28 18 34 64 65 57 5 4 38 60 32 11 15 72 29 22 16 36 17 66 26 54 79
22 44 72 39 59 35 17 57 75 32 42 2 76 50 56 48 19 74 65 63 16 34 10 46 26 66 3 30 24 62 79 8 60 77 28 0 69 78 25 38 27 55 70 7 20 64 52 43 18 49 11 4 68 15 5 37 54 67 31 53 71 14 47 21 40 12 51 23 13 45 73 29 33 9 61 6 41 36 1 58
58 35 12 1 45 21 55 61 19 9 28 32 71 6 77 73 15 16 47 46 49 5 4 0 66 8 25 26 70 65 11 64 59 7 43 68 30 14 51 52 79 72 34 38 13 76 17 36 62 10 22 29 2 37 67 75 23 69 50 31 56 20 18 78 54 53 63 40 24 74 41 42 27 57 48 33 3 60 39 44
33 30 17 61 43 76 41 20 59 79 10 4 49 3 68 35 40 71 60 66 70 16 6 54 13 64 65 31 26 8 36 12 22 44 9 48 23 74 11 37 75 14 42 67 45 28 7 55 47 63 39 5 78 34 15 1 52 0 56 77 29 38 24 53 58 46 32 62 2 21 57 72 18 25 27 50 19 69 73 51
13 66 0 79 10 37 16 53 48 20 58 14 78 26 63 5 23 73 57 31 71 19 27 46 67 33 45 35 40 61 52 60 70 15 49 8 41 72 65 29 28 36 50 38 25 3 75 24 54 68 59 42 32 12 17 74 64 44 22 39 43 7 77 62 1 2 55 9 47 18 51 30 21 69 34 4 56 76 6 11
17 52 28 40 8 15 48 62 58 46 20 77 75 65 36 27 9 33 43 16 23 72 39 41 57 6 68 60 32 34 13 30 47 7 14 37 49 55 31 29 63 50 21 69 25 18 26 42 38 51 61 64 45 12 1 79 73 22 3 10 35 74 67 54 70 56 24 53 59 66 0 4 44 2 5 11 76 78 19 71
51 75 1 61 31 17 66 34 3 72 39 10 35 55 4 16 36 41 5 14 54 47 40 7 69 65 48 25 15 26 60 50 59 13 64 73 0 27 18 29 62 74 78 12 22 79 46 70 56 8 23 45 71 52 21 58 11 2 19 49 20 76 44 24 30 67 38 63 6 28 33 57 43 68 42 32 77 53 9 37
17 1 3 9 19 67 61 20 60 39 40 24 79 16 41 59 58 73 54 31 56 23 4 44 2 12 50 51 32 47 42 33 38 5 49 64 48 14 46 69 35 62 72 34 66 43 11 21 63 65 29 25 45 7 0 74 27 55 52 36 15 22 77 78 6 71 75 8 53 68 76 13 28 10 70 18 37 30 57 26
55 47 34 52 33 7 71 27 69 23 73 59 0 39 58 32 74 10 3 6 70 45 18 22 20 63 5 67 37 75 4 66 60 79 62 30 16 12 78 48 19 1 9 2 57 8 44 46 77 14 35 29 72 15 50 65 61 56 21 26 64 28 25 42 13 38 68 54 24 31 40 51 41 17 11 76 49 53 43 36
77 64 56 25 58 46 68 42 39 11 20 40 19 62 28 78 26 32 27 24 72 67 7 71 47 14 51 50 45 21 65 36 43 75 0 23 44 38 34 30 52 12 63 59 16 18 10 70 4 31 35 61 79 33 76 41 6 2 48 69 60 37 5 8 22 53 74 9 29 13 17 66 57 54 1 3 55 73 15 49
37 43 62 2 60 49 76 55 26 1 68 45 29 66 51 73 46 22 41 31 38 24 15 53 8 42 56 71 3 36 44 63 47 61 64 65 58 6 69 70 78 34 19 52 30 11 12 32 14 39 33 17 7 21 27 20 67 59 16 10 74 77 5 4 18 75 35 50 28 9 25 57 54 23 48 72 40 79 0 13
77 20 10 12 1 76 26 64 57 56 45 53 5 58 8 66 31 4 16 51 34 2 55 19 54 9 50 21 38 35 61 3 74 52 59 30 29 24 28 39 71 46 13 62 41 6 72 78 33 43 60 79 68 22 23 32 67 27 7 73 25 47 36 49 75 42 14 48 69 65 15 63 17 18 44 40 70 37 11 0
14 53 60 29 51 76 45 6 72 33 66 58 39 62 32 26 36 23 64 65 56 12 77 11 24 44 16 69 42 19 31 63 54 3 59 71 67 18 10 25 17 20 4 55 22 57 35 30 38 41 21 46 34 28 74 79 37 2 70 52 40 48 1 68 15 7 9 50 13 27 49 61 78 8 0 73 75 47 5 43
31 39 12 50 52 13 46 58 41 2 33 5 73 67 8 37 61 42 15 23 56 45 77 38 60 17 44 63 65 48 57 19 69 36 76 26 43 3 20 47 7 55 9 27 62 10 30 66 79 72 53 25 0 54 22 1 14 35 64 51 32 34 24 74 18 28 68 4 21 70 75 49 6 78 11 40 71 16 29 59
50 23 5 12 74 36 4 71 8 16 64 42 76 56 78 6 13 49 62 75 57 68 18 14 28 79 58 9 72 35 47 25 21 67 10 70 0 43 60 1 41 63 2 24 55 38 19 20 44 11 77 34 37 15 40 32 46 39 73 7 45 53 69 27 54 52 66 3 61 48 33 17 26 30 65 59 31 51 29 22
3 24 22 34 46 38 25 5 43 70 42 71 60 41 52 35 18 20 54 14 57 67 73 26 75 37 53 30 50 19 51 36 68 28 6 59 64 39 0 17 11 21 76 12 74 48 15 8 40 63 7 62 45 49 27 77 65 78 56 69 23 61 29 66 4 47 58 13 2 33 32 9 72 1 16 79 31 55 10 44
71 56 8 30 5 20 25 38 17 62 0 33 44 74 51 1 26 63 41 24 34 3 9 53 77 64 75 19 66 65 42 37 39 16 59 40 13 11 76 4 6 2 48 78 27 79 58 7 31 60 67 23 29 55 70 61 57 12 32 50 35 15 10 68 36 14 21 43 47 72 22 45 28 54 18 46 49 73 69 52
25 14 39 16 30 40 70 23 12 53 74 79 33 41 62 77 6 58 17 19 36 2 22 35 43 69 18 73 34 59 37 24 66 57 45 1 46 7 67 42 21 49 48 72 10 54 28 38 15 47 32 64 76 55 44 75 20 3 63 29 31 11 56 51 71 61 52 50 13 4 26 0 5 27 8 78 60 9 68 65
30 13 48 12 76 37 64 75 7 70 1 62 8 77 18 17 53 4 44 73 78 60 56 52 0 29 6 79 3 72 36 22 55 42 15 31 46 69 11 21 59 10 24 71 20 67 25 16 54 26 33 57 65 5 68 47 74 28 34 50 19 2 51 40 43 58 27 38 66 9 39 14 32 41 23 61 35 45 63 49
23 19 64 14 65 22 17 28 38 45 3 55 33 7 63 20 21 29 77 71 50 40 37 41 75 32 48 51 47 34 76 1 61 35 60 78 72 67 0 5 46 8 2 53 39 66 79 49 70 15 16 56 9 74 54 43 68 30 18 26 13 4 10 69 44 42 24 73 52 58 36 12 59 31 11 27 25 57 62 6
36 19 63 18 59 73 20 21 14 27 60 24 32 77 69 38 46 52 33 49 78 15 26 35 45 64 72 43 44 55 66 5 25 42 74 6 22 54 41 29 53 57 9 3 51 68 47 10 65 11 17 50 8 79 71 61 70 67 31 13 7 23 48 16 1 56 37 40 0 30 4 58 76 75 34 12 2 62 39 28
43 67 33 61 16 0 76 53 9 15 20 7 52 14 36 38 2 58 54 21 62 17 75 8 6 4 19 56 44 12 29 47 64 55 77 72 27 31 79 73 40 49 42 51 57 35 48 68 45 65 59 25 34 78 5 10 23 39 74 26 66 28 69 41 22 3 70 11 24 63 1 46 30 50 18 13 32 37 71 60
57 37 11 42 23 35 7 72 64 36 15 12 32 14 73 3 18 69 56 43 34 29 26 0 24 6 63 22 66 65 33 75 55 17 5 53 62 41 47 13 25 16 20 19 70 61 58 50 46 39 51 59 40 1 71 67 4 68 60 52 38 30 9 49 8 79 27 48 10 45 76 28 78 74 77 21 2 44 31 54
14 60 28 77 78 15 13 34 64 58 72 22 44 45 56 9 62 63 71 51 7 18 70 36 26 12 47 73 79 66 10 55 59 50 24 37 48 76 19 54 17 74 68 43 52 29 16 33 25 2 38 67 75 40 69 1 35 27 30 61 53 5 42 0 46 32 8 49 4 11 3 23 6 41 20 21 57 39 31 65
9 32 24 33 12 78 55 54 6 66 38 51 10 2 46 71 74 39 26 45 70 30 58 73 53 69 57 49 23 18 43 0 28 13 56 68 3 65 27 25 63 15 19 34 42 5 50 8 77 11 35 40 59 64 4 21 1 52 60 37 47 61 16 79 62 75 7 31 14 17 44 67 29 22 20 36 76 48 41 72
3 11 69 79 27 42 57 55 44 77 51 16 13 67 68 38 22 73 56 0 63 52 32 26 75 70 4 2 74 39 14 31 48 15 36 34 71 61 17 19 23 43 5 20 60 58 30 54 12 35 65 45 9 7 33 53 41 50 62 8 40 76 59 49 29 1 46 66 6 24 25 47 72 18 64 10 78 37 21 28
57 31 50 76 42 43 24 33 51 28 64 62 0 41 70 38 75 66 48 10 27 49 54 36 9 55 29 40 4 16 47 63 17 67 18 25 34 68 77 61 65 15 58 37 21 78 19 69 11 8 73 44 39 35 7 59 74 71 56 30 32 72 6 1 60 45 2 22 20 3 23 14 5 12 26 46 53 79 52 13
79 43 72 11 55 22 42 10 54 2 6 57 35 5 30 17 16 1 13 19 70 78 50 58 39 46 41 12 28 36 52 47 77 65 40 73 26 7 64 4 60 9 27 56 3 53 67 37 14 34 8 49 33 75 15 51 38 32 18 45 31 62 29 61 71 63 76 68 69 0 66 21 24 25 20 44 48 59 74 23
44 65 73 33 74 75 63 28 25 30 77 6 59 50 71 20 56 39 13 66 26 79 47 8 69 5 40 17 15 37 7 27 42 18 31 11 76 24 68 3 61 48 23 10 53 60 9 51 45 36 64 62 1 43 72 4 49 29 46 57 14 16 58 54 2 78 21 34 22 67 38 70 19 55 12 0 41 52 32 35
21 45 41 73 51 26 64 65 47 2 72 13 55 24 17 40 22 33 39 36 77 49 38 42 63 50 58 28 31 4 66 46 68 56 5 3 61 1 57 27 20 25 53 34 18 15 74 48 37 52 12 9 19 16 54 0 10 79 70 43 60 76 7 67 75 78 30 11 14 69 8 71 6 35 23 59 32 29 44 62
54 60 1 10 34 51 12 78 73 65 31 2 29 26 3 23 14 8 35 37 4 49 71 15 22 77 38 11 64 24 42 76 59 27 72 47 53 13 18 0 56 50 7 41 30 17 44 58 69 62 39 20 52 36 55 33 43 21 66 61 57 19 25 16 74 79 45 5 6 32 75 9 67 28 70 46 68 63 40 48
22 79 49 51 4 76 58 46 72 15 56 45 50 40 10 47 9 54 78 11 26 65 28 53 77 36 69 7 66 6 1 41 27 75 57 23 19 32 13 0 38 17 67 16 62 37 63 44 42 5 2 64 14 31 24 29 55 70 30 18 52 21 73 34 12 61 35 20 48 68 33 3 60 43 8 74 39 25 71 59
73 71 18 24 17 16 45 40 76 57 6 59 10 15 52 56 44 32 72 7 66 33 26 27 53 2 61 58 75 79 39 19 70 5 60 13 35 38 67 74 50 77 28 11 36 68 46 54 42 37 49 78 29 47 48 63 23 1 62 41 21 69 34 22 3 65 43 4 30 51 20 25 12 55 0 14 9 8 31 64
24 60 25 52 58 70 17 28 23 43 30 15 53 50 38 74 29 73 12 57 14 71 64 69 8 33 21 42 31 9 27 0 48 72 41 67 45 51 36 7 37 62 20 47 26 6 63 1 49 19 32 10 66 59 75 79 16 46 55 35 11 44 5 13 61 39 68 34 4 22 18 76 54 2 40 3 78 65 77 56
72 2 0 73 1 79 60 15 51 32 10 24 38 36 49 31 37 66 25 26 63 23 7 53 4 19 41 27 59 21 44 45 22 50 11 52 34 33 40 58 61 30 13 42 71 6 65 29 9 74 75 5 64 78 69 55 20 68 12 77 17 70 47 48 67 8 14 76 54 28 3 43 57 16 39 62 35 56 18 46
25 7 29 4 33 35 41 68 13 26 28 67 11 76 51 44 12 17 60 43 3 73 62 74 19 8 14 50 47 21 34 58 24 39 32 20 5 64 38 6 66 30 63 36 53 72 45 22 46 71 59 27 79 55 9 40 78 0 16 48 57 2 10 37 52 56 77 31 49 75 70 42 69 65 15 1 54 61 23 18
37 65 14 18 61 28 42 25 10 50 67 57 69 7 76 33 56 24 8 59 23 2 66 60 16 77 72 35 1 27 68 26 52 39 41 46 44 40 79 17 31 78 36 70 34 30 38 5 74 54 45 3 47 22 12 58 64 13 43 53 62 55 71 11 48 29 9 21 63 15 73 19 6 32 49 75 0 20 4 51
22 24 55 51 27 21 45 48 4 66 70 30 37 19 50 33 16 78 60 6 49 23 53 3 20 62 63 41 72 58 46 73 10 47 38 26 39 14 8 42 36 40 9 29 35 52 77 34 15 56 31 69 25 79 18 71 44 2 67 59 65 12 1 13 76 57 17 11 7 61 64 43 75 54 0 28 32 5 68 74
66 10 58 9 13 36 11 43 74 50 73 1 70 20 25 28 3 46 35 4 63 54 34 47 17 72 51 38 21 8 27 68 49 61 42 33 16 37 78 23 19 71 40 69 5 18 41 53 60 67 44 79 65 62 45 0 24 39 2 48 76 29 32 7 59 6 56 30 77 12 26 64 14 55 75 57 31 22 15 52
79 65 44 29 27 71 3 61 39 49 24 60 53 74 5 77 59 11 51 66 45 15 20 4 9 18 17 25 70 41 7 73 8 37 40 0 43 55 16 75 54 26 64 57 35 13 50 46 34 12 78 33 62 47 58 67 14 22 56 28 42 48 2 72 38 1 36 63 10 21 69 23 68 30 6 52 31 76 19 32
