51
26 23 16 37 40 17 19 21 28 8 35 5 24 0 27 4 41 25 42 13 1 2 6 34 33 45 11 48 14 39 15 43 30 29 20 46 38 32 47 31 44 22 18 7 10 3 9 36 12
8 24 2 36 45 21 34 31 47 0 10 5 43 14 18 29 22 7 15 9 41 42 4 13 16 38 33 23 25 11 32 17 20 6 39 19 28 12 46 40 48 30 1 35 27 44 26 3 37
27 14 29 47 6 28 41 8 20 0 18 24 4 19 45 40 22 30 36 31 15 23 10 26 32 9 12 38 35 44 48 13 3 46 17 16 39 21 11 7 37 33 25 42 5 1 43 34 2
34 4 8 48 29 23 7 43 1 10 37 38 17 21 19 14 22 47 26 42 32 12 20 18 9 35 5 45 44 6 30 2 15 25 41 16 31 39 3 13 27 0 46 28 33 11 40 36 24
36 48 29 11 40 31 0 22 5 15 17 21 42 9 39 12 24 23 35 37 26 2 18 1 41 43 16 28 10 7 45 32 27 44 30 14 13 33 47 20 34 4 38 46 6 19 8 3 25
29 3 40 21 36 35 8 27 14 13 41 9 22 4 44 20 37 33 32 24 12 45 2 1 31 19 17 23 48 0 42 7 43 10 6 11 26 47 38 15 39 46 5 18 34 30 25 16 28
32 5 16 23 34 35 48 27 43 14 17 42 13 11 26 20 12 25 36 41 24 37 47 0 1 40 15 46 45 4 6 28 2 29 31 30 18 8 38 3 7 10 21 44 9 33 19 39 22
18 13 39 30 38 28 33 36 26 2 27 47 44 46 34 10 41 31 20 37 40 6 3 35 23 8 24 45 16 22 14 12 42 15 7 21 29 9 5 48 11 17 25 4 19 43 1 32 0
19 35 22 17 25 5 26 46 37 2 44 36 14 3 48 8 30 6 13 12 24 4 27 33 42 34 9 7 47 16 20 18 21 43 15 38 23 0 28 41 32 45 39 31 11 10 1 29 40
2 25 42 7 22 8 1 4 5 16 48 12 23 35 44 40 19 36 17 26 31 41 28 46 32 37 34 38 15 29 43 24 6 39 10 0 33 20 27 11 21 14 30 18 9 13 47 45 3
38 40 21 44 5 35 31 24 36 26 42 14 28 4 7 8 0 47 15 41 32 46 33 39 22 45 17 3 6 19 29 27 23 34 48 43 1 16 18 2 13 37 9 20 11 10 25 30 12
46 16 19 32 25 33 29 34 26 13 17 36 12 24 40 0 8 23 28 44 1 48 7 20 5 38 31 43 42 22 3 41 30 6 11 10 14 9 15 21 35 37 45 4 27 2 39 47 18
37 9 48 18 35 26 46 20 13 31 14 27 8 16 24 43 23 11 5 44 1 2 12 10 36 19 32 38 41 15 4 3 28 17 21 47 6 0 22 7 39 40 33 30 25 45 29 34 42
38 40 42 36 15 33 43 25 48 44 12 30 7 19 16 47 27 11 39 41 2 20 9 26 17 0 23 8 35 14 45 46 24 13 37 28 3 29 5 22 10 4 32 1 6 31 34 21 18
44 21 1 14 9 18 8 38 34 32 3 26 24 48 30 16 31 41 35 37 29 7 40 2 19 47 12 20 45 36 15 22 46 13 17 23 28 6 10 33 4 11 39 25 27 42 5 0 43
25 21 11 17 34 32 20 43 1 36 35 13 40 31 48 23 42 19 46 26 8 3 9 6 41 24 15 12 0 4 5 28 29 45 14 33 22 30 16 39 7 27 38 37 44 2 18 47 10
11 37 5 0 47 38 1 32 18 20 44 16 24 13 35 28 39 10 36 8 48 23 15 43 46 29 6 30 9 26 19 12 33 41 7 31 45 42 25 40 14 21 34 17 4 2 27 3 22
27 36 2 46 4 28 37 9 13 5 41 25 10 20 12 35 17 7 26 0 16 33 19 18 45 8 40 6 43 11 23 24 14 15 22 30 31 44 3 38 1 47 48 21 32 29 34 39 42
30 32 43 35 9 0 22 17 12 4 21 18 20 19 34 24 8 40 45 44 23 3 38 26 16 2 13 46 14 33 29 39 10 1 47 37 25 41 48 28 42 5 15 11 31 7 27 6 36
40 32 35 2 13 38 1 44 4 27 30 37 48 29 46 31 39 26 23 14 3 47 5 43 24 0 12 17 7 21 28 10 16 42 36 11 15 19 41 22 8 20 33 9 45 34 25 18 6
42 44 40 8 21 39 23 25 26 43 16 7 19 45 36 14 11 38 10 27 17 5 46 32 22 18 15 34 37 6 41 33 31 48 12 30 29 20 3 0 1 2 9 47 13 28 24 35 4
3 13 33 37 43 9 22 36 44 39 21 23 25 41 48 1 19 29 30 20 28 18 26 11 42 38 47 5 6 4 40 10 0 15 34 12 27 14 45 7 8 46 35 2 32 31 17 16 24
20 12 31 44 35 40 5 13 21 27 6 4 7 42 36 24 37 11 45 25 28 48 0 18 8 14 10 2 29 17 30 41 9 46 38 3 43 22 33 32 34 16 26 23 47 1 39 19 15
19 5 28 26 22 20 6 8 31 41 38 16 29 48 4 18 3 32 30 9 46 17 27 14 37 15 44 34 2 36 23 7 43 0 42 24 33 47 40 12 35 39 13 45 25 11 10 21 1
41 11 42 46 23 5 29 7 15 38 1 27 10 25 0 18 14 17 34 28 40 16 44 4 48 35 33 6 2 21 37 26 9 12 31 20 24 36 19 39 3 8 30 32 47 22 13 43 45
42 3 33 10 38 2 37 13 48 7 43 27 24 34 40 30 11 21 4 39 45 44 47 20 16 19 25 31 35 5 9 41 46 1 15 29 23 14 18 36 28 22 17 32 12 26 8 6 0
30 36 35 40 5 3 14 2 41 23 17 6 11 22 24 33 42 18 27 32 9 47 28 43 25 10 45 19 44 7 16 26 13 4 15 8 39 12 48 1 21 34 38 20 31 46 0 37 29
42 44 21 31 28 29 2 47 41 37 40 32 5 4 43 6 23 19 22 38 8 14 39 18 3 36 12 25 26 33 1 16 13 11 0 34 24 48 10 30 15 46 35 17 20 9 7 27 45
0 33 7 24 47 39 43 23 45 1 16 12 28 14 10 32 46 4 11 20 42 5 34 17 2 36 19 35 30 22 15 3 13 29 26 38 31 40 6 41 37 21 44 18 8 48 25 27 9
29 25 26 3 40 2 4 48 17 42 20 24 18 33 5 36 7 38 0 13 23 37 1 35 21 9 31 10 11 32 12 22 43 39 19 41 16 44 28 27 6 45 46 15 34 47 30 14 8
5 30 20 31 37 14 39 13 42 44 15 40 8 43 41 2 6 36 34 35 16 10 38 19 29 21 12 3 32 18 22 7 47 46 23 11 24 1 4 17 28 48 26 9 45 0 27 33 25
5 39 24 35 10 0 34 46 32 7 8 48 13 18 25 42 4 21 23 45 6 19 44 40 31 20 47 14 15 29 33 11 2 28 41 37 22 38 30 3 36 17 27 43 16 26 9 12 1
7 12 1 6 44 23 19 39 11 31 42 41 27 32 20 8 33 38 2 34 47 45 3 10 22 29 40 16 21 30 25 0 18 36 43 9 35 5 14 13 15 17 46 24 48 37 4 26 28
4 7 43 44 24 42 41 9 48 36 5 45 23 28 10 32 33 11 22 39 27 2 1 18 25 31 0 17 34 15 21 16 6 12 26 14 37 35 30 3 47 19 20 38 13 29 40 46 8
10 33 0 47 8 4 20 16 17 30 12 44 28 40 26 43 3 42 37 11 2 14 36 35 19 34 38 24 45 41 13 9 46 25 1 6 15 29 39 7 27 5 23 21 31 32 22 18 48
33 14 24 1 8 10 12 0 17 7 28 22 30 37 27 35 46 20 38 6 16 23 47 15 32 19 18 5 48 25 4 43 39 42 41 21 3 13 11 44 36 31 2 9 26 34 45 29 40
47 21 8 24 36 45 33 3 19 5 41 20 18 17 29 13 7 48 22 1 11 9 31 32 39 2 15 23 38 28 14 44 46 12 26 4 16 43 27 25 34 30 42 35 0 6 10 40 37
43 14 13 41 5 32 27 19 2 18 33 39 0 11 3 24 6 40 45 25 15 7 37 8 36 26 31 38 42 22 28 16 35 21 46 1 23 44 4 12 20 17 30 34 9 10 29 48 47
46 44 43 1 11 34 13 16 26 15 27 23 21 28 19 3 33 29 45 0 20 9 5 10 31 17 4 41 25 2 8 12 14 36 35 40 37 39 47 30 18 42 32 7 6 38 24 48 22
13 20 25 0 16 34 43 8 3 12 28 26 29 17 4 27 47 19 9 40 41 46 24 42 11 15 1 36 21 33 35 44 18 2 7 30 31 38 6 5 14 39 45 37 23 48 22 32 10
35 29 31 45 14 28 9 16 47 20 26 39 44 5 19 3 43 17 38 15 33 18 48 13 4 42 11 24 0 25 32 23 12 30 2 37 46 8 34 21 22 6 40 7 1 36 41 10 27
19 15 30 22 33 44 29 23 45 17 27 31 20 42 34 35 12 25 0 7 5 36 8 1 24 2 28 18 32 41 3 11 6 38 26 13 43 16 40 47 37 39 48 4 46 9 10 14 21
48 30 18 1 27 44 14 37 15 5 11 0 24 45 35 36 8 40 2 41 34 3 32 43 12 20 10 25 21 39 23 31 19 7 29 4 16 28 9 26 38 33 22 17 13 42 46 47 6
32 30 44 15 4 9 47 31 6 45 24 26 38 0 11 37 34 21 1 14 12 3 18 19 22 10 20 28 25 23 40 42 29 17 39 27 41 35 2 48 7 36 43 13 8 33 16 46 5
33 29 6 48 44 21 16 46 20 28 0 15 3 13 30 23 10 8 34 12 9 47 39 14 31 40 45 19 42 5 26 35 27 32 7 37 38 36 18 4 24 22 2 17 1 43 41 25 11
9 42 39 7 10 44 37 11 20 5 29 41 30 13 25 0 14 32 48 23 38 12 27 2 47 36 17 31 21 6 33 45 15 18 19 8 24 35 26 1 43 34 28 4 3 46 16 22 40
40 8 18 27 11 16 3 23 15 4 22 39 25 14 6 24 35 32 38 29 21 45 44 13 2 43 33 5 19 41 20 9 1 30 34 47 12 17 7 46 0 26 36 31 28 10 42 48 37
13 6 4 45 3 30 1 9 18 47 33 24 41 25 27 46 34 39 11 44 38 32 36 28 48 40 5 35 23 19 15 20 43 31 8 14 17 7 0 10 16 21 26 37 29 22 12 2 42
43 37 38 48 4 31 45 30 8 32 44 46 1 19 33 34 42 2 39 27 23 12 28 18 14 29 3 26 21 20 10 11 41 7 15 25 17 40 16 9 47 13 24 5 0 22 6 36 35
24 2 18 22 43 37 40 5 39 45 28 48 27 41 8 21 25 30 11 36 34 29 9 4 42 7 13 14 16 38 1 0 46 15 6 32 26 12 35 47 10 20 44 3 33 19 31 23 17
29 32 40 19 47 27 36 20 17 3 9 30 14 46 6 8 38 42 25 33 39 2 0 16 28 18 37 15 5 23 21 12 43 24 31 7 45 4 26 44 35 41 10 13 11 34 1 22 48
