51
50 55 25 15 6 35 30 48 26 23 34 47 1 41 43 18 54 31 3 0 2 42 20 49 9 22 28 16 12 33 45 4 52 7 29 40 38 36 24 11 46 57 19 37 17 58 5 10 56 32 27 21 39 14 8 59 53 13 44 51
57 44 30 38 32 24 5 48 20 1 33 17 23 6 36 28 11 49 21 59 12 42 15 19 39 10 14 34 9 40 0 41 46 53 58 16 54 22 3 50 29 55 51 52 13 4 56 7 47 31 2 26 43 37 18 25 27 8 45 35
38 30 9 7 39 46 49 22 20 41 33 42 14 58 29 36 43 16 5 27 1 50 45 23 8 28 53 52 48 40 35 51 56 59 3 21 44 25 37 31 24 2 19 54 10 18 11 15 4 26 57 32 12 0 13 17 47 6 34 55
57 42 2 24 34 47 43 46 38 55 19 5 51 58 6 32 12 27 3 54 14 53 35 26 1 7 52 30 22 9 0 29 39 49 44 10 41 31 48 23 8 59 40 33 25 16 56 11 4 20 15 28 18 36 13 50 37 17 21 45
47 21 12 48 9 49 56 33 55 17 44 57 22 15 51 41 8 34 50 4 43 54 11 37 18 0 23 3 26 38 5 16 58 29 31 6 39 27 30 24 40 25 36 52 2 32 10 35 20 45 28 42 59 1 19 7 53 14 46 13
54 44 19 20 15 51 33 16 6 58 26 49 30 23 47 13 34 45 18 22 36 0 12 41 38 1 28 24 5 21 59 4 48 9 2 50 52 17 55 53 39 40 25 3 37 27 31 56 43 29 46 57 32 11 35 14 42 10 7 8
13 49 40 4 29 32 47 34 19 12 27 53 43 15 20 46 3 52 26 6 17 24 55 50 38 2 8 39 36 9 57 14 10 51 30 18 28 37 45 22 54 41 35 25 31 7 59 44 21 5 11 42 58 23 48 0 33 16 1 56
48 12 34 25 41 30 0 10 35 23 45 29 28 32 49 19 7 2 39 54 59 52 27 38 56 18 46 9 58 26 17 51 1 4 36 5 55 33 22 6 11 47 44 8 14 53 43 3 21 40 20 13 50 42 16 31 37 57 24 15
41 56 42 59 20 8 58 30 44 54 25 13 18 28 37 46 26 15 57 22 49 2 12 55 19 36 5 27 52 32 10 9 39 14 38 4 34 21 31 53 24 3 50 23 29 47 11 43 17 40 35 7 1 45 48 6 51 33 0 16
28 53 56 8 20 19 36 59 48 1 42 32 10 46 24 0 58 43 39 9 13 33 25 27 54 26 30 50 51 41 14 11 31 34 45 4 12 6 2 7 49 40 5 44 38 29 37 18 3 15 22 23 16 35 52 57 47 21 55 17
9 52 22 26 25 15 24 21 3 19 54 30 14 23 5 7 50 43 29 55 46 35 40 27 4 12 39 48 56 59 18 58 37 45 38 51 41 17 49 47 0 6 13 32 10 16 53 36 8 44 57 20 1 33 2 34 28 11 42 31
18 3 5 27 16 9 57 19 54 33 38 14 31 48 22 2 42 46 34 25 17 7 21 47 51 1 13 37 30 44 23 59 58 12 35 50 36 26 45 40 41 55 15 24 29 56 10 39 4 0 43 32 28 11 52 6 20 49 8 53
16 48 3 42 29 52 1 0 9 35 55 58 4 46 23 50 26 8 27 59 25 17 36 30 57 24 18 15 28 45 14 47 32 33 31 11 5 56 40 19 21 49 51 37 2 41 53 44 34 20 6 10 38 22 7 39 43 54 13 12
38 41 22 8 59 26 5 49 18 37 28 47 12 3 55 10 7 19 34 36 33 24 27 16 54 48 44 15 11 0 6 23 35 42 32 56 17 30 2 1 20 39 13 14 4 29 50 46 21 31 43 40 58 45 9 52 53 57 51 25
48 54 0 34 57 19 17 22 37 56 8 30 44 41 36 16 13 46 39 1 25 18 35 55 7 26 11 6 15 58 49 24 12 53 27 28 52 47 38 45 9 10 33 4 3 40 31 20 50 43 23 2 29 51 14 32 42 5 59 21
10 11 30 2 40 0 9 49 44 56 34 29 8 38 57 58 23 13 42 48 41 28 43 35 53 52 55 37 50 4 15 25 27 6 5 46 47 24 33 54 12 45 16 51 21 18 17 22 1 3 39 26 59 36 20 32 31 19 14 7
34 3 55 44 16 19 37 25 0 28 2 10 24 48 9 11 31 7 39 27 41 43 46 32 13 14 29 58 20 53 18 49 4 56 50 57 47 23 12 51 36 8 17 54 42 52 33 26 15 1 45 35 38 21 30 6 59 40 5 22
33 7 40 15 26 41 29 35 58 59 52 54 21 53 16 14 23 20 0 25 17 11 38 49 2 3 18 5 9 24 8 32 51 13 42 31 6 43 4 56 37 1 44 55 47 46 19 57 34 22 30 27 28 50 12 10 39 48 45 36
23 33 7 39 49 48 4 30 40 52 57 24 55 43 50 1 35 59 15 44 20 11 0 26 8 29 19 2 16 46 54 3 21 31 36 5 56 14 9 28 37 22 6 27 47 51 42 12 13 32 41 18 25 10 17 34 53 38 58 45
9 31 51 16 34 26 24 23 48 41 12 3 37 52 39 36 57 27 54 53 19 6 44 18 17 1 7 38 10 14 30 42 58 29 11 32 50 46 2 56 28 49 43 59 8 40 35 21 13 0 25 33 22 5 15 45 20 4 55 47
12 58 4 55 19 48 35 38 53 47 31 21 46 23 50 43 18 22 26 13 11 34 2 27 10 30 8 32 37 6 15 44 57 16 52 29 3 40 51 59 1 7 28 36 9 33 39 24 56 45 0 42 49 54 17 25 20 5 14 41
11 35 40 31 55 30 45 14 8 19 23 47 43 25 59 46 2 26 57 9 20 54 12 27 3 53 36 50 6 49 48 0 58 17 56 33 32 51 21 18 28 24 1 34 38 22 4 37 41 16 7 15 10 42 5 13 44 39 29 52
4 24 6 36 42 11 43 31 27 12 7 18 23 17 30 58 29 1 55 48 46 40 38 47 59 49 37 5 15 9 33 20 56 21 0 50 26 32 3 39 41 22 51 44 25 57 35 28 16 19 52 54 53 14 8 2 13 10 34 45
42 12 45 47 19 40 43 3 46 59 14 25 21 7 24 49 17 54 2 11 23 38 4 6 1 53 26 57 22 36 15 9 35 48 30 0 31 32 16 27 58 41 55 44 10 28 39 51 29 5 20 50 18 13 33 8 37 56 34 52
57 19 12 39 44 34 45 6 56 59 2 1 3 50 43 16 15 28 32 23 24 9 51 13 49 4 8 7 25 37 52 14 22 48 30 5 11 54 42 10 31 40 27 17 20 38 18 33 41 53 35 29 36 47 58 21 55 46 0 26
6 59 8 38 54 49 27 33 37 28 42 13 58 56 51 50 5 15 26 39 43 22 29 34 31 53 16 41 7 11 36 19 21 14 0 24 35 2 44 25 10 46 57 23 12 52 32 20 18 55 3 47 30 1 40 48 4 9 17 45
18 47 27 9 58 28 2 38 46 41 56 17 53 11 40 39 21 55 16 0 57 1 49 50 36 26 31 20 3 29 45 30 4 8 33 32 37 44 23 25 7 13 24 19 59 51 52 12 35 10 42 15 34 6 54 43 48 5 22 14
11 26 24 49 20 56 2 41 4 19 37 8 9 21 42 7 35 23 36 57 39 34 14 55 18 53 38 54 30 3 22 29 0 13 47 33 43 1 12 44 27 48 17 25 40 6 5 45 52 51 31 10 50 15 58 32 16 46 59 28
53 57 51 14 13 15 26 42 37 34 52 16 3 50 45 27 24 10 12 56 35 31 6 30 48 36 32 28 20 58 40 38 21 23 29 49 9 55 0 1 22 41 54 2 7 18 4 17 39 8 33 19 43 44 59 47 11 5 25 46
30 35 17 55 40 38 9 16 4 56 58 5 21 1 36 44 24 45 12 43 19 18 27 6 8 2 7 15 50 29 32 39 22 33 13 20 46 49 25 59 14 57 31 47 0 11 3 26 23 51 52 10 28 41 48 34 42 54 53 37
6 35 58 15 53 0 45 3 34 30 57 25 23 33 42 50 46 51 39 19 56 43 49 8 55 9 4 29 14 18 41 37 40 48 24 36 47 22 17 54 28 1 13 10 2 26 20 38 16 5 31 32 27 11 44 7 21 59 52 12
32 39 41 10 4 36 29 3 28 46 9 45 47 53 7 13 30 27 57 16 55 26 21 22 52 58 33 38 6 8 54 35 2 56 44 0 18 31 5 11 17 15 43 20 51 12 24 25 19 1 34 23 48 37 14 40 50 49 59 42
59 13 2 18 25 57 8 10 52 21 41 5 43 40 31 33 42 46 19 4 51 48 20 1 32 9 29 28 11 35 3 22 0 44 56 12 17 26 34 49 55 47 23 16 45 50 30 54 58 36 27 53 15 14 6 38 24 37 7 39
1 55 7 0 33 31 13 34 17 26 24 21 11 25 29 54 22 46 30 18 6 52 51 2 38 53 58 56 57 43 32 45 40 3 12 9 44 50 28 49 23 48 10 59 5 20 19 42 16 15 36 47 27 8 14 35 37 39 41 4
1 44 53 45 50 29 40 30 52 49 56 21 5 57 0 51 47 39 36 34 35 46 19 24 12 15 33 59 31 32 18 54 37 48 8 7 43 38 22 25 28 26 2 23 3 58 17 11 6 41 42 14 16 27 10 9 20 4 55 13
57 25 32 34 20 13 45 39 17 26 42 38 44 36 52 5 43 58 2 29 21 41 33 1 9 0 15 49 55 19 53 31 28 51 48 18 50 30 12 47 23 56 35 59 14 46 7 24 6 37 11 40 54 4 10 22 27 16 8 3
56 57 51 37 23 47 14 54 52 38 25 29 33 58 39 18 49 31 41 16 43 11 22 17 48 32 34 26 53 27 46 30 21 4 10 59 20 6 5 1 28 12 3 15 9 24 44 13 40 19 50 2 8 42 45 35 0 55 7 36
59 50 15 48 11 44 19 25 58 7 34 24 4 39 33 41 29 47 13 8 45 53 18 28 2 26 57 0 56 30 12 21 31 6 49 32 52 42 46 54 43 20 36 38 10 23 17 37 16 22 14 27 1 35 55 5 40 9 51 3
54 14 41 23 44 33 45 42 48 46 52 7 30 50 6 22 36 53 3 21 29 31 55 59 13 24 19 27 49 25 11 20 16 8 56 12 26 34 40 17 0 58 43 37 32 4 47 38 2 51 28 5 15 9 1 35 18 10 57 39
32 4 18 1 27 23 14 34 39 24 13 50 58 3 59 55 0 42 49 25 45 16 11 41 46 38 20 44 12 26 7 10 52 17 6 29 57 9 15 40 8 43 53 33 37 21 48 47 2 28 54 30 36 56 22 51 19 5 35 31
21 44 53 46 8 36 16 49 35 31 13 12 38 42 9 58 54 59 24 52 56 43 32 2 6 15 37 45 51 17 22 19 20 14 47 10 4 57 34 55 23 7 41 30 40 11 27 29 50 48 28 39 26 3 25 5 33 18 1 0
5 13 14 38 25 39 36 48 59 20 30 4 21 43 18 35 58 9 56 28 16 51 11 2 37 8 52 7 46 34 26 55 57 6 54 10 33 22 19 27 1 23 44 42 15 3 12 24 41 31 32 47 45 40 53 29 49 0 50 17
31 25 50 57 45 2 10 4 44 37 41 58 55 43 22 48 27 39 36 42 32 59 23 40 51 52 8 7 46 56 14 17 35 5 53 28 11 29 19 6 38 3 26 0 18 30 34 13 15 1 12 49 9 54 21 16 20 24 47 33
33 44 46 55 28 54 37 21 7 34 56 14 4 29 19 36 6 45 20 31 52 9 32 16 49 59 25 48 57 24 23 47 12 58 22 40 50 39 42 15 17 2 43 26 1 0 27 18 10 38 5 13 53 35 51 41 3 8 11 30
43 41 35 23 24 30 55 48 9 49 59 42 17 1 5 20 37 12 45 57 32 0 7 34 40 51 47 22 33 19 50 38 39 25 56 21 14 26 29 13 52 31 15 6 53 18 28 36 10 4 8 46 2 44 58 27 11 3 16 54
55 52 41 46 47 30 56 59 54 49 32 15 36 0 22 50 21 18 6 40 26 43 13 48 45 16 23 7 4 34 5 19 38 33 12 58 1 29 2 44 3 57 42 28 14 39 25 11 37 9 31 10 8 35 20 27 17 24 51 53
51 46 8 55 45 11 47 17 15 31 28 3 58 13 44 26 10 40 36 30 39 4 43 2 54 0 50 49 12 52 37 38 25 7 29 24 59 35 32 27 53 9 14 33 21 22 42 34 5 56 19 23 1 18 16 57 20 6 41 48
31 17 13 46 22 53 3 55 52 0 28 40 42 10 2 6 45 38 21 18 16 50 58 37 57 51 11 20 4 27 34 7 41 30 1 23 33 12 29 24 9 36 15 19 48 8 32 43 59 49 26 56 35 44 39 14 5 47 54 25
59 22 0 37 43 38 50 23 27 1 24 11 25 21 20 55 16 51 41 46 15 36 17 5 3 42 8 57 7 28 34 19 49 32 2 14 52 33 45 12 54 39 56 30 18 53 35 29 6 10 48 40 4 26 31 9 58 44 13 47
51 45 40 52 16 55 47 1 53 11 9 17 41 25 12 20 19 21 58 8 4 46 15 13 22 6 57 0 54 14 49 32 30 48 27 59 44 29 3 33 56 24 37 26 43 5 34 31 36 42 35 7 38 10 50 2 23 18 28 39
52 34 31 16 26 22 24 20 37 25 49 4 36 51 33 13 11 28 58 56 57 18 44 21 48 5 1 47 7 19 38 46 10 29 9 42 59 39 40 3 14 12 41 6 50 45 0 30 32 35 53 2 27 17 54 15 55 8 23 43
