51
1 21 16 0 32 23 28 15 4 19 26 7 22 17 35 27 13 5 10 14 34 18 25 3 29 8 24 2 12 9 30 33 11 6 31 20
28 26 7 23 27 2 10 15 25 19 6 32 11 9 12 14 33 18 22 1 34 4 30 0 35 29 17 31 5 21 8 13 3 24 20 16
34 23 4 0 13 20 27 26 35 18 32 3 11 10 8 6 5 22 16 15 17 29 14 2 9 1 21 33 31 25 19 24 30 7 28 12
18 33 27 28 5 25 21 2 30 10 31 3 4 12 35 8 7 24 34 0 1 16 17 13 15 14 20 32 6 29 11 23 26 22 19 9
5 20 3 24 6 28 23 12 17 33 29 30 26 15 25 2 27 16 4 31 35 19 1 14 18 7 9 11 8 22 0 21 13 10 34 32
13 19 17 24 10 6 9 31 4 35 11 33 0 3 18 8 27 20 32 14 30 34 1 12 5 16 21 29 15 7 22 25 23 2 28 26
3 26 24 21 27 7 34 19 32 17 14 13 0 31 28 16 33 9 8 18 2 29 22 11 35 15 10 5 1 4 6 23 20 25 12 30
31 18 12 7 35 10 30 2 13 27 21 29 23 22 20 5 19 15 26 9 33 28 8 0 11 25 6 4 1 3 14 32 34 16 17 24
6 23 8 34 18 0 25 27 24 3 32 30 20 15 12 13 10 1 29 31 17 33 4 2 5 7 35 22 19 28 21 26 14 11 16 9
3 17 20 12 31 6 32 33 30 10 0 23 9 29 19 35 21 13 1 4 15 24 8 27 28 18 22 7 25 2 11 34 14 5 26 16
4 15 16 22 10 30 31 32 33 23 2 13 29 11 17 26 19 21 28 24 35 27 5 25 6 14 9 7 0 3 1 34 8 20 12 18
32 0 20 24 25 19 9 4 3 31 6 33 17 15 14 7 12 5 23 26 29 34 22 16 13 21 10 18 28 2 30 27 35 11 8 1
29 6 26 27 31 10 21 4 19 24 2 7 3 11 28 16 35 25 17 22 23 14 9 34 30 32 18 15 0 20 8 13 12 5 1 33
14 4 7 24 25 33 23 17 27 20 11 18 12 0 35 32 22 15 29 10 9 1 31 5 19 30 8 34 16 3 13 28 21 2 26 6
25 12 14 4 7 10 30 9 13 5 21 29 16 8 31 18 3 15 1 35 11 33 20 28 34 17 19 22 24 2 6 23 26 32 27 0
30 34 12 9 5 22 3 17 4 1 14 29 24 7 13 35 11 18 31 32 19 28 15 21 0 10 2 26 25 8 33 6 27 23 20 16
2 9 6 11 31 28 30 35 20 7 19 22 3 32 21 14 16 25 24 10 27 13 26 33 8 4 1 5 17 0 18 12 29 15 34 23
23 28 35 31 1 33 15 14 7 10 16 26 8 30 12 29 18 2 13 32 4 17 25 6 34 19 9 3 20 11 24 21 27 5 0 22
6 32 14 23 4 22 2 19 16 7 12 15 1 30 3 21 31 28 34 0 25 8 35 20 33 17 13 18 26 5 9 11 29 24 10 27
34 23 27 12 3 1 25 17 31 30 22 18 10 9 24 2 11 16 0 20 7 13 4 28 35 15 26 32 33 21 6 8 29 5 14 19
5 27 32 18 29 26 11 28 21 13 22 10 2 25 17 16 20 34 31 9 0 6 33 12 19 4 35 14 7 1 15 3 30 23 24 8
3 17 1 10 15 35 2 31 6 7 18 27 25 9 19 30 14 29 8 5 28 34 24 23 32 26 4 0 12 22 13 16 21 11 33 20
28 22 14 16 10 2 9 7 25 0 35 17 18 1 21 29 26 34 8 13 5 23 19 3 12 6 15 24 31 11 32 33 4 27 30 20
20 30 18 7 1 11 5 14 29 31 13 8 2 24 34 4 23 6 12 19 33 25 27 3 17 22 32 16 26 21 28 10 9 0 15 35
13 5 16 31 10 34 9 35 32 2 6 24 19 7 20 0 27 22 1 18 14 26 17 15 30 23 28 29 21 4 25 8 11 3 33 12
2 34 27 9 13 25 24 12 0 16 17 21 22 30 18 3 33 11 28 1 4 26 5 10 23 6 8 35 15 14 19 31 20 29 7 32
30 12 20 28 19 33 15 1 26 17 27 24 22 0 34 10 7 35 32 31 3 2 11 5 25 14 8 23 18 16 6 29 4 13 21 9
34 28 10 27 17 21 25 8 3 32 4 20 7 24 26 13 12 15 14 29 33 35 1 5 2 16 11 0 18 30 23 22 19 6 9 31
3 25 9 16 18 23 15 32 34 13 29 11 30 24 14 35 22 20 8 17 5 4 0 28 2 21 19 1 6 33 31 7 12 10 27 26
13 30 8 27 21 11 10 31 28 24 34 17 25 9 12 2 23 5 26 29 1 6 3 20 16 35 4 33 22 15 14 18 7 0 32 19
32 28 11 31 21 25 4 17 3 33 5 19 15 34 2 14 12 8 7 1 9 24 13 18 29 22 0 27 20 10 23 16 6 30 26 35
10 21 34 6 11 25 2 15 3 1 24 33 23 26 17 9 14 7 12 13 28 20 18 16 4 27 0 31 29 5 19 22 35 32 8 30
1 14 11 6 31 18 22 24 9 23 19 10 30 16 34 26 13 17 2 0 5 7 3 8 4 28 15 35 25 27 21 33 32 29 20 12
23 15 2 29 4 34 7 11 32 3 28 17 1 24 30 0 18 26 14 25 33 8 35 12 22 20 27 13 5 16 10 31 9 19 21 6
16 8 34 11 17 29 20 13 35 9 19 7 31 32 15 28 6 0 18 21 3 27 22 5 12 33 1 25 24 26 23 30 4 10 14 2
23 26 35 24 8 32 14 34 33 7 30 3 28 22 27 18 2 19 20 17 25 21 1 11 12 6 16 0 9 29 5 4 15 31 10 13
8 11 26 6 4 1 19 18 17 33 10 14 29 0 23 22 35 5 34 25 9 30 31 24 15 13 20 27 3 2 21 28 7 12 16 32
27 6 13 19 15 5 32 22 34 24 9 10 28 35 1 2 17 29 0 8 18 16 23 12 11 31 14 7 20 21 33 4 25 3 30 26
25 28 2 12 4 5 11 3 34 15 23 9 31 29 24 32 35 17 7 27 20 30 6 14 26 19 8 21 18 22 16 1 13 10 0 33
17 25 24 26 13 22 23 10 4 30 15 19 20 12 0 3 6 34 9 18 32 21 2 7 14 31 29 11 8 35 1 5 28 27 16 33
4 30 10 14 34 11 1 23 7 29 21 17 18 28 5 13 32 22 16 8 3 6 2 19 20 35 25 12 0 31 26 24 9 15 33 27
19 9 4 33 18 22 27 17 11 13 24 31 5 29 26 28 10 30 7 15 34 35 6 23 12 1 16 21 32 25 14 8 0 2 20 3
21 4 23 0 19 2 12 29 35 10 27 25 1 18 6 15 16 22 33 13 28 17 9 14 31 32 5 26 34 8 20 11 7 24 3 30
6 25 13 28 35 20 34 17 1 15 4 32 26 3 11 27 2 9 18 0 16 10 22 23 33 12 8 21 14 7 5 30 29 24 19 31
25 7 22 32 33 24 5 14 13 18 29 30 27 8 31 16 9 35 28 4 17 2 20 15 0 3 11 23 34 12 1 6 10 26 21 19
29 2 19 18 3 27 14 1 11 34 12 30 10 5 22 7 28 20 4 6 25 16 21 26 17 32 13 8 9 35 33 31 23 24 0 15
4 11 15 1 20 14 17 25 26 2 10 28 16 22 24 3 21 7 23 8 29 33 9 30 27 6 32 13 19 34 31 0 18 5 35 12
23 19 9 3 11 16 5 0 34 6 24 10 18 25 4 31 28 15 29 17 2 20 1 21 35 30 26 33 8 27 12 14 32 22 7 13
14 30 13 18 15 8 1 33 24 0 26 10 27 31 34 5 35 6 16 28 11 20 21 23 19 32 4 25 7 9 22 2 29 17 3 12
4 28 2 12 32 1 13 22 8 16 25 9 21 26 0 24 31 11 30 10 5 14 15 7 20 3 23 34 6 17 33 19 29 35 18 27
15 6 24 21 10 5 12 29 26 16 18 35 34 27 22 7 23 31 20 9 17 14 11 13 25 0 4 2 33 28 19 1 8 32 30 3
