51
8 0 5 7 9 3 14 1 13 4 2 11 12 10 6
9 3 12 0 8 7 2 13 6 5 1 11 14 4 10
3 7 14 9 0 8 6 4 12 1 2 13 11 5 10
4 1 3 10 6 11 2 8 12 5 9 13 7 0 14
8 9 5 14 12 3 10 11 6 13 4 7 0 1 2
14 1 4 2 7 12 13 9 10 0 11 6 5 3 8
6 12 4 14 3 8 9 7 1 13 11 0 5 10 2
14 11 7 12 8 13 5 2 10 6 3 4 0 1 9
2 6 0 7 8 4 10 5 3 9 14 13 1 12 11
7 8 5 6 11 10 0 2 3 13 1 12 14 9 4
13 10 8 0 2 6 14 4 11 7 3 9 1 5 12
7 3 2 11 0 14 9 8 1 4 10 6 13 5 12
2 1 14 6 0 12 10 3 8 7 11 13 4 9 5
1 6 3 12 4 8 11 7 13 9 10 0 14 2 5
14 7 13 1 11 10 6 5 9 8 3 0 12 4 2
14 4 5 8 0 9 6 12 2 7 1 13 10 11 3
0 7 2 1 5 8 12 9 13 3 4 6 11 14 10
3 11 4 0 14 1 8 7 2 5 6 12 13 9 10
13 8 14 3 2 12 6 9 0 10 11 5 7 1 4
9 3 13 6 7 11 14 5 8 2 10 1 0 4 12
10 7 11 8 3 4 12 14 13 0 5 9 2 1 6
9 11 1 5 7 13 14 4 12 3 2 6 10 0 8
13 12 4 8 7 11 6 0 1 9 3 5 2 14 10
12 0 3 13 14 6 5 10 11 4 1 7 2 8 9
10 11 7 3 12 9 1 0 4 2 13 6 14 8 5
10 2 11 4 14 5 8 0 13 1 9 12 3 6 7
8 2 3 11 5 1 12 13 10 7 6 4 0 9 14
7 13 4 1 0 5 10 12 3 2 14 8 11 6 9
11 6 14 12 1 2 4 10 13 9 0 5 3 8 7
11 10 8 4 7 12 5 2 3 6 13 9 14 0 1
9 11 6 7 4 1 14 10 13 8 3 12 0 5 2
10 9 1 2 3 12 14 5 6 11 8 7 4 0 13
11 6 13 4 0 10 8 2 14 1 5 12 9 7 3
1 6 9 3 7 2 5 8 11 12 13 0 4 14 10
7 11 2 10 5 0 8 12 1 4 14 9 6 13 3
1 13 10 9 3 4 8 7 11 2 5 14 6 12 0
5 3 8 0 4 11 14 13 7 6 10 12 2 1 9
7 3 8 10 0 6 9 13 2 1 4 5 14 11 12
6 14 12 2 4 8 7 11 10 0 13 5 3 1 9
1 0 2 7 11 5 10 12 8 6 3 14 4 13 9
1 2 6 13 5 4 14 8 12 11 3 0 7 9 10
0 4 9 5 3 12 11 8 7 1 2 10 13 6 14
7 4 6 14 10 1 2 0 13 8 5 9 12 11 3
4 0 13 11 9 8 7 12 6 10 3 2 1 14 5
10 5 11 1 8 0 13 6 14 3 12 4 9 7 2
1 4 8 2 5 9 3 13 0 14 11 6 10 7 12
14 12 11 10 7 9 8 1 6 5 13 4 2 0 3
5 1 3 12 4 7 13 6 9 8 11 10 14 0 2
5 0 10 2 13 1 12 4 14 11 8 3 9 7 6
8 5 10 1 0 7 4 14 9 6 2 3 12 13 11
3 4 2 13 8 6 11 12 5 7 9 10 0 1 14
