51
44 7 45 52 66 26 18 23 27 14 46 33 32 57 29 4 28 17 43 2 65 56 60 5 39 13 1 6 34 20 40 12 0 54 69 61 38 64 42 62 47 37 53 59 10 19 58 36 55 16 49 41 8 48 67 30 3 21 31 50 63 35 22 68 15 51 9 11 25 24
24 41 17 68 13 38 2 63 47 19 12 54 56 29 31 45 11 43 10 3 46 61 37 55 22 44 6 27 33 26 21 28 67 25 32 4 62 50 53 7 15 30 57 20 0 9 52 14 40 5 49 16 39 1 59 34 65 18 42 69 48 64 51 23 58 8 66 36 60 35
67 48 21 40 51 19 37 41 45 49 35 27 2 3 62 66 61 8 47 16 23 39 46 44 5 29 25 30 26 43 57 32 18 65 20 63 31 14 64 1 42 28 60 24 0 68 50 33 38 54 7 11 10 15 6 4 58 52 53 22 36 17 12 9 69 13 34 59 55 56
41 20 37 42 67 53 38 21 44 57 19 50 54 28 56 30 29 2 8 11 47 49 18 40 15 61 17 62 51 4 34 12 31 9 35 16 23 33 1 60 46 69 10 0 58 36 45 63 59 66 13 52 26 55 6 65 22 24 48 68 3 43 32 14 39 7 64 27 25 5
40 22 42 6 61 15 29 68 32 31 59 4 23 7 38 33 12 53 35 64 55 62 27 17 43 16 57 28 54 66 56 60 67 20 9 34 36 69 63 11 52 13 2 10 25 51 58 37 14 45 1 18 49 8 50 65 41 5 44 19 30 0 47 46 26 24 39 48 21 3
54 20 39 18 37 26 15 9 53 40 60 1 11 12 13 16 17 32 61 50 65 24 45 48 41 52 59 58 23 25 62 44 35 64 8 6 3 14 10 7 67 49 34 69 33 38 36 27 57 5 22 56 0 19 28 43 63 55 51 2 68 31 46 29 4 42 30 21 66 47
4 44 22 15 35 19 57 37 69 39 16 1 65 36 63 64 52 31 48 14 0 5 20 13 66 18 17 47 68 46 50 45 40 34 11 10 32 29 67 49 9 51 30 28 42 59 38 23 2 6 8 7 61 55 26 12 54 56 33 58 62 27 25 3 53 21 24 60 41 43
16 20 31 1 34 22 40 6 63 7 3 19 10 61 52 44 11 9 41 29 36 65 12 55 5 14 26 50 60 48 68 47 21 56 51 62 27 30 32 69 18 25 37 42 58 54 64 0 13 35 38 46 17 57 2 24 8 33 45 28 59 43 66 67 23 15 4 39 53 49
61 26 25 33 41 21 24 69 66 27 31 56 23 59 54 22 4 30 48 58 36 28 9 49 52 14 17 43 16 53 68 62 12 1 55 45 6 5 63 64 10 3 37 39 34 38 13 44 35 42 11 32 19 47 40 50 67 57 60 65 2 8 51 46 7 18 0 20 29 15
58 31 6 22 13 66 30 42 27 61 26 10 33 57 19 23 45 51 4 67 47 0 59 43 32 46 21 54 68 20 55 62 9 48 1 5 56 16 38 17 7 52 53 24 39 18 11 69 64 35 41 28 14 12 60 29 49 2 37 50 63 34 15 65 40 3 36 44 8 25
56 4 20 25 46 26 38 42 43 30 36 55 49 54 24 33 65 51 40 5 3 22 37 2 16 59 7 44 14 18 23 48 62 35 1 6 68 39 47 34 13 45 69 67 11 32 29 10 41 66 31 21 58 27 9 61 64 52 19 8 17 63 0 15 12 60 50 57 53 28
30 24 57 40 36 25 31 32 12 19 53 50 67 33 37 42 65 69 51 1 62 54 41 35 22 26 16 6 0 2 68 27 55 3 13 23 56 49 18 52 11 9 61 64 14 20 59 43 29 48 34 63 60 38 28 58 4 8 21 5 45 46 17 15 44 7 66 10 39 47
18 47 13 24 60 37 23 25 10 69 31 14 3 30 5 62 20 45 54 56 7 4 51 22 33 28 8 46 12 16 1 21 64 43 35 26 39 44 27 67 40 15 29 68 6 59 65 19 50 53 58 63 52 41 9 32 61 55 0 34 49 11 66 42 48 38 17 36 57 2
31 12 29 63 46 14 9 60 54 50 32 56 19 25 22 64 37 40 28 47 27 41 66 49 57 52 61 69 21 5 24 18 30 67 59 48 23 35 33 51 42 65 34 53 11 3 7 26 44 36 68 17 2 4 58 15 1 16 62 38 10 45 55 43 6 8 20 0 39 13
58 7 54 66 60 18 14 19 40 20 51 26 61 10 69 1 43 62 48 0 45 44 17 46 63 47 30 42 3 68 37 59 33 5 28 49 57 56 31 36 13 12 15 11 27 65 39 53 8 22 9 50 32 29 67 21 64 23 41 38 55 6 4 2 35 24 16 34 25 52
33 61 29 65 15 14 48 16 49 66 37 68 51 3 44 52 35 42 39 8 62 45 18 23 41 17 26 54 22 47 11 58 32 10 36 38 43 40 13 50 56 1 64 19 9 12 60 25 34 55 21 59 31 24 69 0 28 30 6 57 2 20 63 46 5 4 53 67 7 27
0 34 18 8 3 57 10 68 32 24 29 23 65 59 14 4 55 42 9 31 45 43 46 49 48 53 2 54 51 56 7 38 33 58 60 44 16 30 11 12 47 17 35 39 66 26 50 25 28 5 61 19 1 36 63 22 52 41 69 20 15 13 40 21 64 6 67 37 27 62
32 67 57 16 3 48 22 4 38 27 58 20 68 50 26 63 64 46 24 54 53 31 65 10 8 6 52 37 59 19 0 13 45 18 33 40 66 61 44 42 23 11 28 51 25 62 49 17 69 41 21 47 15 35 39 34 2 5 36 43 12 29 14 1 60 9 7 55 56 30
22 21 7 69 16 67 9 48 19 40 38 68 51 0 49 1 26 66 55 35 59 47 61 42 6 25 36 2 32 23 65 60 13 17 62 3 11 44 46 28 57 45 18 8 37 58 5 54 31 50 29 24 39 52 64 12 34 20 15 53 63 30 10 56 41 4 27 14 43 33
57 14 25 34 68 22 7 67 29 65 20 12 3 55 56 61 19 40 50 52 64 33 30 48 49 21 35 32 17 6 5 1 60 16 26 51 15 69 37 47 54 44 62 13 31 39 8 42 66 59 9 10 4 2 45 24 63 18 0 43 27 46 23 36 58 28 41 11 38 53
5 41 26 7 52 23 21 10 29 48 44 57 61 24 27 32 28 1 22 37 6 66 11 38 15 60 14 63 40 31 58 43 20 8 50 25 55 13 30 67 42 49 34 56 33 12 18 45 54 36 16 0 68 39 9 47 53 65 2 59 51 35 62 69 19 64 4 3 46 17
9 65 63 33 51 59 8 31 64 61 58 55 10 35 39 47 2 41 34 54 28 57 69 66 50 38 43 14 0 6 26 36 15 7 42 30 23 62 11 44 56 25 20 67 32 19 4 27 45 1 29 21 60 13 49 17 68 22 12 52 53 37 40 46 16 5 48 3 18 24
39 46 22 25 69 20 52 50 24 26 16 54 21 65 61 59 67 8 44 9 28 30 34 66 49 29 0 23 11 5 2 62 53 19 33 32 6 40 47 57 42 41 56 13 7 43 3 38 15 1 35 51 31 12 10 14 18 58 37 60 48 27 68 17 63 4 64 55 36 45
39 9 64 17 24 37 28 41 10 56 26 42 67 22 14 3 69 53 6 44 7 19 32 60 59 1 50 51 29 66 12 52 8 21 55 34 49 46 40 36 18 2 31 63 20 68 43 16 23 35 27 65 15 45 48 61 13 58 62 54 57 33 4 11 30 0 38 5 47 25
55 66 32 22 62 7 44 13 15 35 17 63 48 60 56 57 27 43 26 40 54 23 30 0 5 4 69 39 21 31 3 16 33 45 19 53 38 6 24 68 58 34 1 65 2 11 12 41 37 46 25 14 29 18 36 9 28 52 42 67 51 64 61 50 59 10 47 49 8 20
63 50 31 41 64 22 59 54 65 51 5 27 69 19 58 66 61 29 25 9 53 57 8 20 18 36 6 49 1 3 37 45 21 26 34 60 39 38 32 2 42 13 62 7 10 48 40 11 23 24 15 30 55 16 44 33 52 0 12 56 35 47 14 28 68 17 4 67 46 43
23 31 26 45 8 5 47 68 43 6 20 62 15 0 32 46 2 52 64 28 35 69 66 54 12 34 27 58 17 33 9 22 24 36 48 19 50 63 42 13 40 53 4 61 67 56 39 55 1 37 16 44 59 18 60 57 7 29 10 3 49 65 21 41 30 11 25 38 14 51
19 31 53 8 63 44 23 25 52 60 18 58 42 41 30 61 11 33 51 5 39 24 3 35 45 59 26 12 43 20 54 47 4 37 9 67 50 40 57 68 29 16 17 6 69 7 49 2 22 34 38 0 65 55 66 62 32 13 64 1 15 48 27 14 56 28 36 46 21 10
30 2 43 52 37 21 42 34 25 48 65 22 44 68 54 7 9 27 12 58 29 1 8 47 24 67 56 19 60 3 46 15 49 33 32 35 31 18 62 61 20 16 4 14 69 63 13 38 11 66 41 50 53 28 10 51 45 36 40 26 64 55 5 6 39 57 17 0 23 59
30 53 62 49 13 56 8 4 36 46 37 12 69 32 33 26 57 55 54 38 14 21 11 31 39 60 17 25 15 23 3 5 20 40 50 1 58 19 64 24 22 43 16 7 67 59 61 52 41 0 18 45 48 34 42 28 6 2 65 47 9 29 66 44 35 10 63 27 51 68
12 66 52 14 2 29 20 58 24 39 21 32 69 46 7 53 25 49 55 68 64 10 11 57 16 9 51 60 47 30 63 34 13 45 1 36 27 41 56 62 67 6 3 61 44 0 8 50 22 38 33 59 43 31 18 40 37 48 65 17 54 26 19 42 28 35 4 15 23 5
49 68 26 16 51 12 28 54 5 50 37 18 63 30 53 52 7 25 46 6 27 13 9 39 69 23 10 0 29 40 44 59 8 20 33 35 58 34 43 17 22 2 47 15 11 60 24 19 56 65 32 55 48 4 31 1 42 57 45 62 3 36 61 14 41 67 21 64 66 38
12 3 61 22 14 19 23 11 5 2 41 44 9 65 15 62 28 63 10 36 31 35 52 43 8 29 56 66 64 54 27 16 51 47 46 32 68 53 34 25 48 6 17 55 59 45 21 0 69 67 40 13 26 7 49 33 42 18 57 4 30 60 38 50 24 39 1 37 58 20
2 14 58 32 7 60 64 27 34 12 45 65 59 16 13 4 18 37 29 19 33 15 40 20 48 5 1 38 6 69 3 62 50 43 24 52 0 21 23 31 9 22 41 30 61 17 63 44 47 25 57 56 28 66 42 11 36 51 46 39 67 53 35 26 54 49 8 55 10 68
54 17 19 61 37 49 15 24 47 56 20 55 18 35 52 0 53 7 43 21 16 46 36 67 11 26 50 1 45 33 44 66 6 40 13 59 42 38 3 27 64 5 14 51 23 31 57 8 65 4 10 28 25 60 30 58 9 12 39 63 2 69 22 34 68 41 62 29 32 48
6 4 22 33 53 62 32 20 23 28 56 59 49 7 18 69 63 42 15 0 54 3 38 41 1 50 25 67 27 51 30 12 11 64 61 36 16 26 10 13 19 17 44 39 31 68 2 29 55 35 45 37 46 34 24 14 57 60 58 52 65 5 47 9 8 66 48 21 43 40
21 30 44 24 68 41 32 23 35 25 19 64 46 57 65 16 38 52 5 40 56 61 2 9 47 58 26 8 11 53 60 34 69 12 33 20 28 31 51 67 1 66 50 13 42 54 62 36 15 14 10 49 22 37 39 43 17 59 7 27 3 18 29 4 0 63 6 48 45 55
61 46 21 65 54 48 60 28 34 0 4 52 1 16 62 33 18 29 47 22 7 49 59 37 69 55 25 38 58 27 8 36 44 20 53 41 66 67 14 63 24 56 13 42 11 64 45 31 9 35 10 17 68 2 50 3 26 6 57 40 43 23 39 30 12 19 32 5 15 51
50 32 35 49 23 44 25 27 69 6 34 2 37 5 45 39 26 55 33 7 66 20 9 51 56 59 28 47 43 46 40 38 8 68 12 30 0 64 57 54 15 41 31 16 11 36 24 22 63 4 1 58 18 29 42 67 21 14 10 3 60 62 13 65 48 53 52 17 61 19
29 65 42 40 63 56 11 49 23 38 60 14 33 64 9 26 21 68 30 3 13 16 67 18 22 61 34 57 58 15 1 12 8 2 6 69 31 55 54 17 25 20 44 52 47 5 46 35 7 19 36 50 0 24 41 39 28 4 10 51 62 32 37 53 48 27 45 66 59 43
27 45 26 44 33 32 2 7 63 61 28 60 0 11 53 39 24 12 9 10 59 13 5 17 34 48 49 20 35 29 36 47 41 64 23 57 56 50 15 46 37 52 8 43 51 4 16 68 6 69 65 1 67 22 30 25 14 66 62 18 3 54 19 38 55 42 40 31 58 21
23 41 43 65 0 24 17 8 13 47 46 51 30 26 56 36 4 22 2 31 28 45 42 57 9 62 21 58 33 37 53 40 12 38 29 1 35 20 3 44 49 6 27 34 14 59 18 25 63 11 50 32 52 39 61 68 55 67 48 7 16 60 15 69 5 66 54 64 19 10
5 68 32 10 49 69 23 38 28 7 21 2 3 18 54 58 6 25 35 59 36 31 57 48 24 61 42 55 27 43 9 14 66 60 1 0 33 56 29 47 11 53 17 62 39 34 50 40 8 19 67 52 46 20 30 44 65 26 37 16 22 4 41 45 51 15 12 13 64 63
31 1 7 47 52 37 59 26 8 34 49 69 25 2 36 35 68 32 17 5 41 58 10 56 21 24 15 39 30 40 63 4 38 42 0 54 33 61 16 60 44 46 62 18 48 43 23 9 57 11 27 20 22 67 45 19 28 14 66 12 64 29 53 51 65 3 6 55 50 13
15 7 42 54 11 60 12 38 45 32 39 67 57 21 19 3 46 44 20 17 36 64 59 0 22 29 49 10 62 66 30 58 48 2 18 28 16 56 9 5 47 13 41 24 25 14 53 27 33 63 55 51 61 31 34 37 40 8 43 52 26 65 23 50 68 4 6 1 69 35
8 36 29 61 32 45 19 27 43 58 65 20 2 0 60 42 16 18 11 34 39 37 66 1 13 35 56 14 50 23 9 49 5 69 46 68 28 6 59 63 12 40 24 53 44 38 21 51 41 25 57 7 62 31 33 17 47 30 26 55 15 52 67 64 22 54 4 10 3 48
1 23 27 37 49 35 12 13 57 22 24 11 63 40 5 47 10 53 58 68 48 31 30 41 55 62 17 6 65 66 21 18 56 44 4 20 51 42 15 64 25 36 19 16 32 0 3 69 61 54 39 34 46 50 43 9 7 8 29 28 67 60 2 33 26 45 14 38 59 52
50 64 2 0 61 22 4 6 3 67 32 59 62 57 58 16 25 44 51 46 43 55 10 13 1 24 37 60 63 5 26 38 30 40 18 33 15 14 56 8 42 9 17 47 48 23 36 39 29 52 53 19 66 12 31 65 54 34 28 21 11 35 41 68 49 27 7 45 20 69
68 27 17 38 21 9 0 59 51 39 54 52 46 35 49 13 12 23 7 10 42 48 3 32 37 50 43 55 36 28 33 11 4 65 8 16 29 47 69 31 26 20 66 64 44 57 40 25 61 58 53 34 45 2 15 60 14 63 24 18 56 30 6 41 5 1 62 22 67 19
53 19 45 66 13 28 37 60 67 6 34 49 31 12 0 65 52 42 56 15 69 29 57 18 30 61 9 21 47 51 54 5 17 62 63 64 1 3 26 11 20 2 25 43 58 68 35 46 23 59 55 41 14 27 10 32 44 48 24 4 38 16 22 36 8 39 50 7 40 33
19 8 50 12 38 10 6 31 7 39 52 54 57 48 46 32 64 27 2 17 33 3 68 18 14 69 67 30 20 34 47 60 41 21 5 51 56 9 53 28 62 44 65 4 1 25 55 45 16 61 29 26 13 23 58 43 36 59 22 40 42 15 24 0 66 63 11 49 35 37
