51
9 8 10 2 13 5 7 0 6 4 3 12 11 1
1 6 13 3 10 12 11 4 8 9 2 7 5 0
10 11 5 0 3 4 6 2 1 13 8 12 9 7
4 5 2 8 9 1 13 6 0 7 11 10 12 3
1 13 9 7 3 6 4 11 10 12 2 0 5 8
7 9 5 11 6 2 8 12 3 4 10 1 0 13
13 8 0 11 5 3 7 1 12 6 9 4 10 2
8 13 4 12 1 5 7 10 2 6 0 3 11 9
0 7 8 9 6 3 13 11 4 10 2 1 5 12
12 11 10 8 5 7 2 6 3 0 13 1 9 4
8 13 2 5 9 1 10 12 4 7 11 0 3 6
1 9 10 0 5 7 6 8 12 4 13 3 11 2
7 6 9 4 10 13 5 8 0 2 3 12 1 11
4 13 5 12 6 10 11 8 2 9 3 7 1 0
7 5 3 2 10 12 9 0 6 13 4 1 8 11
1 6 8 13 7 5 4 12 0 10 2 9 11 3
11 5 13 7 9 2 1 8 6 4 12 3 0 10
0 1 11 8 3 13 10 6 5 4 12 7 2 9
9 1 12 10 5 0 2 4 8 6 7 3 13 11
5 7 12 6 9 3 2 10 0 1 4 11 13 8
10 0 8 3 12 1 6 5 11 9 7 4 13 2
0 1 3 13 6 7 9 2 10 5 11 4 8 12
2 1 8 0 9 11 7 4 5 3 10 13 6 12
9 11 5 13 10 7 6 1 8 3 4 2 12 0
12 3 1 0 8 11 2 9 7 10 13 4 6 5
10 5 12 9 11 6 1 0 13 7 8 3 4 2
9 12 10 0 11 13 8 3 2 6 7 4 5 1
8 9 3 13 4 2 7 0 5 10 1 11 6 12
2 1 7 9 12 0 13 5 4 11 6 10 8 3
10 8 2 12 0 1 7 4 13 3 11 5 6 9
0 3 2 11 5 12 9 10 1 7 13 8 6 4
5 11 3 0 12 7 2 1 13 4 8 10 6 9
5 9 4 1 8 6 7 11 3 10 0 12 13 2
4 1 9 13 10 0 5 12 7 8 3 11 6 2
7 12 3 13 5 2 6 9 4 8 1 11 10 0
4 3 13 10 12 7 0 1 6 5 8 11 9 2
4 10 13 2 11 3 12 7 1 0 5 8 9 6
2 13 12 11 6 0 10 7 5 4 1 8 3 9
13 8 10 11 7 12 4 9 5 6 0 1 3 2
3 13 8 1 5 7 12 9 10 2 6 11 4 0
12 7 3 9 0 5 10 2 8 1 11 13 6 4
2 3 9 10 1 13 5 8 7 6 0 11 12 4
3 12 9 11 13 0 4 8 2 10 1 7 5 6
6 10 3 9 2 11 12 8 0 1 4 5 13 7
13 2 6 5 10 0 8 1 11 4 12 7 9 3
5 7 1 9 6 11 13 4 2 12 3 0 8 10
11 8 10 12 4 13 9 0 1 5 2 7 3 6
6 3 11 10 9 13 2 4 1 0 5 8 12 7
9 7 6 11 1 0 5 13 3 10 2 12 8 4
8 2 0 6 10 11 9 12 4 13 1 7 5 3
5 10 9 2 12 1 4 8 6 13 0 11 7 3
