75
75
0 0 0 0 8 11 0 0 0 0 0 0 0 0 0 0 0 0 0 0 1 1 0 0 0 0 8 1 0 1 13 0 0 0 0 0 0 0 0 12 0 18 5 0 0 0 0 16 0 0 0 0 18 0 0 0 17 0 10 0 15 0 0 0 0 0 15 0 0 0 0 13 0 0 16
0 0 0 3 0 13 0 0 0 0 0 0 0 0 0 0 0 0 0 0 0 15 0 0 0 0 0 0 3 0 0 0 0 0 0 12 0 7 0 0 0 0 0 19 0 0 8 9 0 17 0 12 17 6 0 0 0 0 0 5 11 0 13 0 7 0 0 0 0 0 17 1 0 0 15
0 0 0 0 18 0 0 14 0 0 0 19 18 13 13 0 12 16 18 0 0 0 0 0 0 0 0 0 0 0 2 0 0 0 0 0 0 0 0 0 0 0 0 1 8 5 0 12 0 1 0 15 6 0 0 7 16 3 0 0 0 0 0 10 0 13 0 0 0 16 0 0 16 0 0
0 3 0 0 0 0 0 19 13 8 0 0 3 0 7 6 0 17 0 0 17 0 0 0 19 7 0 0 0 0 0 0 0 0 0 11 0 13 0 0 0 0 0 0 0 0 0 0 13 0 7 0 11 0 0 0 14 0 10 17 0 4 11 11 0 0 0 12 0 17 8 0 0 3 3
8 0 18 0 0 0 0 0 0 12 13 0 0 0 0 0 0 4 0 19 6 0 0 14 0 0 0 0 4 19 13 0 0 0 0 0 0 0 0 0 0 0 0 0 0 0 15 0 0 0 0 0 0 0 16 0 17 6 0 0 0 0 2 7 0 10 0 0 0 17 0 0 3 0 0
11 13 0 0 0 0 13 0 0 7 0 0 0 0 8 0 11 0 4 0 0 0 2 0 0 19 0 0 18 15 0 0 14 0 0 0 0 0 0 0 0 0 0 0 10 0 0 0 0 0 0 6 0 0 0 0 13 0 0 0 19 0 0 3 0 0 0 0 13 0 0 3 0 19 0
0 0 0 0 0 13 0 12 0 0 0 0 0 12 0 0 11 0 0 0 15 0 0 0 0 0 0 0 0 6 0 0 0 0 0 0 5 0 0 13 0 2 0 0 3 11 0 19 0 0 0 2 0 0 6 17 0 18 2 0 0 0 16 0 16 0 0 0 0 4 0 0 0 0 6
0 0 14 19 0 0 12 0 10 1 0 0 0 0 0 14 0 18 17 0 10 13 9 0 0 0 0 0 0 0 0 0 15 19 0 0 0 0 12 16 7 0 0 0 0 0 0 0 0 0 0 0 0 0 0 0 0 0 16 0 12 17 0 0 0 0 0 0 0 12 18 0 0 0 0
0 0 0 13 0 0 0 10 0 0 0 0 8 1 0 0 14 9 16 1 0 0 19 0 0 0 0 0 0 0 0 18 8 18 0 0 18 0 0 0 0 0 0 16 0 0 0 0 16 0 4 0 7 0 0 17 6 0 0 0 13 0 0 0 0 0 0 14 0 0 0 0 0 0 0
0 0 0 8 12 7 0 1 0 0 0 0 0 0 7 0 0 0 0 0 9 0 0 0 7 18 0 9 0 0 3 8 0 0 0 0 0 0 0 8 0 0 0 0 0 0 10 0 18 0 0 0 5 0 10 0 18 0 0 0 8 12 14 0 0 0 15 10 10 0 7 0 0 5 0
0 0 0 0 13 0 0 0 0 0 0 5 3 0 0 4 0 0 7 14 0 0 2 2 0 0 13 11 0 0 0 0 0 0 0 2 0 18 12 0 0 0 4 9 0 0 5 0 9 0 0 6 0 17 0 0 0 0 0 0 0 0 0 0 5 16 0 0 15 18 7 0 0 0 0
0 0 19 0 0 0 0 0 0 0 5 0 0 16 0 0 16 0 0 0 0 0 0 0 0 0 0 15 0 0 18 0 0 14 0 0 0 15 0 0 0 0 0 0 0 0 0 0 0 0 3 0 0 10 0 0 3 0 0 0 0 0 0 0 15 0 8 0 0 18 16 5 12 0 9
0 0 18 3 0 0 0 0 8 0 3 0 0 0 13 0 0 4 0 11 0 0 0 0 0 7 0 0 1 0 0 1 0 0 0 0 0 5 0 0 1 17 0 0 9 0 14 4 17 0 0 0 0 12 0 14 0 5 10 0 0 8 0 0 0 14 0 14 0 0 0 0 2 0 0
0 0 13 0 0 0 12 0 1 0 0 16 0 0 5 0 0 0 0 0 0 0 0 18 15 12 0 13 0 14 0 0 0 0 0 4 0 0 0 0 0 11 15 0 17 0 0 5 0 0 2 0 0 19 0 0 0 11 0 0 0 0 0 0 14 0 0 0 0 0 5 0 0 0 1
0 0 13 7 0 8 0 0 0 7 0 0 13 5 0 7 0 0 0 0 0 0 0 0 0 0 13 13 0 2 0 0 0 0 0 0 0 0 17 0 0 8 0 0 19 0 0 0 0 9 2 2 0 2 0 0 0 0 3 0 2 14 17 13 0 9 4 0 0 0 0 17 0 0 11
0 0 0 6 0 0 0 14 0 0 4 0 0 0 7 0 0 0 7 0 0 0 0 0 0 0 0 0 0 4 19 0 0 0 6 0 15 18 5 0 0 0 0 0 0 0 7 0 0 4 0 0 0 0 0 0 1 0 0 8 0 0 0 0 0 0 0 0 0 0 19 0 0 0 18
0 0 12 0 0 11 11 0 14 0 0 16 0 0 0 0 0 0 11 6 16 17 0 0 7 0 0 0 0 6 0 7 0 0 10 15 0 5 0 12 0 0 0 0 1 0 3 0 0 0 1 0 0 0 0 0 14 0 12 0 0 0 0 0 0 7 0 11 5 0 0 0 1 0 19
0 0 16 17 4 0 0 18 9 0 0 0 4 0 0 0 0 0 0 17 0 0 0 0 0 10 0 0 0 0 0 0 0 0 0 6 0 0 0 0 4 6 0 6 0 0 0 0 0 0 0 0 0 0 0 0 0 0 0 11 8 14 0 0 9 13 0 0 0 0 0 9 7 9 12
0 0 18 0 0 4 0 17 16 0 7 0 0 0 0 7 11 0 0 0 13 0 0 0 4 17 6 16 0 0 0 0 0 0 0 0 0 17 0 9 0 14 10 0 0 3 5 0 0 0 0 0 0 0 0 0 0 0 0 0 0 0 14 11 0 11 3 0 0 0 0 0 0 0 0
0 0 0 0 19 0 0 0 1 0 14 0 11 0 0 0 6 17 0 0 0 0 0 0 0 11 0 0 1 0 0 0 15 0 0 0 0 1 0 0 0 0 0 0 0 0 0 0 0 0 19 0 4 0 0 0 0 0 12 0 0 0 0 0 19 7 13 0 0 0 0 16 0 0 0
1 0 0 17 6 0 15 10 0 9 0 0 0 0 0 0 16 0 13 0 0 0 0 6 0 3 0 0 0 0 0 10 17 0 19 0 0 0 0 0 0 0 0 0 18 0 0 0 0 0 0 4 0 8 4 11 2 0 0 0 0 0 11 0 0 0 0 2 0 0 0 0 2 0 0
1 15 0 0 0 0 0 13 0 0 0 0 0 0 0 0 17 0 0 0 0 0 0 0 0 13 0 0 0 0 0 0 0 0 0 0 0 6 0 11 9 3 1 0 0 5 0 8 11 1 5 0 0 16 13 0 18 0 0 11 17 0 0 0 0 0 7 0 18 0 0 0 11 0 0
0 0 0 0 0 2 0 9 19 0 2 0 0 0 0 0 0 0 0 0 0 0 0 0 0 9 0 0 0 19 6 0 0 0 0 0 3 16 0 0 0 0 11 0 0 0 18 15 0 0 11 0 0 14 0 0 0 11 0 2 3 8 11 0 0 0 0 3 0 4 15 0 0 0 14
0 0 0 0 14 0 0 0 0 0 2 0 0 18 0 0 0 0 0 0 6 0 0 0 0 16 0 0 0 0 0 0 0 0 0 0 0 19 0 0 0 0 0 16 10 0 0 0 18 9 0 7 0 5 0 0 13 16 0 0 0 13 14 2 0 0 0 11 0 0 0 0 0 0 0
0 0 0 19 0 0 0 0 0 7 0 0 0 15 0 0 7 0 4 0 0 0 0 0 0 0 0 0 0 0 0 0 0 0 0 8 0 12 0 7 0 16 4 0 0 0 0 0 0 7 0 0 0 0 0 4 0 0 0 0 0 18 0 0 0 0 0 0 0 7 0 0 0 0 1
0 0 0 7 0 19 0 0 0 18 0 0 7 12 0 0 0 10 17 11 3 13 9 16 0 0 0 0 0 0 0 0 0 0 0 0 0 13 0 0 10 0 0 0 15 0 5 0 0 0 6 0 13 0 15 0 0 0 0 8 9 0 0 0 0 0 0 0 0 0 0 0 0 0 0
8 0 0 0 0 0 0 0 0 0 13 0 0 0 13 0 0 0 6 0 0 0 0 0 0 0 0 0 0 0 0 0 10 0 15 0 0 5 14 0 7 0 0 0 0 0 0 18 0 0 15 0 0 0 0 8 0 0 0 0 12 0 0 18 14 0 0 1 0 0 12 0 0 0 0
1 0 0 0 0 0 0 0 0 9 11 15 0 13 13 0 0 0 16 0 0 0 0 0 0 0 0 0 0 0 0 0 13 0 0 0 0 0 0 0 0 0 18 0 5 0 0 0 7 19 0 0 0 0 0 0 0 0 0 8 0 0 0 0 7 0 0 0 3 0 0 0 0 0 0
0 3 0 0 4 18 0 0 0 0 0 0 1 0 0 0 0 0 0 1 0 0 0 0 0 0 0 0 0 0 0 0 0 13 19 0 14 0 0 9 0 0 0 9 0 0 1 0 0 8 0 0 0 0 0 0 0 19 0 0 0 0 16 0 8 2 0 0 0 5 1 14 0 0 0
1 0 0 0 19 15 6 0 0 0 0 0 0 14 2 4 6 0 0 0 0 0 19 0 0 0 0 0 0 0 0 0 14 12 0 0 0 0 0 1 0 0 0 0 0 0 0 0 0 0 16 0 3 10 11 0 0 0 10 0 0 0 0 0 6 9 0 0 0 0 0 0 5 1 0
13 0 2 0 13 0 0 0 0 3 0 18 0 0 0 19 0 0 0 0 0 0 6 0 0 0 0 0 0 0 0 0 0 1 10 0 7 0 12 11 0 0 10 17 0 0 0 0 2 0 0 0 0 0 0 4 0 7 0 0 0 2 0 0 0 2 0 0 0 14 12 0 15 5 0
0 0 0 0 0 0 0 0 18 8 0 0 1 0 0 0 7 0 0 0 10 0 0 0 0 0 0 0 0 0 0 0 0 0 0 0 0 19 0 0 0 11 1 0 0 0 9 0 0 0 0 0 14 0 14 0 0 0 0 9 19 0 0 0 0 0 0 18 17 2 0 0 4 0 14
0 0 0 0 0 14 0 15 8 0 0 0 0 0 0 0 0 0 0 15 17 0 0 0 0 0 10 13 0 14 0 0 0 0 9 0 0 0 0 0 0 9 0 0 6 0 0 0 0 0 19 18 0 0 0 0 0 0 5 0 0 0 0 0 13 1 0 0 8 0 0 0 13 0 8
0 0 0 0 0 0 0 19 18 0 0 14 0 0 0 0 0 0 0 0 0 0 0 0 0 0 0 0 13 12 1 0 0 0 0 0 0 19 0 0 0 14 0 16 0 17 0 6 0 0 0 3 0 0 8 1 0 13 0 6 0 0 0 0 0 0 15 0 0 16 0 18 0 0 0
0 0 0 0 0 0 0 0 0 0 0 0 0 0 0 6 10 0 0 0 19 0 0 0 0 0 15 0 19 0 10 0 9 0 0 1 0 0 0 0 8 0 0 2 8 0 0 0 0 0 0 0 3 13 0 0 0 0 0 0 5 0 0 0 4 0 0 0 12 0 0 2 1 0 4
0 12 0 11 0 0 0 0 0 0 2 0 0 4 0 0 15 6 0 0 0 0 0 0 8 0 0 0 0 0 0 0 0 0 1 0 5 0 12 0 0 0 17 0 0 0 8 0 0 0 0 0 8 19 0 0 0 0 0 0 0 11 19 9 0 2 0 0 18 0 0 0 0 17 0
0 0 0 0 0 0 5 0 18 0 0 0 0 0 0 15 0 0 0 0 0 0 3 0 0 0 0 0 14 0 7 0 0 0 0 5 0 0 0 16 0 7 17 0 16 0 0 0 0 15 0 0 14 0 0 0 9 0 0 0 0 0 0 0 0 0 2 0 0 0 0 0 18 0 0
0 7 0 13 0 0 0 0 0 0 18 15 5 0 0 18 5 0 17 1 0 6 16 19 12 13 5 0 0 0 0 19 0 19 0 0 0 0 12 0 0 0 0 0 0 0 0 0 0 0 19 0 0 2 0 0 0 5 0 0 0 0 15 0 0 0 0 0 0 0 0 0 0 0 1
0 0 0 0 0 0 0 12 0 0 12 0 0 0 17 5 0 0 0 0 0 0 0 0 0 0 14 0 0 0 12 0 0 0 0 12 0 12 0 10 0 0 0 0 0 16 8 9 0 0 3 0 0 0 0 0 2 0 7 0 0 9 0 0 17 4 0 0 0 3 4 0 0 3 19
12 0 0 0 0 0 13 16 0 8 0 0 0 0 0 0 12 0 9 0 0 11 0 0 7 0 0 0 9 1 11 0 0 0 0 0 16 0 10 0 0 8 0 11 0 0 0 0 0 0 0 3 0 5 0 19 14 0 0 0 15 0 9 0 0 0 0 0 0 0 0 0 0 15 0
0 0 0 0 0 0 0 7 0 0 0 0 1 0 0 0 0 4 0 0 0 9 0 0 0 10 7 0 0 0 0 0 0 0 8 0 0 0 0 0 0 0 5 0 0 8 0 0 0 0 0 0 13 0 0 0 0 0 0 0 0 0 0 0 0 0 0 0 1 6 0 0 0 0 0
18 0 0 0 0 0 2 0 0 0 0 0 17 11 8 0 0 6 14 0 0 3 0 0 16 0 0 0 0 0 0 11 9 14 0 0 7 0 0 8 0 0 2 0 8 0 0 0 0 0 12 0 5 0 0 8 0 0 8 0 16 14 6 12 0 0 11 0 0 0 0 0 0 0 11
5 0 0 0 0 0 0 0 0 0 4 0 0 15 0 0 0 0 10 0 0 1 11 0 4 0 0 18 0 0 10 1 0 0 0 17 17 0 0 0 5 2 0 0 0 0 0 12 0 0 6 1 0 0 0 7 17 2 0 0 0 0 0 0 0 12 0 0 8 0 13 0 17 0 12
0 19 1 0 0 0 0 0 16 0 9 0 0 0 0 0 0 6 0 0 0 0 0 16 0 0 0 0 9 0 17 0 0 16 2 0 0 0 0 11 0 0 0 0 15 1 0 0 0 2 0 10 0 0 15 0 0 0 0 19 0 0 0 0 11 0 19 16 0 8 0 0 0 0 0
0 0 8 0 0 10 3 0 0 0 0 0 9 17 19 0 1 0 0 0 18 0 0 10 0 15 0 5 0 0 0 0 6 0 8 0 16 0 0 0 0 8 0 15 0 0 5 0 0 0 5 0 0 0 0 0 0 0 10 0 0 0 0 0 0 0 0 11 0 7 14 0 0 0 12
0 0 5 0 0 0 11 0 0 0 0 0 0 0 0 0 0 0 3 0 0 5 0 0 0 0 0 0 0 0 0 0 0 17 0 0 0 0 16 0 8 0 0 1 0 0 18 7 0 18 0 13 0 0 6 17 0 0 1 0 0 10 0 5 0 5 0 17 12 0 0 0 0 0 11
0 8 0 0 15 0 0 0 0 10 5 0 14 0 0 7 3 0 5 0 0 0 18 0 0 5 0 0 1 0 0 9 0 0 0 8 0 0 8 0 0 0 0 0 5 18 0 13 0 0 0 0 6 0 0 0 10 0 0 0 0 0 12 14 0 0 11 0 0 0 0 0 0 0 0
16 9 12 0 0 0 19 0 0 0 0 0 4 5 0 0 0 0 0 0 0 8 15 0 0 0 18 0 0 0 0 0 0 6 0 0 0 0 9 0 0 0 12 0 0 7 13 0 7 0 0 6 0 0 6 0 0 19 0 6 0 0 0 0 0 0 1 0 2 4 0 0 0 0 0
0 0 0 13 0 0 0 0 16 18 9 0 17 0 0 0 0 0 0 0 0 11 0 18 0 0 0 7 0 0 2 0 0 0 0 0 0 0 0 0 0 0 0 0 0 0 0 7 0 0 9 0 0 0 0 17 0 0 7 1 0 14 13 0 0 2 0 0 0 0 0 0 1 0 0
0 17 1 0 0 0 0 0 0 0 0 0 0 0 9 4 0 0 0 0 0 1 0 9 7 0 0 19 8 0 0 0 0 0 0 0 15 0 0 0 0 0 0 2 0 18 0 0 0 0 0 0 0 0 0 0 0 10 0 0 0 0 0 19 7 0 0 0 0 0 12 0 0 0 0
0 0 0 7 0 0 0 0 4 0 0 3 0 2 2 0 1 0 0 19 0 5 11 0 0 6 15 0 0 16 0 0 19 0 0 0 0 19 3 0 0 12 6 0 5 0 0 0 9 0 0 0 0 13 0 0 0 12 17 7 10 5 6 0 0 0 0 0 3 5 0 0 0 0 4
0 12 15 0 0 6 2 0 0 0 6 0 0 0 2 0 0 0 0 0 4 0 0 7 0 0 0 0 0 0 0 0 18 3 0 0 0 0 0 3 0 0 1 10 0 13 0 6 0 0 0 0 0 4 2 0 0 0 0 3 0 15 0 0 0 1 10 0 0 0 0 0 0 0 0
18 17 6 11 0 0 0 0 7 5 0 0 0 0 0 0 0 0 0 4 0 0 0 0 0 13 0 0 0 3 0 14 0 0 3 8 14 0 0 0 13 5 0 0 0 0 6 0 0 0 0 0 0 0 13 0 10 0 0 0 0 0 0 18 0 0 0 9 0 0 0 0 0 0 0
0 6 0 0 0 0 0 0 0 0 17 10 12 19 2 0 0 0 0 0 8 16 14 5 0 0 0 0 0 10 0 0 0 0 13 19 0 2 0 5 0 0 0 0 0 0 0 0 0 0 13 4 0 0 17 0 0 0 3 0 5 0 0 0 0 0 0 0 0 18 10 0 3 14 4
0 0 0 0 16 0 6 0 0 10 0 0 0 0 0 0 0 0 0 0 4 13 0 0 0 15 0 0 0 11 0 14 0 8 0 0 0 0 0 0 0 0 0 15 0 6 0 6 0 0 0 2 13 17 0 3 0 9 0 1 0 0 4 0 13 0 0 0 0 0 0 0 0 7 0
0 0 7 0 0 0 17 0 17 0 0 0 14 0 0 0 0 0 0 0 11 0 0 0 4 0 8 0 0 0 4 0 0 1 0 0 0 0 0 19 0 8 7 0 0 17 0 0 17 0 0 0 0 0 3 0 0 0 0 17 10 2 0 12 5 0 10 0 0 0 0 0 0 16 0
17 0 16 14 17 13 0 0 6 18 0 3 0 0 0 1 14 0 0 0 2 18 0 13 0 0 0 0 0 0 0 0 0 0 0 0 9 0 2 14 0 0 17 0 0 0 10 0 0 0 0 0 10 0 0 0 0 0 0 0 0 0 0 0 10 12 0 0 0 0 0 0 0 11 0
0 0 3 0 6 0 18 0 0 0 0 0 5 11 0 0 0 0 0 0 0 0 11 16 0 0 0 0 19 0 7 0 0 13 0 0 0 5 0 0 0 0 2 0 0 0 0 19 0 10 12 0 0 0 9 0 0 0 12 14 12 0 0 0 0 0 0 0 0 0 0 0 0 17 8
10 0 0 10 0 0 2 16 0 0 0 0 10 0 3 0 12 0 0 12 0 0 0 0 0 0 0 0 0 10 0 0 5 0 0 0 0 0 7 0 0 8 0 0 10 1 0 0 7 0 17 0 0 3 0 0 0 12 0 0 0 0 1 0 5 0 0 0 0 11 0 0 0 0 0
0 5 0 17 0 0 0 0 0 0 0 0 0 0 0 8 0 11 0 0 0 11 2 0 0 8 0 8 0 0 0 9 0 6 0 0 0 0 0 0 0 0 0 19 0 0 0 6 1 0 7 3 0 0 1 17 0 14 0 0 0 0 5 2 0 0 0 0 19 7 3 16 0 0 12
15 11 0 0 0 19 0 12 13 8 0 0 0 0 2 0 0 8 0 0 0 17 3 0 0 9 12 0 0 0 0 19 0 0 5 0 0 0 0 15 0 16 0 0 0 0 0 0 0 0 10 0 0 5 0 10 0 12 0 0 0 0 0 0 0 15 5 0 13 0 0 0 15 15 0
0 0 0 4 0 0 0 17 0 12 0 0 8 0 14 0 0 14 0 0 0 0 8 13 18 0 0 0 0 0 2 0 0 0 0 11 0 0 9 0 0 14 0 0 0 10 0 0 14 0 5 15 0 0 0 2 0 0 0 0 0 0 0 0 0 0 0 4 0 0 13 0 0 0 0
0 13 0 11 2 0 16 0 0 14 0 0 0 0 17 0 0 0 14 0 11 0 11 14 0 0 0 0 16 0 0 0 0 0 0 19 0 15 0 9 0 6 0 0 0 0 12 0 13 0 6 0 0 0 4 0 0 0 1 5 0 0 0 0 0 0 0 7 17 0 0 0 0 6 5
0 0 10 11 7 3 0 0 0 0 0 0 0 0 13 0 0 0 11 0 0 0 0 2 0 0 18 0 0 0 0 0 0 0 0 9 0 0 0 0 0 12 0 0 0 5 14 0 0 19 0 0 18 0 0 12 0 0 0 2 0 0 0 0 0 0 0 0 0 0 0 0 0 0 0
0 7 0 0 0 0 16 0 0 0 5 15 0 14 0 0 0 9 0 19 0 0 0 0 0 0 14 7 8 6 0 0 13 0 4 0 0 0 17 0 0 0 0 11 0 0 0 0 0 7 0 0 0 0 13 5 10 0 5 0 0 0 0 0 0 0 0 0 16 17 0 0 0 0 0
0 0 13 0 10 0 0 0 0 0 16 0 14 0 9 0 7 13 11 7 0 0 0 0 0 0 0 0 2 9 2 0 1 0 0 2 0 0 4 0 0 0 12 0 0 5 0 0 2 0 0 1 0 0 0 0 12 0 0 0 15 0 0 0 0 0 3 0 0 0 0 6 0 10 15
15 0 0 0 0 0 0 0 0 15 0 8 0 0 4 0 0 0 3 13 0 7 0 0 0 0 0 0 0 0 0 0 0 15 0 0 2 0 0 0 0 11 0 19 0 0 11 1 0 0 0 10 0 0 0 10 0 0 0 0 5 0 0 0 0 3 0 0 0 0 0 0 0 0 0
0 0 0 12 0 0 0 0 14 10 0 0 14 0 0 0 11 0 0 0 2 0 3 11 0 0 1 0 0 0 0 18 0 0 0 0 0 0 0 0 0 0 0 16 11 17 0 0 0 0 0 0 9 0 0 0 0 0 0 0 0 4 7 0 0 0 0 0 0 0 0 16 0 0 5
0 0 0 0 0 13 0 0 0 10 15 0 0 0 0 0 5 0 0 0 0 18 0 0 0 0 0 3 0 0 0 17 8 0 12 18 0 0 0 0 1 0 8 0 0 12 0 2 0 0 3 0 0 0 0 0 0 0 0 19 13 0 17 0 16 0 0 0 0 0 17 0 0 3 0
0 0 16 17 17 0 4 12 0 0 18 18 0 0 0 0 0 0 0 0 0 0 4 0 7 0 0 0 5 0 14 2 0 16 0 0 0 0 3 0 6 0 0 8 7 0 0 4 0 0 5 0 0 18 0 0 0 0 11 7 0 0 0 0 17 0 0 0 0 0 0 0 0 0 10
0 17 0 8 0 0 0 18 0 7 7 16 0 5 0 19 0 0 0 0 0 0 15 0 0 0 12 0 1 0 12 0 0 0 0 0 0 0 4 0 0 0 13 0 14 0 0 0 0 12 0 0 0 10 0 0 0 0 0 3 0 13 0 0 0 0 0 0 17 0 0 0 0 0 0
13 1 0 0 0 3 0 0 0 0 0 5 0 0 17 0 0 9 0 16 0 0 0 0 0 0 0 0 14 0 0 0 0 18 2 0 0 0 0 0 0 0 0 0 0 0 0 0 0 0 0 0 0 0 0 0 0 0 0 16 0 0 0 0 0 6 0 16 0 0 0 0 0 0 0
0 0 16 0 3 0 0 0 0 0 0 12 2 0 0 0 1 7 0 0 2 11 0 0 0 0 0 0 0 5 15 4 13 0 1 0 18 0 0 0 0 0 17 0 0 0 0 0 1 0 0 0 0 3 0 0 0 0 0 0 15 0 0 0 0 0 0 0 0 0 0 0 0 0 14
0 0 0 3 0 19 0 0 0 5 0 0 0 0 0 0 0 9 0 0 0 0 0 0 0 0 0 0 0 1 5 0 0 0 0 17 0 0 3 15 0 0 0 0 0 0 0 0 0 0 0 0 0 14 7 16 11 17 0 0 15 0 6 0 0 10 0 0 3 0 0 0 0 0 0
16 15 0 3 0 0 6 0 0 0 0 9 0 1 11 18 19 12 0 0 0 0 14 0 1 0 0 0 0 0 0 14 8 0 4 0 0 1 19 0 0 11 12 0 12 11 0 0 0 0 4 0 0 4 0 0 0 8 0 12 0 0 5 0 0 15 0 5 0 10 0 0 14 0 0
