100
50
0 0 4 17 0 5 0 0 0 0 5 0 0 0 0 0 0 0 17 0 17 0 0 0 0 15 16 8 5 0 11 3 0 0 0 0 0 15 0 0 4 0 0 0 0 0 0 14 11 19
0 0 12 0 8 0 2 0 0 0 11 0 0 19 0 0 0 0 0 0 0 0 16 4 0 0 0 0 0 12 7 11 5 0 8 0 0 0 8 16 9 0 0 0 0 15 0 5 0 0
4 12 0 0 0 0 0 0 15 0 0 1 0 0 0 0 10 0 0 0 0 0 12 0 0 0 0 0 13 7 0 15 0 0 0 1 0 0 0 0 7 0 11 0 0 0 5 0 14 0
17 0 0 0 0 0 0 0 0 19 0 0 0 0 0 0 18 0 0 0 0 0 0 17 15 0 0 0 0 0 0 0 14 12 6 0 0 0 16 16 0 0 0 0 5 18 0 0 0 0
0 8 0 0 0 0 0 0 0 0 0 0 0 5 17 0 13 18 0 0 15 0 0 0 0 6 0 0 16 0 13 0 5 14 0 10 0 0 14 0 0 0 18 0 4 0 0 14 3 0
5 0 0 0 0 0 6 8 0 0 19 0 0 0 14 6 0 0 0 0 0 0 4 0 14 0 15 0 0 0 0 8 0 0 0 0 0 18 0 0 0 0 0 0 13 0 7 0 0 0
0 2 0 0 0 6 0 5 11 0 17 0 15 0 12 0 0 0 0 0 0 0 0 0 0 0 0 0 0 0 0 0 0 19 0 1 12 0 3 0 0 0 0 0 0 0 8 0 8 0
0 0 0 0 0 8 5 0 19 0 0 0 11 0 0 11 0 0 3 0 0 0 2 0 0 10 9 0 14 1 0 0 0 0 0 0 0 0 0 0 0 0 0 0 0 0 8 0 0 1
0 0 15 0 0 0 11 19 0 0 0 0 0 0 2 0 0 0 0 0 8 0 0 8 5 4 0 19 19 0 0 0 0 0 0 0 5 0 0 4 0 0 0 17 0 19 0 0 0 0
0 0 0 19 0 0 0 0 0 0 0 0 0 18 0 0 1 0 0 0 15 15 16 0 0 0 0 0 0 14 9 0 0 0 0 14 0 8 4 11 0 4 0 0 0 0 0 0 0 0
5 11 0 0 0 19 17 0 0 0 0 0 0 0 0 0 16 8 0 0 0 0 0 0 0 0 0 0 5 0 0 0 0 0 0 16 0 17 5 0 11 0 0 14 0 10 0 0 0 0
0 0 1 0 0 0 0 0 0 0 0 0 17 1 0 0 6 0 0 7 0 0 0 0 0 0 0 13 0 0 0 0 0 0 19 0 0 10 8 0 6 0 0 0 12 12 0 0 0 0
0 0 0 0 0 0 15 11 0 0 0 17 0 14 10 0 19 13 0 9 0 0 0 18 11 0 0 19 0 4 0 0 0 0 0 0 0 4 0 0 0 0 0 0 0 10 5 1 0 3
0 19 0 0 5 0 0 0 0 18 0 1 14 0 0 0 0 8 0 0 0 0 2 0 8 0 9 0 0 0 0 0 0 0 0 0 4 5 0 14 0 0 0 1 0 0 0 2 11 0
0 0 0 0 17 14 12 0 2 0 0 0 10 0 0 0 0 0 0 0 0 0 12 0 0 0 0 1 14 0 0 0 0 0 0 17 6 0 0 0 1 0 0 6 0 15 0 0 16 0
0 0 0 0 0 6 0 11 0 0 0 0 0 0 0 0 0 0 0 0 0 17 0 4 0 0 0 0 0 0 11 0 0 0 0 0 0 0 0 0 15 0 8 16 0 4 0 0 0 3
0 0 10 18 13 0 0 0 0 1 16 6 19 0 0 0 0 0 0 16 0 15 3 0 0 0 0 19 0 0 0 0 12 0 17 0 0 15 17 8 6 0 0 0 0 0 0 0 0 0
0 0 0 0 18 0 0 0 0 0 8 0 13 8 0 0 0 0 18 0 0 0 0 7 0 0 0 0 0 0 3 3 0 0 0 7 0 14 0 11 2 0 1 0 0 0 0 0 6 0
17 0 0 0 0 0 0 3 0 0 0 0 0 0 0 0 0 18 0 6 0 0 13 13 0 0 16 2 0 14 17 0 0 4 0 0 11 10 0 0 0 0 0 0 0 15 0 17 0 0
0 0 0 0 0 0 0 0 0 0 0 7 9 0 0 0 16 0 6 0 0 17 18 0 4 19 16 2 7 0 0 12 17 0 12 0 0 0 0 0 0 0 0 0 0 0 0 0 0 0
17 0 0 0 15 0 0 0 8 15 0 0 0 0 0 0 0 0 0 0 0 14 0 0 0 0 0 0 0 12 0 0 3 0 0 0 11 0 0 0 4 0 0 0 0 2 0 0 0 0
0 0 0 0 0 0 0 0 0 15 0 0 0 0 0 17 15 0 0 17 14 0 0 0 0 0 18 0 0 0 0 0 0 0 0 0 0 0 0 12 0 0 0 0 0 0 19 6 1 4
0 16 12 0 0 4 0 2 0 16 0 0 0 2 12 0 3 0 13 18 0 0 0 0 9 17 0 4 0 0 0 2 0 0 11 7 0 0 0 0 13 0 0 0 0 0 0 0 3 4
0 4 0 17 0 0 0 0 8 0 0 0 18 0 0 4 0 7 13 0 0 0 0 0 0 0 0 0 0 0 0 0 0 0 0 0 0 0 0 0 3 16 0 0 2 0 0 0 0 0
0 0 0 15 0 14 0 0 5 0 0 0 11 8 0 0 0 0 0 4 0 0 9 0 0 0 0 0 0 13 0 18 17 0 0 0 0 12 11 0 0 13 0 0 12 0 0 0 0 15
15 0 0 0 6 0 0 10 4 0 0 0 0 0 0 0 0 0 0 19 0 0 17 0 0 0 4 0 11 0 0 0 0 0 0 18 11 0 0 0 0 0 0 2 0 0 0 0 0 19
16 0 0 0 0 15 0 9 0 0 0 0 0 9 0 0 0 0 16 16 0 18 0 0 0 4 0 0 0 0 0 0 0 0 0 0 0 3 0 6 0 18 0 0 12 0 0 0 5 0
8 0 0 0 0 0 0 0 19 0 0 13 19 0 1 0 19 0 2 2 0 0 4 0 0 0 0 0 10 0 10 0 0 0 0 0 18 0 0 0 6 18 0 0 0 0 11 0 18 0
5 0 13 0 16 0 0 14 19 0 5 0 0 0 14 0 0 0 0 7 0 0 0 0 0 11 0 10 0 0 12 0 9 14 0 0 0 0 16 0 0 0 0 0 13 0 0 0 0 0
0 12 7 0 0 0 0 1 0 14 0 0 4 0 0 0 0 0 14 0 12 0 0 0 13 0 0 0 0 0 0 0 0 0 0 19 4 0 0 13 0 0 0 0 0 2 0 0 0 9
11 7 0 0 13 0 0 0 0 9 0 0 0 0 0 11 0 3 17 0 0 0 0 0 0 0 0 10 12 0 0 0 3 0 2 0 9 0 17 0 19 6 0 4 0 0 0 4 0 0
3 11 15 0 0 8 0 0 0 0 0 0 0 0 0 0 0 3 0 12 0 0 2 0 18 0 0 0 0 0 0 0 0 0 0 10 0 0 0 17 8 16 0 0 0 0 12 6 0 0
0 5 0 14 5 0 0 0 0 0 0 0 0 0 0 0 12 0 0 17 3 0 0 0 17 0 0 0 9 0 3 0 0 14 0 0 0 0 0 0 0 9 0 0 7 0 0 0 0 0
0 0 0 12 14 0 19 0 0 0 0 0 0 0 0 0 0 0 4 0 0 0 0 0 0 0 0 0 14 0 0 0 14 0 0 0 0 0 0 0 0 9 5 0 0 9 0 0 0 0
0 8 0 6 0 0 0 0 0 0 0 19 0 0 0 0 17 0 0 12 0 0 11 0 0 0 0 0 0 0 2 0 0 0 0 13 0 0 11 8 16 15 0 0 0 12 0 0 18 0
0 0 1 0 10 0 1 0 0 14 16 0 0 0 17 0 0 7 0 0 0 0 7 0 0 18 0 0 0 19 0 10 0 0 13 0 0 0 0 0 0 0 0 0 0 0 4 0 0 0
0 0 0 0 0 0 12 0 5 0 0 0 0 4 6 0 0 0 11 0 11 0 0 0 0 11 0 18 0 4 9 0 0 0 0 0 0 2 10 0 0 0 0 15 0 0 0 14 3 1
15 0 0 0 0 18 0 0 0 8 17 10 4 5 0 0 15 14 10 0 0 0 0 0 12 0 3 0 0 0 0 0 0 0 0 0 2 0 0 0 0 0 0 0 0 0 0 14 0 0
0 8 0 16 14 0 3 0 0 4 5 8 0 0 0 0 17 0 0 0 0 0 0 0 11 0 0 0 16 0 17 0 0 0 11 0 10 0 0 0 0 0 0 0 0 8 0 0 0 0
0 16 0 16 0 0 0 0 4 11 0 0 0 14 0 0 8 11 0 0 0 12 0 0 0 0 6 0 0 13 0 17 0 0 8 0 0 0 0 0 0 0 0 0 0 0 9 0 0 16
4 9 7 0 0 0 0 0 0 0 11 6 0 0 1 15 6 2 0 0 4 0 13 3 0 0 0 6 0 0 19 8 0 0 16 0 0 0 0 0 0 0 0 0 13 10 0 0 19 0
0 0 0 0 0 0 0 0 0 4 0 0 0 0 0 0 0 0 0 0 0 0 0 16 13 0 18 18 0 0 6 16 9 9 15 0 0 0 0 0 0 0 0 0 0 0 0 0 13 19
0 0 11 0 18 0 0 0 0 0 0 0 0 0 0 8 0 1 0 0 0 0 0 0 0 0 0 0 0 0 0 0 0 5 0 0 0 0 0 0 0 0 0 0 0 0 0 0 0 0
0 0 0 0 0 0 0 0 17 0 14 0 0 1 6 16 0 0 0 0 0 0 0 0 0 2 0 0 0 0 4 0 0 0 0 0 15 0 0 0 0 0 0 0 0 0 0 0 4 0
0 0 0 5 4 13 0 0 0 0 0 12 0 0 0 0 0 0 0 0 0 0 0 2 12 0 12 0 13 0 0 0 7 0 0 0 0 0 0 0 13 0 0 0 0 0 0 13 0 0
0 15 0 18 0 0 0 0 19 0 10 12 10 0 15 4 0 0 15 0 2 0 0 0 0 0 0 0 0 2 0 0 0 9 12 0 0 0 8 0 10 0 0 0 0 0 0 0 1 5
0 0 5 0 0 7 8 8 0 0 0 0 5 0 0 0 0 0 0 0 0 19 0 0 0 0 0 11 0 0 0 12 0 0 0 4 0 0 0 9 0 0 0 0 0 0 0 0 10 0
14 5 0 0 14 0 0 0 0 0 0 0 1 2 0 0 0 0 17 0 0 6 0 0 0 0 0 0 0 0 4 6 0 0 0 0 14 14 0 0 0 0 0 0 13 0 0 0 0 0
11 0 14 0 3 0 8 0 0 0 0 0 0 11 16 0 0 6 0 0 0 1 3 0 0 0 5 18 0 0 0 0 0 0 18 0 3 0 0 0 19 13 0 4 0 1 10 0 0 0
19 0 0 0 0 0 0 1 0 0 0 0 3 0 0 3 0 0 0 0 0 4 4 0 15 19 0 0 0 9 0 0 0 0 0 0 1 0 0 16 0 19 0 0 0 5 0 0 0 0
