75
50
0 4 7 8 15 19 7 0 10 8 17 4 16 5 8 11 4 2 2 4 6 19 0 6 12 9 1 4 0 19 9 11 9 2 7 14 12 3 1 15 0 15 9 17 14 16 5 4 4 9
4 0 3 11 2 9 7 2 4 1 16 10 4 1 12 14 8 4 11 12 15 17 1 3 15 17 19 14 9 7 17 11 17 14 9 4 2 3 16 6 13 12 13 17 10 3 12 2 16 19
7 3 0 8 0 18 15 5 15 17 0 16 3 8 17 8 11 15 4 4 1 1 9 1 12 15 8 1 7 3 5 9 2 18 0 0 14 0 0 6 0 17 7 16 11 5 15 10 13 0
8 11 8 0 11 1 3 12 9 6 6 19 14 7 4 19 3 14 12 9 14 1 1 16 8 11 17 0 17 11 11 4 4 12 4 19 15 15 7 5 18 6 18 18 7 12 0 19 2 19
15 2 0 11 0 3 18 0 13 9 4 15 2 14 2 17 6 11 9 10 15 8 2 17 3 11 10 11 10 10 14 5 10 16 8 3 14 9 12 7 18 12 17 5 0 12 8 17 7 3
19 9 18 1 3 0 16 17 5 15 8 5 10 2 10 15 16 4 6 4 0 2 15 13 3 18 11 13 5 16 15 15 12 0 11 3 8 15 11 16 0 14 12 10 10 12 2 13 17 9
7 7 15 3 18 16 0 4 9 8 9 1 4 12 13 18 16 3 14 13 8 5 10 0 7 13 4 8 17 17 12 6 7 14 17 5 14 12 10 7 5 2 12 16 7 19 2 14 17 15
0 2 5 12 0 17 4 0 7 12 4 12 17 3 16 19 6 18 12 19 15 12 15 14 12 1 18 13 12 11 3 15 1 18 7 15 17 17 17 9 1 13 7 8 1 17 10 7 2 0
10 4 15 9 13 5 9 7 0 19 16 8 4 8 11 7 14 6 2 10 3 14 2 13 6 17 9 0 11 1 1 6 18 19 12 5 2 12 13 5 6 5 14 3 17 2 2 3 1 18
8 1 17 6 9 15 8 12 19 0 4 5 17 5 11 12 7 19 18 19 7 0 16 9 9 3 5 8 9 8 14 9 14 5 14 18 14 9 3 5 12 11 12 7 17 1 5 9 12 2
17 16 0 6 4 8 9 4 16 4 0 5 13 6 12 2 17 4 5 13 11 11 7 1 7 4 9 11 7 19 17 10 19 14 5 5 16 18 7 10 12 8 1 0 2 13 5 10 4 5
4 10 16 19 15 5 1 12 8 5 5 0 14 15 1 10 3 8 19 12 11 6 16 11 7 14 0 2 2 9 3 6 18 19 19 2 4 5 13 14 17 1 2 17 4 12 19 3 11 1
16 4 3 14 2 10 4 17 4 17 13 14 0 17 12 10 13 5 4 0 11 2 10 6 17 11 12 19 11 13 6 11 14 1 15 2 15 17 1 13 2 18 14 8 6 14 16 16 16 16
5 1 8 7 14 2 12 3 8 5 6 15 17 0 10 7 15 10 13 2 6 10 14 5 12 1 5 11 13 15 18 3 6 10 8 5 4 6 15 1 2 16 10 14 0 15 11 17 18 19
8 12 17 4 2 10 13 16 11 11 12 1 12 10 0 15 6 5 4 16 1 6 6 1 0 14 6 1 4 5 10 10 3 0 6 10 17 16 14 8 17 4 17 2 13 17 16 10 16 8
11 14 8 19 17 15 18 19 7 12 2 10 10 7 15 0 3 2 12 3 15 12 8 3 11 15 11 1 6 0 0 12 19 9 11 19 2 13 16 3 13 0 18 4 17 15 13 5 13 4
4 8 11 3 6 16 16 6 14 7 17 3 13 15 6 3 0 11 8 12 4 6 0 18 6 13 0 4 6 10 17 1 14 1 0 9 3 12 17 16 11 13 16 16 11 10 16 14 13 17
2 4 15 14 11 4 3 18 6 19 4 8 5 10 5 2 11 0 11 18 11 6 8 14 19 15 1 14 0 6 4 19 12 16 9 10 2 13 14 7 17 1 14 6 18 3 18 13 9 1
2 11 4 12 9 6 14 12 2 18 5 19 4 13 4 12 8 11 0 18 11 6 7 2 7 11 13 8 10 4 19 19 1 14 0 4 2 16 10 14 9 7 8 16 18 2 16 2 16 6
4 12 4 9 10 4 13 19 10 19 13 12 0 2 16 3 12 18 18 0 3 1 8 18 11 5 5 5 14 9 19 0 4 19 2 15 16 8 19 2 18 13 11 1 7 4 17 7 5 11
6 15 1 14 15 0 8 15 3 7 11 11 11 6 1 15 4 11 11 3 0 3 18 7 6 3 8 17 3 3 19 13 4 16 13 2 1 12 5 11 18 8 12 0 15 9 11 8 15 15
19 17 1 1 8 2 5 12 14 0 11 6 2 10 6 12 6 6 6 1 3 0 12 5 16 0 7 14 0 14 3 0 18 19 9 0 8 3 1 19 3 18 9 1 3 18 2 15 17 18
0 1 9 1 2 15 10 15 2 16 7 16 10 14 6 8 0 8 7 8 18 12 0 2 8 5 13 11 13 7 6 19 11 19 6 9 16 3 18 12 11 11 13 1 15 7 13 9 5 12
6 3 1 16 17 13 0 14 13 9 1 11 6 5 1 3 18 14 2 18 7 5 2 0 19 14 6 13 8 5 14 13 8 6 0 19 15 11 10 3 13 4 15 13 18 3 7 7 18 2
12 15 12 8 3 3 7 12 6 9 7 7 17 12 0 11 6 19 7 11 6 16 8 19 0 3 16 4 17 15 11 6 8 8 7 5 18 18 9 3 4 3 7 13 3 16 3 16 15 8
9 17 15 11 11 18 13 1 17 3 4 14 11 1 14 15 13 15 11 5 3 0 5 14 3 0 17 5 1 14 4 9 11 5 13 7 19 13 12 19 5 4 3 18 0 15 6 19 10 3
1 19 8 17 10 11 4 18 9 5 9 0 12 5 6 11 0 1 13 5 8 7 13 6 16 17 0 3 6 15 8 13 3 7 1 16 11 13 18 4 14 12 0 16 4 7 4 3 3 10
4 14 1 0 11 13 8 13 0 8 11 2 19 11 1 1 4 14 8 5 17 14 11 13 4 5 3 0 3 14 12 14 15 16 19 3 13 7 12 5 6 16 16 4 1 6 6 13 16 1
0 9 7 17 10 5 17 12 11 9 7 2 11 13 4 6 6 0 10 14 3 0 13 8 17 1 6 3 0 17 8 1 8 16 15 11 4 11 8 5 3 16 7 18 3 18 3 5 0 15
19 7 3 11 10 16 17 11 1 8 19 9 13 15 5 0 10 6 4 9 3 14 7 5 15 14 15 14 17 0 4 2 4 16 7 9 9 11 4 13 4 12 10 2 11 2 9 13 6 1
9 17 5 11 14 15 12 3 1 14 17 3 6 18 10 0 17 4 19 19 19 3 6 14 11 4 8 12 8 4 0 4 18 15 0 7 13 18 11 1 0 19 17 11 18 10 17 0 18 11
11 11 9 4 5 15 6 15 6 9 10 6 11 3 10 12 1 19 19 0 13 0 19 13 6 9 13 14 1 2 4 0 13 9 8 9 14 12 6 14 19 5 11 6 3 10 16 12 15 11
9 17 2 4 10 12 7 1 18 14 19 18 14 6 3 19 14 12 1 4 4 18 11 8 8 11 3 15 8 4 18 13 0 2 6 17 13 10 18 7 18 4 11 4 4 7 0 17 8 9
2 14 18 12 16 0 14 18 19 5 14 19 1 10 0 9 1 16 14 19 16 19 19 6 8 5 7 16 16 16 15 9 2 0 12 15 3 17 15 15 3 1 14 17 12 17 19 11 19 16
7 9 0 4 8 11 17 7 12 14 5 19 15 8 6 11 0 9 0 2 13 9 6 0 7 13 1 19 15 7 0 8 6 12 0 10 14 14 15 4 6 9 11 13 4 11 12 6 14 4
14 4 0 19 3 3 5 15 5 18 5 2 2 5 10 19 9 10 4 15 2 0 9 19 5 7 16 3 11 9 7 9 17 15 10 0 1 10 19 14 14 6 13 15 16 18 5 7 11 1
12 2 14 15 14 8 14 17 2 14 16 4 15 4 17 2 3 2 2 16 1 8 16 15 18 19 11 13 4 9 13 14 13 3 14 1 0 7 4 8 15 8 18 7 2 11 19 11 17 12
3 3 0 15 9 15 12 17 12 9 18 5 17 6 16 13 12 13 16 8 12 3 3 11 18 13 13 7 11 11 18 12 10 17 14 10 7 0 12 3 5 10 6 10 15 7 5 17 9 3
1 16 0 7 12 11 10 17 13 3 7 13 1 15 14 16 17 14 10 19 5 1 18 10 9 12 18 12 8 4 11 6 18 15 15 19 4 12 0 7 3 17 1 10 19 8 12 4 14 11
15 6 6 5 7 16 7 9 5 5 10 14 13 1 8 3 16 7 14 2 11 19 12 3 3 19 4 5 5 13 1 14 7 15 4 14 8 3 7 0 1 19 14 5 16 2 3 4 10 19
0 13 0 18 18 0 5 1 6 12 12 17 2 2 17 13 11 17 9 18 18 3 11 13 4 5 14 6 3 4 0 19 18 3 6 14 15 5 3 1 0 13 2 16 12 15 6 0 15 17
15 12 17 6 12 14 2 13 5 11 8 1 18 16 4 0 13 1 7 13 8 18 11 4 3 4 12 16 16 12 19 5 4 1 9 6 8 10 17 19 13 0 6 19 1 15 9 10 4 14
9 13 7 18 17 12 12 7 14 12 1 2 14 10 17 18 16 14 8 11 12 9 13 15 7 3 0 16 7 10 17 11 11 14 11 13 18 6 1 14 2 6 0 12 16 4 2 1 15 8
17 17 16 18 5 10 16 8 3 7 0 17 8 14 2 4 16 6 16 1 0 1 1 13 13 18 16 4 18 2 11 6 4 17 13 15 7 10 10 5 16 19 12 0 9 15 13 15 19 12
14 10 11 7 0 10 7 1 17 17 2 4 6 0 13 17 11 18 18 7 15 3 15 18 3 0 4 1 3 11 18 3 4 12 4 16 2 15 19 16 12 1 16 9 0 19 1 8 19 11
16 3 5 12 12 12 19 17 2 1 13 12 14 15 17 15 10 3 2 4 9 18 7 3 16 15 7 6 18 2 10 10 7 17 11 18 11 7 8 2 15 15 4 15 19 0 17 17 10 12
5 12 15 0 8 2 2 10 2 5 5 19 16 11 16 13 16 18 16 17 11 2 13 7 3 6 4 6 3 9 17 16 0 19 12 5 19 5 12 3 6 9 2 13 1 17 0 14 10 15
4 2 10 19 17 13 14 7 3 9 10 3 16 17 10 5 14 13 2 7 8 15 9 7 16 19 3 13 5 13 0 12 17 11 6 7 11 17 4 4 0 10 1 15 8 17 14 0 11 5
4 16 13 2 7 17 17 2 1 12 4 11 16 18 16 13 13 9 16 5 15 17 5 18 15 10 3 16 0 6 18 15 8 19 14 11 17 9 14 10 15 4 15 19 19 10 10 11 0 3
9 19 0 19 3 9 15 0 18 2 5 1 16 19 8 4 17 1 6 11 15 18 12 2 8 3 10 1 15 1 11 11 9 16 4 1 12 3 11 19 17 14 8 12 11 12 15 5 3 0
