75
75
0 5 0 6 0 0 0 9 0 0 0 0 0 0 0 4 13 0 12 0 0 0 0 10 0 5 0 1 0 17 0 0 16 0 0 11 0 3 0 0 0 0 14 12 0 3 0 0 0 0 9 0 10 12 0 0 0 0 0 9 0 0 0 0 0 19 0 0 4 0 0 0 0 0 0
5 0 0 0 0 0 0 0 7 0 0 14 0 0 0 8 1 0 0 0 0 0 0 0 0 0 16 18 14 0 15 0 16 0 0 0 0 0 0 0 13 17 10 13 16 6 0 3 0 0 0 4 0 0 0 15 0 19 0 3 0 0 12 0 0 0 0 0 12 0 0 0 0 11 11
0 0 0 15 0 0 11 1 0 0 0 0 10 5 0 17 0 0 0 10 0 7 14 0 0 0 0 0 6 0 0 0 0 0 0 10 0 0 0 0 18 0 0 0 4 1 17 17 0 0 12 0 0 0 15 0 0 0 0 0 0 0 0 0 0 0 0 0 0 0 0 16 11 0 11
6 0 15 0 0 13 9 0 14 17 11 0 0 0 0 0 0 7 11 0 9 0 0 0 11 18 0 0 16 0 0 10 0 0 0 0 0 11 0 0 8 0 0 0 0 13 0 1 0 0 0 0 0 8 0 0 19 6 0 0 0 8 17 0 0 0 0 0 0 0 2 3 0 13 0
0 0 0 0 0 0 1 0 0 0 0 0 0 0 0 18 10 0 0 0 0 0 0 0 19 7 11 0 0 0 16 0 0 0 0 0 0 8 0 0 0 0 0 0 0 0 0 0 9 7 17 0 0 0 0 12 16 13 0 11 0 0 0 0 8 0 0 0 0 1 0 0 0 0 0
0 0 0 13 0 0 1 0 0 6 0 0 0 0 2 0 4 0 0 0 0 17 0 0 2 0 0 0 16 11 0 0 0 0 0 0 0 13 2 0 0 18 0 15 0 0 17 0 0 0 0 0 9 11 0 8 0 0 0 0 0 0 0 18 14 13 8 16 0 2 0 2 0 0 0
0 0 11 9 1 1 0 0 0 0 0 13 1 0 0 0 0 0 17 0 0 0 0 0 0 0 0 0 0 9 0 0 0 0 0 7 2 0 0 10 0 0 0 0 0 0 0 0 0 0 0 0 12 6 16 0 0 0 0 12 0 0 0 0 18 10 0 4 1 8 0 0 0 0 0
9 0 1 0 0 0 0 0 0 8 0 13 0 0 0 0 0 0 0 0 0 12 0 0 0 0 0 0 0 5 0 15 0 0 0 0 0 9 19 0 0 0 0 0 14 0 0 0 0 0 0 0 0 0 19 0 1 0 0 0 0 0 0 0 7 6 0 0 18 0 4 0 0 0 0
0 7 0 14 0 0 0 0 0 0 0 0 14 0 0 0 0 0 0 2 0 0 9 0 0 0 0 0 19 0 17 0 0 0 0 3 0 0 19 0 5 0 0 0 17 0 0 0 13 0 1 11 0 0 0 0 0 0 4 0 0 0 6 0 0 0 0 0 0 0 0 19 13 0 0
0 0 0 17 0 6 0 8 0 0 0 4 15 9 0 10 0 0 0 0 0 0 0 0 0 0 0 0 17 14 8 0 0 0 16 0 2 7 0 0 16 0 0 0 10 0 0 5 0 5 0 0 0 0 0 0 1 17 0 0 0 12 0 0 0 14 0 0 0 0 0 14 0 0 0
0 0 0 11 0 0 0 0 0 0 0 4 0 0 17 0 11 16 0 16 0 12 0 0 6 15 0 14 13 0 0 0 0 5 12 0 0 0 0 0 0 14 0 0 0 7 4 0 12 0 0 0 1 13 0 18 0 0 0 19 0 4 0 0 12 0 0 0 14 0 0 0 3 6 0
0 14 0 0 0 0 13 13 0 4 4 0 16 0 0 0 0 0 0 0 1 0 0 3 5 0 0 0 0 0 0 0 13 0 9 6 0 0 0 0 9 0 9 0 0 0 0 0 13 0 13 0 0 2 0 13 14 0 12 14 0 0 0 0 6 0 11 0 0 0 0 0 0 2 7
0 0 10 0 0 0 1 0 14 15 0 16 0 10 0 0 0 0 5 19 8 0 0 0 0 0 12 6 18 0 0 0 0 0 11 0 3 0 9 9 0 0 0 10 12 0 10 0 14 0 0 0 0 0 0 0 4 0 0 3 16 0 0 0 19 0 5 9 0 0 0 0 0 9 0
0 0 5 0 0 0 0 0 0 9 0 0 10 0 0 0 0 0 0 0 4 0 0 0 0 17 0 2 0 14 0 3 0 0 0 0 0 18 0 0 0 0 0 0 0 0 0 0 10 12 0 1 0 0 0 0 0 0 0 5 0 0 0 0 0 0 0 0 0 0 0 13 0 18 0
0 0 0 0 0 2 0 0 0 0 17 0 0 0 0 11 17 0 0 8 0 13 0 0 5 0 11 0 0 0 0 0 0 17 0 0 0 0 0 0 0 0 0 17 0 0 0 0 0 13 0 0 0 0 0 0 0 0 5 0 0 0 0 0 0 0 0 0 0 0 0 14 0 11 0
4 8 17 0 18 0 0 0 0 10 0 0 0 0 11 0 0 0 0 16 0 0 16 0 11 0 0 0 3 0 0 7 15 0 0 0 0 0 0 0 0 0 19 0 8 8 0 16 0 0 0 0 18 6 0 0 0 0 0 0 0 0 0 12 0 0 0 0 0 0 10 13 0 0 0
13 1 0 0 10 4 0 0 0 0 11 0 0 0 17 0 0 0 17 0 0 6 0 0 0 0 0 0 0 0 3 0 13 0 0 0 19 0 0 0 0 0 3 0 0 13 13 0 8 0 0 0 0 0 0 16 0 6 0 0 0 0 13 8 0 0 0 0 14 0 0 0 0 16 0
0 0 0 7 0 0 0 0 0 0 16 0 0 0 0 0 0 0 0 0 0 0 11 7 0 0 0 0 0 7 0 0 0 13 3 0 0 0 0 0 0 0 0 0 0 0 1 12 0 0 0 0 0 3 0 0 4 0 8 12 8 0 0 0 0 2 0 0 14 4 0 15 0 0 0
12 0 0 11 0 0 17 0 0 0 0 0 5 0 0 0 17 0 0 0 0 0 0 0 0 0 7 0 0 0 0 0 9 0 16 0 0 0 17 0 0 0 0 0 9 0 0 0 0 0 17 0 0 0 0 0 0 1 5 0 0 0 0 8 0 0 16 0 0 0 0 0 0 14 13
0 0 10 0 0 0 0 0 2 0 16 0 19 0 8 16 0 0 0 0 0 0 6 0 0 0 11 0 0 0 0 17 0 13 0 0 0 13 0 0 0 0 11 0 17 0 4 0 0 12 4 0 0 3 0 12 0 0 0 0 0 9 0 0 0 0 0 0 0 0 5 0 6 0 0
0 0 0 9 0 0 0 0 0 0 0 1 8 4 0 0 0 0 0 0 0 0 0 0 0 0 0 13 0 0 17 0 13 1 0 2 13 9 0 0 0 0 0 19 0 11 0 0 11 0 0 2 0 2 0 0 9 0 3 0 0 8 0 0 7 0 2 0 15 3 0 0 0 0 0
0 0 7 0 0 17 0 12 0 0 12 0 0 0 13 0 6 0 0 0 0 0 19 17 0 19 0 10 19 0 0 0 0 0 0 18 8 18 0 0 0 0 0 0 0 0 0 10 0 0 0 0 0 0 0 0 0 0 0 0 0 19 0 0 0 0 0 0 18 0 0 0 18 0 5
0 0 14 0 0 0 0 0 9 0 0 0 0 0 0 16 0 11 0 6 0 19 0 17 3 0 0 0 0 1 0 0 0 0 0 0 11 0 0 12 0 0 0 12 0 0 11 0 6 0 0 0 0 0 0 0 0 0 0 0 0 0 12 0 0 0 16 6 0 4 0 9 6 0 0
10 0 0 0 0 0 0 0 0 0 0 3 0 0 0 0 0 7 0 0 0 17 17 0 0 0 14 13 0 0 0 0 0 0 15 0 0 0 10 4 0 0 15 4 0 0 0 11 0 14 0 0 11 0 0 3 0 0 11 0 0 0 0 0 13 0 11 0 0 0 0 0 0 0 0
0 0 0 11 19 2 0 0 0 0 6 5 0 0 5 11 0 0 0 0 0 0 3 0 0 7 19 0 0 3 0 0 0 0 0 0 6 0 0 0 0 0 0 0 0 0 0 0 19 15 0 0 0 0 0 0 0 2 14 0 9 16 0 0 0 0 0 11 0 0 0 13 0 19 0
5 0 0 18 7 0 0 0 0 0 15 0 0 17 0 0 0 0 0 0 0 19 0 0 7 0 9 0 0 0 0 0 6 0 0 0 0 0 0 0 0 0 0 14 0 0 0 0 0 0 0 0 0 6 0 2 0 6 3 0 0 8 0 0 0 0 0 0 4 0 0 0 0 10 0
0 16 0 0 11 0 0 0 0 0 0 0 12 0 11 0 0 0 7 11 0 0 0 14 19 9 0 5 14 0 0 0 0 0 16 0 18 0 0 0 1 9 5 5 0 2 0 0 7 8 5 16 4 18 0 0 0 0 5 0 0 0 14 5 0 0 5 0 0 0 0 2 1 8 9
1 18 0 0 0 0 0 0 0 0 14 0 6 2 0 0 0 0 0 0 13 10 0 13 0 0 5 0 17 0 0 0 0 0 0 7 10 7 0 0 0 0 0 0 0 0 0 0 0 0 0 0 1 3 0 17 0 0 5 0 14 0 2 0 0 0 0 0 5 0 0 0 0 12 0
0 14 6 16 0 16 0 0 19 17 13 0 18 0 0 3 0 0 0 0 0 19 0 0 0 0 14 17 0 0 0 8 11 0 0 0 0 0 0 0 0 1 0 6 0 0 0 0 0 0 0 9 0 0 0 0 0 0 0 0 0 0 0 3 14 3 0 10 19 6 9 0 0 0 19
17 0 0 0 0 11 9 5 0 14 0 0 0 14 0 0 0 7 0 0 0 0 1 0 3 0 0 0 0 0 0 0 4 0 0 4 5 0 0 0 0 0 0 0 19 0 0 0 0 6 2 0 0 0 0 0 14 0 0 0 0 0 0 8 0 0 0 0 0 0 6 17 10 0 0
0 15 0 0 16 0 0 0 17 8 0 0 0 0 0 0 3 0 0 0 17 0 0 0 0 0 0 0 0 0 0 0 0 0 4 0 10 11 0 0 0 11 0 18 0 0 8 0 0 0 0 0 3 0 0 0 0 0 0 10 3 0 0 0 17 0 0 0 0 0 0 0 0 0 0
0 0 0 10 0 0 0 15 0 0 0 0 0 3 0 7 0 0 0 17 0 0 0 0 0 0 0 0 8 0 0 0 3 0 0 0 19 0 19 18 0 0 0 0 0 0 0 0 11 0 3 19 9 14 15 0 0 0 0 13 0 0 0 0 0 18 0 6 0 0 0 8 0 15 0
16 16 0 0 0 0 0 0 0 0 0 13 0 0 0 15 13 0 9 0 13 0 0 0 0 6 0 0 11 4 0 3 0 18 1 15 0 0 0 15 14 8 0 12 8 0 10 0 0 0 0 0 0 2 0 0 0 0 0 0 0 0 0 7 7 6 0 0 0 0 0 0 5 0 7
0 0 0 0 0 0 0 0 0 0 5 0 0 0 17 0 0 13 0 13 1 0 0 0 0 0 0 0 0 0 0 0 18 0 0 0 0 12 0 0 13 0 0 0 0 0 0 17 0 0 0 0 10 0 18 3 9 0 0 0 0 0 0 2 0 0 0 0 0 12 7 13 0 7 0
0 0 0 0 0 0 0 0 0 16 12 9 11 0 0 0 0 3 16 0 0 0 0 15 0 0 16 0 0 0 4 0 1 0 0 0 0 0 0 0 6 0 6 15 0 0 15 0 0 2 0 0 0 0 0 0 0 0 1 5 0 19 0 7 0 0 0 0 13 0 0 0 0 0 0
11 0 10 0 0 0 7 0 3 0 0 6 0 0 0 0 0 0 0 0 2 18 0 0 0 0 0 7 0 4 0 0 15 0 0 0 0 0 0 0 0 9 0 0 0 0 0 0 0 0 0 0 3 0 7 8 17 0 2 0 0 0 0 7 0 0 0 0 6 0 0 0 0 0 0
0 0 0 0 0 0 2 0 0 2 0 0 3 0 0 0 19 0 0 0 13 8 11 0 6 0 18 10 0 5 10 19 0 0 0 0 0 19 0 0 0 0 0 0 0 0 0 0 0 2 0 0 4 10 10 0 0 5 0 0 0 9 5 0 0 4 5 0 0 4 17 0 0 0 0
3 0 0 11 8 13 0 9 0 7 0 0 0 18 0 0 0 0 0 13 9 18 0 0 0 0 0 7 0 0 11 0 0 12 0 0 19 0 0 15 0 0 13 0 0 0 0 5 0 13 18 18 9 0 0 0 14 0 8 0 0 0 0 0 12 0 0 0 0 13 0 0 2 5 0
0 0 0 0 0 2 0 19 19 0 0 0 9 0 0 0 0 0 17 0 0 0 0 10 0 0 0 0 0 0 0 19 0 0 0 0 0 0 0 0 0 0 0 0 0 0 16 0 8 0 0 16 0 0 9 7 3 0 0 0 0 9 0 0 0 0 0 0 4 0 4 0 0 0 13
0 0 0 0 0 0 10 0 0 0 0 0 9 0 0 0 0 0 0 0 0 0 12 4 0 0 0 0 0 0 0 18 15 0 0 0 0 15 0 0 0 0 0 0 0 0 0 0 0 0 0 0 13 0 0 7 0 0 8 0 0 17 0 17 0 0 0 0 0 0 9 0 0 10 0
0 13 18 8 0 0 0 0 5 16 0 9 0 0 0 0 0 0 0 0 0 0 0 0 0 0 1 0 0 0 0 0 14 13 6 0 0 0 0 0 0 0 0 0 0 2 0 0 11 0 0 18 0 0 0 0 0 0 0 0 0 19 0 0 0 0 0 14 0 0 11 0 8 5 0
0 17 0 0 0 18 0 0 0 0 14 0 0 0 0 0 0 0 0 0 0 0 0 0 0 0 9 0 1 0 11 0 8 0 0 9 0 0 0 0 0 0 4 1 4 0 0 12 0 0 17 0 0 10 18 0 0 17 0 16 0 0 0 3 0 16 0 0 0 0 0 0 0 0 7
14 10 0 0 0 0 0 0 0 0 0 9 0 0 0 19 3 0 0 11 0 0 0 15 0 0 5 0 0 0 0 0 0 0 6 0 0 13 0 0 0 4 0 14 0 0 18 0 0 0 0 7 0 0 14 11 13 0 0 0 0 0 2 4 0 0 0 0 4 0 0 0 0 0 18
12 13 0 0 0 15 0 0 0 0 0 0 10 0 17 0 0 0 0 0 19 0 12 4 0 14 5 0 6 0 18 0 12 0 15 0 0 0 0 0 0 1 14 0 10 0 0 3 15 0 0 0 4 0 0 0 0 0 0 15 17 0 9 0 0 0 0 7 0 8 0 0 0 0 1
0 16 4 0 0 0 0 14 17 10 0 0 12 0 0 8 0 0 9 17 0 0 0 0 0 0 0 0 0 19 0 0 8 0 0 0 0 0 0 0 0 4 0 10 0 0 0 3 0 0 9 0 5 0 0 0 0 12 9 0 0 0 6 0 4 3 0 0 0 0 0 0 0 0 0
3 6 1 13 0 0 0 0 0 0 7 0 0 0 0 8 13 0 0 0 11 0 0 0 0 0 2 0 0 0 0 0 0 0 0 0 0 0 0 0 2 0 0 0 0 0 0 0 0 13 0 6 0 17 0 0 0 4 0 0 17 0 0 7 0 0 13 0 0 3 0 0 9 0 0
0 0 17 0 0 17 0 0 0 0 4 0 10 0 0 0 13 1 0 4 0 0 11 0 0 0 0 0 0 0 8 0 10 0 15 0 0 0 16 0 0 0 18 0 0 0 0 0 0 0 4 0 12 0 0 0 0 0 0 0 10 0 0 0 2 19 2 0 9 11 0 0 0 0 3
0 3 17 1 0 0 0 0 0 5 0 0 0 0 0 16 0 12 0 0 0 10 0 11 0 0 0 0 0 0 0 0 0 17 0 0 0 5 0 0 0 12 0 3 3 0 0 0 0 17 10 0 0 0 0 2 0 6 0 0 0 0 0 0 0 0 2 9 0 0 10 0 0 3 0
0 0 0 0 9 0 0 0 13 0 12 13 14 10 0 0 8 0 0 0 11 0 6 0 19 0 7 0 0 0 0 11 0 0 0 0 0 0 8 0 11 0 0 15 0 0 0 0 0 19 0 0 0 9 0 0 0 0 14 9 0 0 17 16 0 15 7 0 0 0 0 0 0 0 10
0 0 0 0 7 0 0 0 0 5 0 0 0 12 13 0 0 0 0 12 0 0 0 14 15 0 8 0 0 6 0 0 0 0 2 0 2 13 0 0 0 0 0 0 0 13 0 17 19 0 12 0 0 0 0 0 0 0 0 0 19 0 0 0 0 17 0 12 0 0 11 0 0 7 0
9 0 12 0 17 0 0 0 1 0 0 13 0 0 0 0 0 0 17 4 0 0 0 0 0 0 5 0 0 2 0 3 0 0 0 0 0 18 0 0 0 17 0 0 9 0 4 10 0 12 0 0 0 0 15 6 0 0 0 0 8 8 0 0 0 11 0 0 0 7 0 15 0 17 9
0 4 0 0 0 0 0 0 11 0 0 0 0 1 0 0 0 0 0 0 2 0 0 0 0 0 16 0 9 0 0 19 0 0 0 0 0 18 16 0 18 0 7 0 0 6 0 0 0 0 0 0 7 0 0 0 0 5 0 7 0 0 0 0 0 0 14 0 0 0 0 0 0 0 0
10 0 0 0 0 9 12 0 0 0 1 0 0 0 0 18 0 0 0 0 0 0 0 11 0 0 4 1 0 0 3 9 0 10 0 3 4 9 0 13 0 0 0 4 5 0 12 0 0 0 0 7 0 0 0 13 0 0 10 4 9 3 0 0 0 0 1 0 0 0 0 0 0 0 0
12 0 0 8 0 11 6 0 0 0 13 2 0 0 0 6 0 3 0 3 2 0 0 0 0 6 18 3 0 0 0 14 2 0 0 0 10 0 0 0 0 10 0 0 0 17 0 0 9 0 0 0 0 0 0 0 0 0 8 0 2 0 0 0 4 0 0 0 0 14 0 13 0 0 0
0 0 15 0 0 0 16 19 0 0 0 0 0 0 0 0 0 0 0 0 0 0 0 0 0 0 0 0 0 0 0 15 0 18 0 7 10 0 9 0 0 18 14 0 0 0 0 0 0 0 15 0 0 0 0 18 3 0 0 9 0 0 0 0 0 17 11 9 0 0 0 0 0 0 0
0 15 0 0 12 8 0 0 0 0 18 13 0 0 0 0 16 0 0 12 0 0 0 3 0 2 0 17 0 0 0 0 0 3 0 8 0 0 7 7 0 0 11 0 0 0 0 2 0 0 6 0 13 0 18 0 0 0 0 0 0 0 0 0 0 0 2 0 0 7 0 0 0 0 1
0 0 0 19 16 0 0 1 0 1 0 14 4 0 0 0 0 4 0 0 9 0 0 0 0 0 0 0 0 14 0 0 0 9 0 17 0 14 3 0 0 0 13 0 0 0 0 0 0 0 0 0 0 0 3 0 0 0 2 0 0 0 6 6 0 0 0 18 0 0 0 0 0 18 0
0 19 0 6 13 0 0 0 0 17 0 0 0 0 0 0 6 0 1 0 0 0 0 0 2 6 0 0 0 0 0 0 0 0 0 0 5 0 0 0 0 17 0 0 12 4 0 6 0 0 0 5 0 0 0 0 0 0 0 0 0 6 18 0 0 7 0 0 0 0 2 9 0 0 14
0 0 0 0 0 0 0 0 4 0 0 12 0 0 5 0 0 8 5 0 3 0 0 11 14 3 5 5 0 0 0 0 0 0 1 2 0 8 0 8 0 0 0 0 9 0 0 0 14 0 0 0 10 8 0 0 2 0 0 10 0 19 0 0 0 0 0 2 5 15 11 0 6 0 0
9 3 0 0 11 0 12 0 0 0 19 14 3 5 0 0 0 12 0 0 0 0 0 0 0 0 0 0 0 0 10 13 0 0 5 0 0 0 0 0 0 16 0 15 0 0 0 0 9 0 0 7 4 0 9 0 0 0 10 0 1 0 0 1 11 1 0 0 0 0 0 0 0 0 10
0 0 0 0 0 0 0 0 0 0 0 0 16 0 0 0 0 8 0 0 0 0 0 0 9 0 0 14 0 0 3 0 0 0 0 0 0 0 0 0 0 0 0 17 0 17 10 0 0 19 8 0 9 2 0 0 0 0 0 1 0 8 0 0 0 0 0 0 0 0 15 0 0 0 0
0 0 0 8 0 0 0 0 0 12 4 0 0 0 0 0 0 0 0 9 8 19 0 0 16 8 0 0 0 0 0 0 0 0 19 0 9 0 9 17 19 0 0 0 0 0 0 0 0 0 8 0 3 0 0 0 0 6 19 0 8 0 0 0 4 10 14 7 0 0 0 0 3 0 8
0 12 0 17 0 0 0 0 6 0 0 0 0 0 0 0 13 0 0 0 0 0 12 0 0 0 14 2 0 0 0 0 0 0 0 0 5 0 0 0 0 0 2 9 6 0 0 0 17 0 0 0 0 0 0 0 6 18 0 0 0 0 0 0 0 11 16 0 0 14 0 0 1 0 0
0 0 0 0 0 18 0 0 0 0 0 0 0 0 0 12 8 0 8 0 0 0 0 0 0 0 5 0 3 8 0 0 7 2 7 7 0 0 0 17 0 3 4 0 0 7 0 0 16 0 0 0 0 0 0 0 6 0 0 1 0 0 0 0 12 0 0 0 0 0 0 0 0 13 1
0 0 0 0 8 14 18 7 0 0 12 6 19 0 0 0 0 0 0 0 7 0 0 13 0 0 0 0 14 0 17 0 7 0 0 0 0 12 0 0 0 0 0 0 4 0 2 0 0 0 0 0 0 4 0 0 0 0 0 11 0 4 0 12 0 13 0 0 0 9 7 12 12 16 4
19 0 0 0 0 13 10 6 0 14 0 0 0 0 0 0 0 2 0 0 0 0 0 0 0 0 0 0 3 0 0 18 6 0 0 0 4 0 0 0 0 16 0 0 3 0 19 0 15 17 11 0 0 0 17 0 0 7 0 1 0 10 11 0 13 0 0 0 0 0 0 0 0 0 0
0 0 0 0 0 8 0 0 0 0 0 11 5 0 0 0 0 0 16 0 2 0 16 11 0 0 5 0 0 0 0 0 0 0 0 0 5 0 0 0 0 0 0 0 0 13 2 2 7 0 0 14 1 0 11 2 0 0 0 0 0 14 16 0 0 0 0 0 0 0 0 0 0 0 1
0 0 0 0 0 16 4 0 0 0 0 0 9 0 0 0 0 0 0 0 0 0 6 0 11 0 0 0 10 0 0 6 0 0 0 0 0 0 0 0 14 0 0 7 0 0 0 9 0 12 0 0 0 0 9 0 18 0 2 0 0 7 0 0 0 0 0 0 7 1 5 2 0 0 14
4 12 0 0 0 0 1 18 0 0 14 0 0 0 0 0 14 14 0 0 15 18 0 0 0 4 0 5 19 0 0 0 0 0 13 6 0 0 4 0 0 0 4 0 0 0 9 0 0 0 0 0 0 0 0 0 0 0 5 0 0 0 0 0 0 0 0 7 0 0 0 0 0 0 17
0 0 0 0 1 2 8 0 0 0 0 0 0 0 0 0 0 4 0 0 3 0 4 0 0 0 0 0 6 0 0 0 0 12 0 0 4 13 0 0 0 0 0 8 0 3 11 0 0 0 7 0 0 14 0 7 0 0 15 0 0 0 14 0 9 0 0 1 0 0 6 0 0 15 0
0 0 0 2 0 0 0 4 0 0 0 0 0 0 0 10 0 0 0 5 0 0 0 0 0 0 0 0 9 6 0 0 0 7 0 0 17 0 4 9 11 0 0 0 0 0 0 10 0 11 0 0 0 0 0 0 0 2 11 0 15 0 0 0 7 0 0 5 0 6 0 0 0 0 0
0 0 16 3 0 2 0 0 19 14 0 0 0 13 14 13 0 15 0 0 0 0 9 0 13 0 2 0 0 17 0 8 0 13 0 0 0 0 0 0 0 0 0 0 0 0 0 0 0 0 15 0 0 13 0 0 0 9 0 0 0 0 0 0 12 0 0 2 0 0 0 0 13 0 0
0 0 11 0 0 0 0 0 13 0 3 0 0 0 0 0 0 0 0 6 0 18 6 0 0 0 1 0 0 10 0 0 5 0 0 0 0 2 0 0 8 0 0 0 0 9 0 0 0 0 0 0 0 0 0 0 0 0 6 0 0 3 1 0 12 0 0 0 0 0 0 13 0 0 0
0 11 0 13 0 0 0 0 0 0 6 2 9 18 11 0 16 0 14 0 0 0 0 0 19 10 8 12 0 0 0 15 0 7 0 0 0 5 0 10 5 0 0 0 0 0 0 3 0 7 17 0 0 0 0 0 18 0 0 0 0 0 0 13 16 0 0 0 0 15 0 0 0 0 0
0 11 11 0 0 0 0 0 0 0 0 7 0 0 0 0 0 0 13 0 0 5 0 0 0 0 9 0 19 0 0 0 7 0 0 0 0 0 13 0 0 7 18 1 0 0 3 0 10 0 9 0 0 0 0 1 0 14 0 10 0 8 0 1 4 0 1 14 17 0 0 0 0 0 0
