100
75
0 10 0 2 0 19 7 5 0 0 0 19 0 0 15 12 0 0 0 9 0 0 0 0 0 0 0 0 0 9 0 0 0 0 5 0 0 0 0 2 0 0 0 0 0 0 15 18 0 0 0 0 0 0 0 0 0 0 0 0 0 0 0 0 15 0 0 0 0 0 19 0 0 0 0
10 0 0 0 19 0 0 0 0 0 17 4 0 0 0 0 0 0 0 0 0 0 19 0 0 13 0 7 0 10 16 0 8 9 0 0 0 8 0 0 0 7 0 0 0 0 19 7 0 13 0 0 0 12 0 0 0 8 0 0 0 0 0 9 0 0 0 13 0 0 0 0 0 0 13
0 0 0 0 0 0 0 18 11 0 0 0 0 10 11 0 0 0 0 0 5 0 0 0 18 0 0 3 7 0 0 0 0 0 0 15 18 15 0 7 0 0 0 0 0 12 0 17 0 0 0 0 0 5 3 0 0 0 0 0 0 0 0 17 14 0 0 1 0 19 0 0 0 0 17
2 0 0 0 1 0 0 0 6 0 0 0 0 0 12 12 7 0 0 0 0 0 0 0 0 0 0 0 1 10 0 0 0 10 0 0 0 0 9 0 0 0 0 12 10 0 0 0 0 17 0 6 0 2 15 0 0 0 0 10 0 0 16 0 0 0 11 17 6 0 0 0 0 0 0
0 19 0 1 0 0 0 0 0 0 0 16 0 16 6 14 0 0 0 0 0 15 0 0 4 3 0 0 12 0 12 0 0 6 0 0 0 18 0 9 0 12 0 0 0 0 0 0 0 5 15 3 0 0 0 0 16 0 9 0 18 0 2 0 0 19 0 7 15 13 0 0 0 0 0
19 0 0 0 0 0 0 14 0 0 0 0 15 0 0 19 0 0 0 0 0 10 15 0 0 13 0 0 0 0 0 11 0 0 0 0 0 4 10 0 0 0 0 15 0 0 0 0 17 19 0 0 1 0 0 0 0 2 0 0 0 0 0 0 4 12 0 13 0 0 0 0 9 0 0
7 0 0 0 0 0 0 0 0 0 0 5 1 0 0 0 15 0 9 4 7 11 0 11 2 0 0 0 0 0 9 0 17 0 0 0 0 0 0 5 0 13 0 0 0 0 0 10 0 0 0 0 0 0 0 0 0 2 0 18 18 8 0 0 0 0 18 15 0 0 0 0 3 0 18
5 0 18 0 0 14 0 0 0 17 0 0 0 0 3 0 18 0 0 9 0 10 0 0 0 0 19 0 0 11 0 0 8 0 0 0 0 1 0 5 18 19 17 0 0 0 0 0 0 0 10 17 0 0 0 2 0 0 6 0 0 1 0 0 0 0 0 0 8 0 0 0 3 0 11
0 0 11 6 0 0 0 0 0 13 0 3 0 0 0 0 0 12 0 0 0 0 0 0 0 10 0 0 0 0 0 4 0 0 0 0 0 2 0 0 10 10 0 0 0 0 11 0 0 0 0 0 18 7 0 0 0 2 8 0 14 17 15 0 14 0 0 0 0 0 12 19 0 0 14
0 0 0 0 0 0 0 17 13 0 0 12 0 14 0 0 0 4 10 17 9 0 0 3 16 0 0 0 0 0 2 0 0 0 2 9 0 15 0 0 10 0 0 11 0 3 0 0 16 0 0 0 7 0 0 8 0 0 0 0 8 0 0 0 13 6 6 16 0 0 7 0 8 0 0
0 17 0 0 0 0 0 0 0 0 0 0 0 0 19 3 0 0 0 18 0 7 13 1 0 0 0 0 0 0 0 0 16 0 0 0 13 0 12 16 0 0 0 0 0 0 0 0 14 13 0 0 14 15 3 0 6 0 15 0 0 0 0 0 0 0 0 19 0 0 0 0 0 0 0
19 4 0 0 16 0 5 0 3 12 0 0 0 9 5 1 0 0 0 3 0 0 8 10 0 4 18 0 0 16 0 0 19 14 0 0 0 0 1 0 0 0 0 0 0 0 0 0 13 0 0 0 0 8 12 0 0 0 0 8 9 0 0 0 0 0 6 0 0 0 0 13 11 14 15
0 0 0 0 0 15 1 0 0 0 0 0 0 0 0 0 3 0 0 0 0 0 0 18 10 0 9 0 0 0 6 0 0 0 0 0 0 0 0 0 19 0 0 0 12 0 0 0 0 0 0 0 11 0 0 0 0 0 0 0 0 0 0 0 0 0 0 9 0 0 17 1 0 19 0
0 0 10 0 16 0 0 0 0 14 0 9 0 0 0 0 0 0 0 0 0 0 2 3 11 0 19 0 12 0 9 18 0 10 0 0 0 0 0 0 17 9 1 0 4 0 18 0 0 0 0 0 5 7 0 0 0 13 0 0 0 0 0 0 0 10 0 0 0 0 0 0 9 0 0
15 0 11 12 6 0 0 3 0 0 19 5 0 0 0 0 15 0 0 0 0 0 0 0 0 0 0 2 0 0 16 0 0 0 2 0 0 0 0 0 0 18 0 11 10 0 6 5 5 0 14 0 16 0 0 0 0 15 0 0 0 0 0 0 0 2 0 0 3 0 0 13 0 2 0
12 0 0 12 14 19 0 0 0 0 3 1 0 0 0 0 8 0 0 0 8 0 0 6 0 0 0 0 0 0 1 0 0 13 8 19 7 0 5 0 15 2 0 0 0 0 16 7 0 0 0 0 0 15 15 7 0 0 10 0 0 1 17 0 1 0 17 0 9 0 0 0 1 0 0
0 0 0 7 0 0 15 18 0 0 0 0 3 0 15 8 0 0 0 0 15 0 0 11 5 4 0 0 0 0 7 18 0 0 12 0 6 0 0 0 11 0 0 0 0 0 0 0 0 0 0 0 0 0 0 0 9 17 3 0 0 19 13 0 0 0 0 0 0 0 0 0 0 0 0
0 0 0 0 0 0 0 0 12 4 0 0 0 0 0 0 0 0 0 0 12 5 19 15 0 0 0 0 0 0 8 16 0 0 0 0 0 0 0 0 0 0 0 9 0 0 0 0 19 0 0 19 0 0 0 0 0 0 0 1 0 0 0 0 0 0 0 0 0 0 0 0 0 14 0
0 0 0 0 0 0 9 0 0 10 0 0 0 0 0 0 0 0 0 0 0 0 0 0 0 6 0 5 0 0 0 0 0 0 17 3 0 0 0 0 0 0 0 0 0 0 0 6 0 0 0 7 13 10 0 0 8 0 0 0 0 0 0 0 13 10 0 0 0 14 13 0 0 0 0
9 0 0 0 0 0 4 9 0 17 18 3 0 0 0 0 0 0 0 0 0 8 0 0 0 1 0 0 0 0 0 0 0 0 9 0 0 0 0 0 0 17 3 0 0 0 0 0 13 0 0 0 9 0 0 0 0 18 0 0 0 0 0 0 0 0 17 13 0 11 0 0 0 0 0
0 0 5 0 0 0 7 0 0 9 0 0 0 0 0 8 15 12 0 0 0 0 0 15 0 0 0 0 8 12 0 0 0 0 0 0 0 12 0 0 0 0 4 0 0 0 0 0 0 0 0 0 18 8 15 15 0 0 18 0 0 0 0 0 13 0 0 0 17 0 0 0 11 6 0
0 0 0 0 15 10 11 10 0 0 7 0 0 0 0 0 0 5 0 8 0 0 0 0 0 0 10 0 0 1 16 6 0 0 0 0 8 12 0 0 0 0 0 0 0 15 0 7 0 0 0 3 0 0 0 0 0 6 1 19 0 0 0 14 15 0 0 0 0 0 0 0 12 0 0
0 19 0 0 0 15 0 0 0 0 13 8 0 2 0 0 0 19 0 0 0 0 0 0 0 0 0 0 15 0 13 0 0 0 3 5 17 9 0 0 7 0 0 1 0 2 0 0 0 0 0 0 0 0 0 0 0 0 0 0 12 8 0 0 0 0 18 0 0 0 0 0 0 7 12
0 0 0 0 0 0 11 0 0 3 1 10 18 3 0 6 11 15 0 0 15 0 0 0 0 12 7 0 18 0 0 17 0 0 0 17 0 9 12 0 0 0 0 19 15 0 0 0 4 0 0 0 0 8 0 9 1 16 19 0 0 0 0 0 0 0 0 11 8 0 0 11 0 0 0
0 0 18 0 4 0 2 0 0 16 0 0 10 11 0 0 5 0 0 0 0 0 0 0 0 0 0 0 0 0 0 0 0 0 2 0 6 0 0 0 0 0 12 0 19 0 18 0 0 0 0 0 18 0 14 0 2 0 0 0 0 17 3 0 0 0 0 0 6 0 0 0 0 0 0
0 13 0 0 3 13 0 0 10 0 0 4 0 0 0 0 4 0 6 1 0 0 0 12 0 0 0 10 0 0 0 0 0 0 15 0 0 0 0 0 9 0 0 11 0 7 18 0 2 0 0 0 4 0 10 0 0 0 0 5 16 0 0 19 0 15 6 0 0 0 0 0 0 0 0
0 0 0 0 0 0 0 19 0 0 0 18 9 19 0 0 0 0 0 0 0 10 0 7 0 0 0 0 0 16 0 0 0 0 7 0 14 0 17 0 0 17 16 0 9 0 0 0 8 0 0 4 0 0 0 19 0 11 0 0 8 13 0 0 0 0 0 0 0 0 0 12 0 14 0
0 7 3 0 0 0 0 0 0 0 0 0 0 0 2 0 0 0 5 0 0 0 0 0 0 10 0 0 0 0 0 0 0 0 11 0 0 0 0 0 0 0 15 10 14 0 0 2 0 5 0 0 0 5 8 0 17 0 3 0 0 0 0 6 7 0 0 0 0 12 10 0 0 0 0
0 0 7 1 12 0 0 0 0 0 0 0 0 12 0 0 0 0 0 0 8 0 15 18 0 0 0 0 0 0 4 0 4 0 0 0 0 0 0 2 0 2 8 17 0 0 19 0 2 0 7 0 0 17 2 0 0 0 0 0 0 0 0 0 18 0 13 0 3 0 0 0 0 0 17
9 10 0 10 0 0 0 11 0 0 0 16 0 0 0 0 0 0 0 0 12 1 0 0 0 0 16 0 0 0 0 15 0 0 0 17 0 0 17 5 0 7 4 7 0 5 0 0 0 15 0 0 0 9 16 7 0 0 0 6 0 1 17 0 0 0 0 0 19 15 0 0 0 0 0
0 16 0 0 12 0 9 0 0 2 0 0 6 9 16 1 7 8 0 0 0 16 13 0 0 0 0 0 4 0 0 0 0 0 0 0 19 0 0 0 0 2 0 17 0 3 0 0 0 0 14 13 0 0 0 0 0 0 17 17 0 0 0 0 7 0 0 0 0 1 10 0 0 13 9
0 0 0 0 0 11 0 0 4 0 0 0 0 18 0 0 18 16 0 0 0 6 0 17 0 0 0 0 0 15 0 0 0 0 0 0 0 10 8 12 0 0 0 10 11 10 12 0 16 0 2 0 2 0 3 0 9 13 0 0 0 0 0 0 1 0 0 0 17 0 17 0 0 0 14
0 8 0 0 0 0 17 8 0 0 16 19 0 0 0 0 0 0 0 0 0 0 0 0 0 0 0 0 4 0 0 0 0 0 0 0 0 0 12 11 0 0 0 19 0 14 0 0 0 14 12 0 12 14 7 0 15 0 14 0 8 0 0 0 0 13 0 0 0 0 0 0 9 0 0
0 9 0 10 6 0 0 0 0 0 0 14 0 10 0 13 0 0 0 0 0 0 0 0 0 0 0 0 0 0 0 0 0 0 0 0 0 18 0 0 0 10 13 0 0 0 0 0 0 0 13 0 0 12 0 0 0 0 0 0 0 5 0 0 16 0 0 0 17 16 0 0 0 0 0
5 0 0 0 0 0 0 0 0 2 0 0 0 0 2 8 12 0 17 9 0 0 3 0 2 15 7 11 0 0 0 0 0 0 0 0 0 0 19 12 9 0 3 0 0 0 0 1 0 6 0 0 0 15 0 0 0 18 0 0 0 0 0 0 0 0 0 0 0 0 19 0 19 0 7
0 0 15 0 0 0 0 0 0 9 0 0 0 0 0 19 0 0 3 0 0 0 5 17 0 0 0 0 0 17 0 0 0 0 0 0 0 3 19 5 0 0 0 0 2 0 0 14 9 0 9 0 0 0 0 0 0 0 5 0 0 0 0 0 0 0 0 0 5 0 0 0 0 5 0
0 0 18 0 0 0 0 0 0 0 13 0 0 0 0 7 6 0 0 0 0 8 17 0 6 0 14 0 0 0 19 0 0 0 0 0 0 18 0 0 13 0 0 0 5 0 15 0 12 0 0 0 0 0 8 0 0 0 0 0 4 0 0 0 0 0 0 14 0 0 0 0 0 0 0
0 8 15 0 18 4 0 1 2 15 0 0 0 0 0 0 0 0 0 0 12 12 9 9 0 0 0 0 0 0 0 10 0 18 0 3 18 0 0 1 0 0 0 0 0 19 0 10 8 0 0 0 0 0 1 0 0 1 0 0 0 0 0 0 0 0 0 0 0 2 0 0 0 0 4
0 0 0 9 0 10 0 0 0 0 12 1 0 0 0 5 0 0 0 0 0 0 0 12 0 0 17 0 0 17 0 8 12 0 19 19 0 0 0 7 0 15 0 15 6 3 0 0 11 14 0 0 10 0 0 15 0 6 0 6 0 0 15 19 0 0 0 0 0 0 0 15 0 0 0
2 0 7 0 9 0 5 5 0 0 16 0 0 0 0 0 0 0 0 0 0 0 0 0 0 0 0 0 2 5 0 12 11 0 12 5 0 1 7 0 15 0 0 0 0 15 0 11 0 0 0 0 0 0 0 0 0 0 0 0 0 0 0 0 0 0 0 0 5 1 0 0 9 0 0
0 0 0 0 0 0 0 18 10 10 0 0 19 17 0 15 11 0 0 0 0 0 7 0 0 9 0 0 0 0 0 0 0 0 9 0 13 0 0 15 0 14 12 19 0 0 0 0 0 1 9 16 15 0 0 0 0 0 0 0 0 0 18 0 0 0 6 0 0 0 0 0 19 7 0
0 7 0 0 12 0 13 19 10 0 0 0 0 9 18 2 0 0 0 17 0 0 0 0 0 0 17 0 2 7 2 0 0 10 0 0 0 0 15 0 14 0 0 0 0 0 0 9 6 0 0 15 0 19 0 7 0 0 0 13 0 6 0 0 0 16 0 19 18 0 0 10 0 0 0
0 0 0 0 0 0 0 17 0 0 0 0 0 1 0 0 0 0 0 3 4 0 0 0 12 0 16 15 8 4 0 0 0 13 3 0 0 0 0 0 12 0 0 0 0 0 0 0 0 0 0 0 15 0 0 0 0 0 18 18 0 0 9 0 0 0 0 5 15 0 0 0 0 0 6
0 0 0 12 0 15 0 0 0 11 0 0 0 0 11 0 0 9 0 0 0 0 1 19 0 11 0 10 17 7 17 10 19 0 0 0 0 0 15 0 19 0 0 0 0 6 0 9 4 18 18 18 0 17 1 0 0 0 19 0 0 0 0 0 0 0 0 2 10 0 0 11 13 8 6
0 0 0 10 0 0 0 0 0 0 0 0 12 4 10 0 0 0 0 0 0 0 0 15 19 0 9 14 0 0 0 11 0 0 0 2 5 0 6 0 0 0 0 0 0 13 0 0 0 7 6 0 0 0 0 4 0 0 1 0 0 14 13 0 17 0 0 11 0 0 9 2 0 0 0
0 0 12 0 0 0 0 0 0 3 0 0 0 0 0 0 0 0 0 0 0 15 2 0 0 7 0 0 0 5 3 10 14 0 0 0 0 19 3 15 0 0 0 6 13 0 0 3 0 0 0 15 7 0 0 0 0 0 0 11 2 4 0 0 0 0 0 0 0 0 17 0 1 0 0
15 19 0 0 0 0 0 0 11 0 0 0 0 18 6 16 0 0 0 0 0 0 0 0 18 18 0 0 19 0 0 12 0 0 0 0 15 0 0 0 0 0 0 0 0 0 0 0 0 9 0 6 0 13 0 0 0 6 0 0 0 0 0 0 0 0 0 8 0 10 0 4 8 0 0
18 7 17 0 0 0 10 0 0 0 0 0 0 0 5 7 0 0 6 0 0 7 0 0 0 0 0 2 0 0 0 0 0 0 1 14 0 10 0 11 0 9 0 9 0 3 0 0 0 0 0 0 0 0 10 0 0 13 2 0 0 19 0 19 0 0 0 0 0 0 15 0 0 0 0
0 0 0 0 0 17 0 0 0 16 14 13 0 0 5 0 0 19 0 13 0 0 0 4 0 2 8 0 2 0 0 16 0 0 0 9 12 8 11 0 0 6 0 4 0 0 0 0 0 11 0 0 0 0 0 0 0 8 15 0 0 0 0 5 0 0 18 0 0 19 12 0 0 0 0
0 13 0 17 5 19 0 0 0 0 13 0 0 0 0 0 0 0 0 0 0 0 0 0 0 0 0 5 0 15 0 0 14 0 6 0 0 0 14 0 1 0 0 18 7 0 9 0 11 0 0 0 0 0 0 0 15 0 0 0 0 0 0 17 0 0 17 12 0 0 0 7 5 0 17
0 0 0 0 15 0 0 10 0 0 0 0 0 0 14 0 0 0 0 0 0 0 0 0 0 0 0 0 7 0 14 2 12 13 0 9 0 0 0 0 9 0 0 18 6 0 0 0 0 0 0 0 11 0 0 0 0 0 0 0 0 0 15 0 0 0 0 0 0 6 0 18 0 12 10
0 0 0 6 3 0 0 17 0 0 0 0 0 0 0 0 0 19 7 0 0 3 0 0 0 0 4 0 0 0 13 0 0 0 0 0 0 0 0 0 16 15 0 18 0 15 6 0 0 0 0 0 0 0 0 0 0 4 0 0 15 0 0 0 0 12 0 0 4 2 12 10 0 0 0
0 0 0 0 0 1 0 0 18 7 14 0 11 5 16 0 0 0 13 9 18 0 0 0 18 4 0 0 0 0 0 2 12 0 0 0 0 0 10 0 15 0 15 0 0 7 0 0 0 0 11 0 0 0 0 11 0 0 17 0 5 0 4 0 0 0 12 0 0 18 0 0 0 0 14
0 12 5 2 0 0 0 0 7 0 15 8 0 7 0 15 0 0 10 0 8 0 0 8 0 0 0 5 17 9 0 0 14 12 15 0 0 0 0 0 0 19 0 17 0 0 13 0 0 0 0 0 0 0 0 0 0 11 9 13 0 0 0 0 0 0 6 0 0 0 0 0 0 0 5
0 0 3 15 0 0 0 0 0 0 3 12 0 0 0 15 0 0 0 0 15 0 0 0 14 10 0 8 2 16 0 3 7 0 0 0 8 1 0 0 0 0 0 1 0 0 0 10 0 0 0 0 0 0 0 8 0 0 0 0 0 0 0 0 6 0 0 0 0 0 0 0 0 0 7
0 0 0 0 0 0 0 2 0 8 0 0 0 0 0 7 0 0 0 0 15 0 0 9 0 0 19 0 0 7 0 0 0 0 0 0 0 0 15 0 0 7 0 0 4 0 0 0 0 0 0 0 11 0 8 0 0 8 4 0 0 0 0 0 10 2 14 4 1 0 19 0 0 0 0
0 0 0 0 16 0 0 0 0 0 6 0 0 0 0 0 9 0 8 0 0 0 0 1 2 0 0 17 0 0 0 9 15 0 0 0 0 0 0 0 0 0 0 0 0 0 0 0 0 15 0 0 0 0 0 0 0 4 16 0 0 0 7 0 0 0 4 0 0 0 19 0 0 0 0
0 8 0 0 0 2 2 0 2 0 0 0 0 13 15 0 17 0 0 18 0 6 0 16 0 0 11 0 0 0 0 13 0 0 18 0 0 1 6 0 0 0 0 0 0 0 6 13 8 0 0 4 0 11 0 8 4 0 0 2 8 0 4 4 0 8 19 0 0 0 0 19 1 0 0
0 0 0 0 9 0 0 6 8 0 15 0 0 0 0 10 3 0 0 0 18 1 0 19 0 0 0 3 0 0 17 0 14 0 0 5 0 0 0 0 0 0 18 19 1 0 0 2 15 0 0 0 17 9 0 4 16 0 0 5 0 10 0 0 0 0 4 0 2 0 0 17 2 0 0
0 0 0 10 0 0 18 0 0 0 0 8 0 0 0 0 0 1 0 0 0 19 0 0 0 5 0 0 0 6 17 0 0 0 0 0 0 0 6 0 0 13 18 0 0 11 0 0 0 0 0 0 0 13 0 0 0 2 5 0 0 0 0 0 11 15 0 0 0 13 0 0 0 19 0
0 0 0 0 18 0 18 0 14 8 0 9 0 0 0 0 0 0 0 0 0 0 12 0 0 16 8 0 0 0 0 0 8 0 0 0 4 0 0 0 0 0 0 0 0 2 0 0 0 0 0 15 5 0 0 0 0 8 0 0 0 0 0 0 0 10 0 6 0 0 0 19 0 17 0
0 0 0 0 0 0 8 1 17 0 0 0 0 0 0 1 19 0 0 0 0 0 8 0 17 0 13 0 0 1 0 0 0 5 0 0 0 0 0 0 0 6 0 0 14 4 0 19 0 0 0 0 0 0 0 0 0 0 10 0 0 0 15 0 1 0 0 0 0 0 0 0 9 0 0
0 0 0 16 2 0 0 0 15 0 0 0 0 0 0 17 13 0 0 0 0 0 0 0 3 0 0 0 0 17 0 0 0 0 0 0 0 0 15 0 18 0 9 0 13 0 0 0 0 0 15 0 4 0 0 0 7 4 0 0 0 15 0 18 0 2 18 8 4 14 4 8 0 0 2
0 9 17 0 0 0 0 0 0 0 0 0 0 0 0 0 0 0 0 0 0 14 0 0 0 19 0 6 0 0 0 0 0 0 0 0 0 0 19 0 0 0 0 0 0 0 0 19 5 17 0 0 0 0 0 0 0 4 0 0 0 0 18 0 0 0 0 0 0 0 0 0 0 0 0
15 0 14 0 0 4 0 0 14 13 0 0 0 0 0 1 0 0 13 0 13 15 0 0 0 0 0 7 18 0 7 1 0 16 0 0 0 0 0 0 0 0 0 0 17 0 0 0 0 0 0 0 0 0 6 10 0 0 0 11 0 1 0 0 0 0 0 0 0 1 0 18 0 19 0
0 0 0 0 19 12 0 0 0 6 0 0 0 10 2 0 0 0 10 0 0 0 0 0 0 15 0 0 0 0 0 0 13 0 0 0 0 0 0 0 0 16 0 0 0 0 0 0 0 0 0 12 0 0 0 2 0 8 0 15 10 0 2 0 0 0 0 0 0 0 0 0 7 5 0
0 0 0 11 0 0 18 0 0 6 0 6 0 0 0 17 0 0 0 17 0 0 18 0 0 6 0 0 13 0 0 0 0 0 0 0 0 0 0 0 6 0 0 0 0 0 0 0 18 17 0 0 12 6 0 14 4 19 4 0 0 0 18 0 0 0 0 0 0 0 0 0 6 0 0
0 13 1 17 7 13 15 0 0 16 19 0 9 0 0 0 0 0 0 13 0 0 0 11 0 0 0 0 0 0 0 0 0 0 0 0 14 0 0 0 0 19 5 2 11 0 8 0 0 12 0 0 0 0 0 4 0 0 0 0 6 0 8 0 0 0 0 0 0 0 0 0 0 2 1
0 0 0 6 15 0 0 8 0 0 0 0 0 0 3 9 0 0 0 0 17 0 0 8 6 0 0 0 3 19 0 17 0 17 0 5 0 0 0 5 0 18 15 10 0 0 0 0 0 0 0 4 0 0 0 1 0 0 2 0 0 0 4 0 0 0 0 0 0 0 7 0 0 0 0
0 0 19 0 13 0 0 0 0 0 0 0 0 0 0 0 0 0 14 11 0 0 0 0 0 0 0 12 0 15 1 0 0 16 0 0 0 2 0 1 0 0 0 0 0 0 10 0 19 0 6 2 18 0 0 0 0 0 0 13 0 0 14 0 1 0 0 0 0 0 0 5 0 0 0
19 0 0 0 0 0 0 0 12 7 0 0 17 0 0 0 0 0 13 0 0 0 0 0 0 0 0 10 0 0 10 17 0 0 19 0 0 0 0 0 0 0 0 0 9 17 0 15 12 0 0 12 0 0 0 19 19 0 0 0 0 0 4 0 0 0 0 0 7 0 0 0 0 0 0
0 0 0 0 0 0 0 0 19 0 0 13 1 0 13 0 0 0 0 0 0 0 0 11 0 0 12 0 0 0 0 0 0 0 0 0 0 0 15 0 0 10 0 11 2 0 4 0 0 7 18 10 0 0 0 0 0 19 17 0 19 0 8 0 18 0 0 0 0 5 0 0 0 0 0
0 0 0 0 0 9 3 3 0 8 0 11 0 9 0 1 0 0 0 0 11 12 0 0 0 0 0 0 0 0 0 0 9 0 19 0 0 0 0 9 19 0 0 13 0 1 8 0 0 5 0 0 0 0 0 0 0 1 2 0 0 9 0 0 0 7 6 0 0 0 0 0 0 0 0
0 0 0 0 0 0 0 0 0 0 0 14 19 0 2 0 0 14 0 0 6 0 7 0 0 0 14 0 0 0 13 0 0 0 0 5 0 0 0 0 7 0 0 8 0 0 0 0 0 0 12 0 0 0 0 0 0 0 0 19 17 0 0 0 19 5 0 2 0 0 0 0 0 0 0
0 13 17 0 0 0 18 11 14 0 0 15 0 0 0 0 0 0 0 0 0 0 12 0 0 0 0 0 17 0 9 14 0 0 7 0 0 4 0 0 0 0 6 6 0 0 0 0 0 17 10 0 14 5 7 0 0 0 0 0 0 0 2 0 0 0 0 1 0 0 0 0 0 0 0
