75
50
0 1 16 2 4 10 7 11 6 11 15 13 16 0 9 4 1 19 15 4 8 8 8 14 6 8 8 1 11 2 0 7 19 7 9 19 2 4 19 5 3 13 13 12 10 8 1 19 12 18
1 0 13 10 18 16 7 3 12 14 15 18 9 6 18 8 1 18 4 4 10 13 11 18 2 2 6 18 16 5 16 4 5 2 2 3 8 19 9 13 15 2 12 16 16 5 14 1 6 16
16 13 0 11 10 17 14 6 17 3 19 7 9 8 12 2 4 12 11 6 1 19 6 6 8 14 7 10 0 7 17 12 7 7 2 8 4 18 4 7 9 13 13 18 2 9 7 19 13 0
2 10 11 0 0 1 2 6 14 4 7 1 15 11 13 13 16 8 8 5 14 13 11 10 5 12 16 16 18 18 7 18 2 9 12 14 7 11 4 9 10 18 12 19 9 19 10 3 5 12
4 18 10 0 0 4 10 0 14 1 8 3 2 4 4 11 6 5 17 13 8 2 8 18 2 17 0 6 2 15 18 9 5 18 18 1 10 3 4 14 9 5 16 18 9 5 8 7 4 8
10 16 17 1 4 0 3 2 11 10 0 3 1 0 0 1 13 15 17 0 19 11 0 18 13 4 17 2 13 4 2 1 6 3 0 1 10 17 19 11 15 15 6 18 1 13 17 17 13 19
7 7 14 2 10 3 0 9 11 19 10 0 10 15 19 12 14 4 18 0 17 15 0 17 4 17 6 10 16 5 1 16 16 19 14 15 13 6 16 16 4 6 6 19 0 18 18 14 13 15
11 3 6 6 0 2 9 0 1 12 19 16 14 14 18 2 12 5 1 3 15 2 8 10 3 10 9 8 16 1 7 8 19 17 4 7 15 1 5 3 1 1 13 1 1 10 9 15 17 18
6 12 17 14 14 11 11 1 0 14 10 2 9 8 18 15 0 7 12 11 12 5 0 14 11 13 5 2 14 6 16 9 7 19 2 16 17 4 2 9 10 10 8 6 13 17 0 0 5 5
11 14 3 4 1 10 19 12 14 0 14 4 1 11 19 4 6 9 19 7 15 8 2 11 19 7 12 6 0 2 12 7 3 4 15 13 6 12 16 3 14 17 7 17 15 6 11 12 6 1
15 15 19 7 8 0 10 19 10 14 0 7 9 1 2 2 17 2 1 8 17 16 3 16 13 10 1 16 5 3 13 6 13 0 10 11 3 16 3 5 7 11 15 6 15 15 0 14 16 1
13 18 7 1 3 3 0 16 2 4 7 0 13 13 18 14 15 15 0 0 7 15 3 15 19 13 8 10 14 8 3 8 11 18 7 2 5 0 11 16 2 16 14 11 6 12 11 3 6 8
16 9 9 15 2 1 10 14 9 1 9 13 0 19 16 10 1 1 10 4 18 19 9 12 5 14 8 4 9 7 9 8 7 3 4 17 17 15 0 5 18 2 8 4 10 14 4 6 3 2
0 6 8 11 4 0 15 14 8 11 1 13 19 0 14 4 7 2 1 5 10 16 0 15 2 9 19 5 5 0 7 14 14 4 16 13 1 0 4 19 16 11 4 15 19 5 6 17 19 18
9 18 12 13 4 0 19 18 18 19 2 18 16 14 0 2 8 17 2 3 7 12 9 14 10 13 18 16 1 13 15 0 17 0 6 5 17 18 4 9 13 14 6 16 0 3 6 9 3 7
4 8 2 13 11 1 12 2 15 4 2 14 10 4 2 0 17 7 5 18 5 16 12 4 15 9 19 17 17 12 2 5 11 8 15 13 5 6 0 3 8 12 8 1 12 3 8 9 8 11
1 1 4 16 6 13 14 12 0 6 17 15 1 7 8 17 0 1 12 6 13 17 3 10 6 11 9 9 14 7 6 15 1 14 3 0 3 10 19 4 10 19 8 12 11 9 0 8 14 9
19 18 12 8 5 15 4 5 7 9 2 15 1 2 17 7 1 0 5 2 11 0 10 0 18 16 0 2 19 1 3 14 10 12 5 8 17 19 0 19 16 16 15 0 1 0 4 16 18 16
15 4 11 8 17 17 18 1 12 19 1 0 10 1 2 5 12 5 0 9 13 11 2 9 18 12 9 12 3 15 9 1 13 7 13 16 4 17 6 14 1 8 13 17 9 7 10 18 6 4
4 4 6 5 13 0 0 3 11 7 8 0 4 5 3 18 6 2 9 0 18 12 0 4 5 12 11 6 11 9 0 14 17 18 0 7 1 9 5 17 17 18 2 12 1 11 18 9 17 3
8 10 1 14 8 19 17 15 12 15 17 7 18 10 7 5 13 11 13 18 0 14 15 3 1 14 16 7 8 4 14 5 16 17 12 11 7 7 17 14 0 1 17 5 15 13 11 16 4 13
8 13 19 13 2 11 15 2 5 8 16 15 19 16 12 16 17 0 11 12 14 0 1 16 2 8 2 19 15 15 19 15 19 2 11 13 1 16 18 11 0 8 9 2 16 13 1 13 12 12
8 11 6 11 8 0 0 8 0 2 3 3 9 0 9 12 3 10 2 0 15 1 0 7 1 7 11 14 8 5 4 0 7 18 5 13 16 14 15 5 6 14 7 9 16 3 15 11 0 11
14 18 6 10 18 18 17 10 14 11 16 15 12 15 14 4 10 0 9 4 3 16 7 0 10 19 6 5 6 18 13 6 10 17 14 2 11 13 15 9 17 18 9 11 18 2 12 11 12 6
6 2 8 5 2 13 4 3 11 19 13 19 5 2 10 15 6 18 18 5 1 2 1 10 0 3 18 8 16 10 9 0 16 7 1 3 16 1 17 11 8 17 2 4 0 6 19 11 7 8
8 2 14 12 17 4 17 10 13 7 10 13 14 9 13 9 11 16 12 12 14 8 7 19 3 0 10 17 9 4 10 4 7 15 6 4 6 13 14 10 2 11 18 11 17 13 5 4 0 1
8 6 7 16 0 17 6 9 5 12 1 8 8 19 18 19 9 0 9 11 16 2 11 6 18 10 0 19 2 3 10 5 15 7 11 16 12 2 10 11 12 7 12 3 13 13 4 13 8 9
1 18 10 16 6 2 10 8 2 6 16 10 4 5 16 17 9 2 12 6 7 19 14 5 8 17 19 0 6 7 6 8 12 16 1 6 6 4 11 15 15 19 17 17 13 13 4 6 5 17
11 16 0 18 2 13 16 16 14 0 5 14 9 5 1 17 14 19 3 11 8 15 8 6 16 9 2 6 0 7 1 0 9 2 0 1 15 15 2 11 10 14 7 16 14 7 3 11 18 13
2 5 7 18 15 4 5 1 6 2 3 8 7 0 13 12 7 1 15 9 4 15 5 18 10 4 3 7 7 0 12 16 14 14 5 5 3 3 15 10 7 6 10 4 14 1 5 13 2 14
0 16 17 7 18 2 1 7 16 12 13 3 9 7 15 2 6 3 9 0 14 19 4 13 9 10 10 6 1 12 0 2 7 16 6 4 10 1 4 18 1 1 1 9 8 3 18 13 6 16
7 4 12 18 9 1 16 8 9 7 6 8 8 14 0 5 15 14 1 14 5 15 0 6 0 4 5 8 0 16 2 0 15 15 17 12 10 9 6 17 3 17 19 0 18 17 0 15 18 0
19 5 7 2 5 6 16 19 7 3 13 11 7 14 17 11 1 10 13 17 16 19 7 10 16 7 15 12 9 14 7 15 0 9 5 6 3 10 14 19 4 18 16 13 3 10 6 5 1 11
7 2 7 9 18 3 19 17 19 4 0 18 3 4 0 8 14 12 7 18 17 2 18 17 7 15 7 16 2 14 16 15 9 0 15 18 4 19 10 1 16 14 15 1 13 4 17 10 11 11
9 2 2 12 18 0 14 4 2 15 10 7 4 16 6 15 3 5 13 0 12 11 5 14 1 6 11 1 0 5 6 17 5 15 0 4 15 3 8 6 2 18 16 10 1 9 15 12 7 7
19 3 8 14 1 1 15 7 16 13 11 2 17 13 5 13 0 8 16 7 11 13 13 2 3 4 16 6 1 5 4 12 6 18 4 0 17 4 16 9 18 12 0 17 3 11 11 18 7 19
2 8 4 7 10 10 13 15 17 6 3 5 17 1 17 5 3 17 4 1 7 1 16 11 16 6 12 6 15 3 10 10 3 4 15 17 0 16 13 10 4 19 4 0 0 13 5 16 11 10
4 19 18 11 3 17 6 1 4 12 16 0 15 0 18 6 10 19 17 9 7 16 14 13 1 13 2 4 15 3 1 9 10 19 3 4 16 0 18 15 10 2 10 13 1 4 15 7 7 6
19 9 4 4 4 19 16 5 2 16 3 11 0 4 4 0 19 0 6 5 17 18 15 15 17 14 10 11 2 15 4 6 14 10 8 16 13 18 0 2 5 15 0 14 6 10 4 2 8 3
5 13 7 9 14 11 16 3 9 3 5 16 5 19 9 3 4 19 14 17 14 11 5 9 11 10 11 15 11 10 18 17 19 1 6 9 10 15 2 0 15 4 10 10 5 1 1 13 2 15
3 15 9 10 9 15 4 1 10 14 7 2 18 16 13 8 10 16 1 17 0 0 6 17 8 2 12 15 10 7 1 3 4 16 2 18 4 10 5 15 0 10 16 15 6 4 6 1 2 17
13 2 13 18 5 15 6 1 10 17 11 16 2 11 14 12 19 16 8 18 1 8 14 18 17 11 7 19 14 6 1 17 18 14 18 12 19 2 15 4 10 0 15 16 15 6 3 4 19 19
13 12 13 12 16 6 6 13 8 7 15 14 8 4 6 8 8 15 13 2 17 9 7 9 2 18 12 17 7 10 1 19 16 15 16 0 4 10 0 10 16 15 0 11 2 19 14 10 5 1
12 16 18 19 18 18 19 1 6 17 6 11 4 15 16 1 12 0 17 12 5 2 9 11 4 11 3 17 16 4 9 0 13 1 10 17 0 13 14 10 15 16 11 0 8 1 4 14 0 0
10 16 2 9 9 1 0 1 13 15 15 6 10 19 0 12 11 1 9 1 15 16 16 18 0 17 13 13 14 14 8 18 3 13 1 3 0 1 6 5 6 15 2 8 0 13 2 3 10 4
8 5 9 19 5 13 18 10 17 6 15 12 14 5 3 3 9 0 7 11 13 13 3 2 6 13 13 13 7 1 3 17 10 4 9 11 13 4 10 1 4 6 19 1 13 0 18 5 1 8
1 14 7 10 8 17 18 9 0 11 0 11 4 6 6 8 0 4 10 18 11 1 15 12 19 5 4 4 3 5 18 0 6 17 15 11 5 15 4 1 6 3 14 4 2 18 0 1 18 6
19 1 19 3 7 17 14 15 0 12 14 3 6 17 9 9 8 16 18 9 16 13 11 11 11 4 13 6 11 13 13 15 5 10 12 18 16 7 2 13 1 4 10 14 3 5 1 0 8 1
12 6 13 5 4 13 13 17 5 6 16 6 3 19 3 8 14 18 6 17 4 12 0 12 7 0 8 5 18 2 6 18 1 11 7 7 11 7 8 2 2 19 5 0 10 1 18 8 0 1
18 16 0 12 8 19 15 18 5 1 1 8 2 18 7 11 9 16 4 3 13 12 11 6 8 1 9 17 13 14 16 0 11 11 7 19 10 6 3 15 17 19 1 0 4 8 6 1 1 0
