75
50
0 16 0 0 0 9 0 6 8 13 0 18 0 0 0 0 0 14 0 0 13 4 0 19 0 0 0 3 0 3 0 15 13 0 9 0 0 0 0 0 19 0 0 0 0 0 0 0 4 0
16 0 6 0 0 0 8 17 1 0 0 0 0 0 0 0 1 0 0 0 0 0 0 0 3 0 0 9 10 0 1 0 0 0 17 0 0 0 0 12 0 0 0 0 0 0 12 0 0 0
0 6 0 0 0 0 0 0 0 5 0 1 13 0 5 0 0 0 0 18 0 13 0 0 0 0 0 0 19 8 6 0 0 0 5 0 0 13 18 0 0 0 9 0 0 6 0 17 0 0
0 0 0 0 19 0 0 8 0 12 17 8 12 0 5 0 0 19 1 0 0 0 0 0 16 0 8 0 0 0 0 0 0 9 0 0 0 0 0 13 0 0 19 0 13 16 9 0 0 0
0 0 0 19 0 0 5 0 0 0 0 0 14 0 17 0 0 0 1 9 0 0 15 0 0 9 12 0 0 8 0 10 0 0 0 16 0 0 0 0 5 9 0 5 0 0 0 15 17 0
9 0 0 0 0 0 0 3 15 0 0 0 0 0 0 0 0 0 19 0 0 0 0 0 0 0 0 15 0 0 0 16 0 0 0 0 0 0 0 0 0 0 0 16 0 0 0 0 0 0
0 8 0 0 5 0 0 0 12 8 0 0 0 14 0 0 6 7 6 3 0 0 0 19 0 0 0 4 14 6 0 0 0 4 0 0 0 0 12 0 0 6 0 8 19 0 0 0 0 0
6 17 0 8 0 3 0 0 0 0 0 0 0 0 0 7 0 0 0 0 15 0 0 0 13 0 17 19 14 0 0 0 0 17 0 0 0 11 4 0 0 0 9 10 0 0 0 1 0 0
8 1 0 0 0 15 12 0 0 0 0 7 0 8 0 0 0 0 0 0 7 0 0 0 0 0 15 0 0 0 0 18 0 0 0 0 0 0 0 0 0 7 0 8 0 16 0 0 7 0
13 0 5 12 0 0 8 0 0 0 0 0 18 0 0 15 0 0 0 0 1 8 0 0 0 0 0 0 11 0 7 0 0 6 11 0 0 19 0 0 18 0 0 0 0 10 0 0 18 0
0 0 0 17 0 0 0 0 0 0 0 0 0 0 0 16 19 0 0 0 0 0 0 0 0 10 11 11 7 0 15 0 2 0 0 0 0 0 0 8 2 0 0 19 0 0 2 0 17 0
18 0 1 8 0 0 0 0 7 0 0 0 0 7 0 0 8 0 0 12 0 0 0 14 0 0 0 9 0 0 0 0 3 0 0 0 0 0 0 0 0 0 9 0 0 10 0 0 0 0
0 0 13 12 14 0 0 0 0 18 0 0 0 0 0 0 13 0 0 0 9 0 0 0 9 0 4 8 0 8 10 0 14 0 0 0 0 0 0 0 0 10 0 19 11 0 3 9 0 0
0 0 0 0 0 0 14 0 8 0 0 7 0 0 2 0 0 0 0 0 8 0 0 0 0 8 0 0 0 0 16 0 0 0 0 0 0 7 0 0 6 0 0 0 11 0 0 0 0 10
0 0 5 5 17 0 0 0 0 0 0 0 0 2 0 11 6 7 0 0 0 12 2 0 0 0 0 0 0 0 0 2 0 0 0 0 0 0 0 9 18 0 0 0 0 0 12 0 0 14
0 0 0 0 0 0 0 7 0 15 16 0 0 0 11 0 0 0 4 14 0 0 0 0 0 0 0 0 11 0 0 0 0 18 4 0 0 0 0 0 10 0 0 0 0 0 0 0 0 0
0 1 0 0 0 0 6 0 0 0 19 8 13 0 6 0 0 0 0 11 0 0 15 0 0 0 0 0 5 0 11 9 0 0 0 11 0 0 0 5 0 0 0 16 2 11 7 0 0 0
14 0 0 19 0 0 7 0 0 0 0 0 0 0 7 0 0 0 0 0 0 0 0 0 0 0 0 0 0 6 0 0 0 0 0 0 16 0 0 11 6 0 19 14 6 0 8 0 0 0
0 0 0 1 1 19 6 0 0 0 0 0 0 0 0 4 0 0 0 14 0 16 0 0 14 0 0 6 0 0 0 0 0 0 11 0 2 1 0 0 0 16 4 18 0 9 0 15 0 0
0 0 18 0 9 0 3 0 0 0 0 12 0 0 0 14 11 0 14 0 6 3 0 0 0 0 0 0 15 0 0 0 11 0 14 0 0 0 0 0 0 0 0 0 15 0 13 0 1 0
13 0 0 0 0 0 0 15 7 1 0 0 9 8 0 0 0 0 0 6 0 0 0 14 2 0 13 3 9 0 12 0 0 0 0 0 0 0 19 19 0 0 0 0 0 9 14 3 5 0
4 0 13 0 0 0 0 0 0 8 0 0 0 0 12 0 0 0 16 3 0 0 3 0 0 17 0 0 7 0 10 9 0 0 0 0 0 0 0 0 0 0 11 0 0 0 12 0 0 0
0 0 0 0 15 0 0 0 0 0 0 0 0 0 2 0 15 0 0 0 0 3 0 0 19 0 0 0 0 0 9 0 0 0 0 0 0 0 0 0 0 11 0 0 0 0 19 0 0 0
19 0 0 0 0 0 19 0 0 0 0 14 0 0 0 0 0 0 0 0 14 0 0 0 0 0 0 0 12 0 11 3 13 0 5 0 0 0 0 0 0 12 0 0 0 6 0 9 0 0
0 3 0 16 0 0 0 13 0 0 0 0 9 0 0 0 0 0 14 0 2 0 19 0 0 16 0 0 0 15 1 5 18 0 0 0 0 0 13 0 0 0 0 0 17 13 10 0 0 15
0 0 0 0 9 0 0 0 0 0 10 0 0 8 0 0 0 0 0 0 0 17 0 0 16 0 0 0 0 0 0 0 0 0 0 0 0 0 0 0 2 0 0 0 0 0 3 2 0 0
0 0 0 8 12 0 0 17 15 0 11 0 4 0 0 0 0 0 0 0 13 0 0 0 0 0 0 0 0 0 17 8 0 0 0 0 0 0 7 0 0 0 0 0 1 0 0 0 0 0
3 9 0 0 0 15 4 19 0 0 11 9 8 0 0 0 0 0 6 0 3 0 0 0 0 0 0 0 5 9 0 1 0 6 7 0 0 0 2 0 0 0 0 0 0 0 11 0 0 0
0 10 19 0 0 0 14 14 0 11 7 0 0 0 0 11 5 0 0 15 9 7 0 12 0 0 0 5 0 0 0 0 0 0 7 0 0 0 0 0 0 4 0 0 0 0 5 0 0 0
3 0 8 0 8 0 6 0 0 0 0 0 8 0 0 0 0 6 0 0 0 0 0 0 15 0 0 9 0 0 0 0 0 14 2 0 0 0 0 7 0 0 0 0 0 0 0 10 0 0
0 1 6 0 0 0 0 0 0 7 15 0 10 16 0 0 11 0 0 0 12 10 9 11 1 0 17 0 0 0 0 0 0 0 0 0 0 0 0 0 6 0 18 0 0 2 0 12 0 0
15 0 0 0 10 16 0 0 18 0 0 0 0 0 2 0 9 0 0 0 0 9 0 3 5 0 8 1 0 0 0 0 8 0 11 6 0 14 3 0 0 4 0 8 0 2 13 0 2 0
13 0 0 0 0 0 0 0 0 0 2 3 14 0 0 0 0 0 0 11 0 0 0 13 18 0 0 0 0 0 0 8 0 17 0 2 0 0 0 15 0 6 14 11 0 0 0 0 18 0
0 0 0 9 0 0 4 17 0 6 0 0 0 0 0 18 0 0 0 0 0 0 0 0 0 0 0 6 0 14 0 0 17 0 0 0 0 8 0 0 0 0 0 0 0 0 0 0 0 8
9 17 5 0 0 0 0 0 0 11 0 0 0 0 0 4 0 0 11 14 0 0 0 5 0 0 0 7 7 2 0 11 0 0 0 0 0 0 0 3 0 18 0 0 4 4 0 0 0 18
0 0 0 0 16 0 0 0 0 0 0 0 0 0 0 0 11 0 0 0 0 0 0 0 0 0 0 0 0 0 0 6 2 0 0 0 0 8 0 0 0 0 13 17 0 11 0 0 0 16
0 0 0 0 0 0 0 0 0 0 0 0 0 0 0 0 0 16 2 0 0 0 0 0 0 0 0 0 0 0 0 0 0 0 0 0 0 4 0 0 0 8 1 0 0 10 7 16 4 0
0 0 13 0 0 0 0 11 0 19 0 0 0 7 0 0 0 0 1 0 0 0 0 0 0 0 0 0 0 0 0 14 0 8 0 8 4 0 9 0 0 3 0 0 0 0 0 13 0 13
0 0 18 0 0 0 12 4 0 0 0 0 0 0 0 0 0 0 0 0 19 0 0 0 13 0 7 2 0 0 0 3 0 0 0 0 0 9 0 13 0 0 0 0 0 0 0 0 15 0
0 12 0 13 0 0 0 0 0 0 8 0 0 0 9 0 5 11 0 0 19 0 0 0 0 0 0 0 0 7 0 0 15 0 3 0 0 0 13 0 0 0 0 0 7 7 3 5 0 0
19 0 0 0 5 0 0 0 0 18 2 0 0 6 18 10 0 6 0 0 0 0 0 0 0 2 0 0 0 0 6 0 0 0 0 0 0 0 0 0 0 0 4 0 0 0 0 0 12 0
0 0 0 0 9 0 6 0 7 0 0 0 10 0 0 0 0 0 16 0 0 0 11 12 0 0 0 0 4 0 0 4 6 0 18 0 8 3 0 0 0 0 7 0 0 14 0 4 7 7
0 0 9 19 0 0 0 9 0 0 0 9 0 0 0 0 0 19 4 0 0 11 0 0 0 0 0 0 0 0 18 0 14 0 0 13 1 0 0 0 4 7 0 0 10 0 0 6 0 3
0 0 0 0 5 16 8 10 8 0 19 0 19 0 0 0 16 14 18 0 0 0 0 0 0 0 0 0 0 0 0 8 11 0 0 17 0 0 0 0 0 0 0 0 0 0 0 0 0 13
0 0 0 13 0 0 19 0 0 0 0 0 11 11 0 0 2 6 0 15 0 0 0 0 17 0 1 0 0 0 0 0 0 0 4 0 0 0 0 7 0 0 10 0 0 0 12 0 0 0
0 0 6 16 0 0 0 0 16 10 0 10 0 0 0 0 11 0 9 0 9 0 0 6 13 0 0 0 0 0 2 2 0 0 4 11 10 0 0 7 0 14 0 0 0 0 0 0 0 0
0 12 0 9 0 0 0 0 0 0 2 0 3 0 12 0 7 8 0 13 14 12 19 0 10 3 0 11 5 0 0 13 0 0 0 0 7 0 0 3 0 0 0 0 12 0 0 0 2 0
0 0 17 0 15 0 0 1 0 0 0 0 9 0 0 0 0 0 15 0 3 0 0 9 0 2 0 0 0 10 12 0 0 0 0 0 16 13 0 5 0 4 6 0 0 0 0 0 0 0
4 0 0 0 17 0 0 0 7 18 17 0 0 0 0 0 0 0 0 1 5 0 0 0 0 0 0 0 0 0 0 2 18 0 0 0 4 0 15 0 12 7 0 0 0 0 2 0 0 0
0 0 0 0 0 0 0 0 0 0 0 0 0 10 14 0 0 0 0 0 0 0 0 0 15 0 0 0 0 0 0 0 0 8 18 16 0 13 0 0 0 7 3 13 0 0 0 0 0 0
