50
50
0 11 2 17 4 14 11 15 1 9 14 13 9 5 11 8 1 18 12 18 11 16 2 4 11 5 14 14 19 0 3 15 15 17 3 18 14 17 1 0 19 8 1 3 2 17 16 0 1 16
11 0 11 18 18 4 18 1 11 18 16 15 12 15 4 3 18 11 8 9 17 5 0 3 14 3 6 1 11 19 12 12 17 8 16 18 18 15 5 3 11 5 11 18 1 11 11 5 1 2
2 11 0 4 0 11 6 10 17 12 14 18 18 12 12 14 1 18 9 19 1 13 5 14 18 0 18 8 18 5 15 10 13 19 9 1 18 3 18 6 2 4 14 18 13 11 16 0 11 13
17 18 4 0 19 8 17 17 2 11 5 15 19 1 3 6 15 10 5 8 3 15 17 19 4 16 12 6 2 10 5 10 17 17 17 11 9 11 6 17 2 6 14 13 13 11 8 17 13 18
4 18 0 19 0 8 17 12 7 9 19 16 18 3 4 8 7 14 17 2 6 11 4 11 6 16 5 10 1 16 8 4 8 8 19 12 3 0 0 15 14 14 18 2 9 10 19 2 18 16
14 4 11 8 8 0 12 9 4 15 4 10 8 4 8 2 2 7 18 4 3 0 13 11 11 0 5 18 3 17 3 11 5 5 17 0 7 14 5 16 2 6 2 12 3 3 1 4 15 10
11 18 6 17 17 12 0 1 16 16 11 6 7 8 7 5 9 14 7 2 9 6 2 4 6 16 3 6 11 16 6 14 1 10 17 18 19 8 7 15 13 9 1 10 14 0 3 1 19 11
15 1 10 17 12 9 1 0 9 8 8 4 8 4 1 18 19 3 11 0 6 1 12 5 7 1 18 11 15 6 15 10 11 5 13 18 2 12 19 7 2 0 11 8 5 3 2 4 14 12
1 11 17 2 7 4 16 9 0 7 7 16 9 7 8 3 6 13 2 13 7 17 4 4 7 8 16 2 18 6 1 6 19 2 0 10 7 6 18 16 15 8 1 2 11 18 16 16 0 14
9 18 12 11 9 15 16 8 7 0 10 16 1 1 7 13 19 17 13 15 11 5 19 11 8 7 11 18 9 0 12 19 11 15 8 6 13 16 9 13 5 4 4 17 12 17 18 12 17 15
14 16 14 5 19 4 11 8 7 10 0 7 18 15 19 18 3 0 14 12 0 17 2 8 4 0 3 10 4 16 18 2 14 1 12 13 14 2 2 11 16 1 4 14 11 6 7 15 19 10
13 15 18 15 16 10 6 4 16 16 7 0 6 0 0 3 6 11 8 3 12 17 5 10 4 1 11 3 18 1 11 11 15 5 17 0 1 14 15 4 3 15 17 15 10 15 15 14 0 5
9 12 18 19 18 8 7 8 9 1 18 6 0 11 14 4 16 7 12 12 6 2 8 0 9 12 3 4 9 2 16 2 2 12 3 14 2 17 11 0 10 1 15 5 0 0 9 4 0 6
5 15 12 1 3 4 8 4 7 1 15 0 11 0 10 1 1 3 8 13 6 13 0 16 2 2 18 10 11 7 19 16 9 3 1 11 4 18 16 6 2 4 10 9 7 16 7 2 11 5
11 4 12 3 4 8 7 1 8 7 19 0 14 10 0 3 12 2 10 9 13 9 19 6 19 1 16 12 5 12 8 10 6 19 9 17 3 2 12 8 18 1 4 12 17 3 1 1 19 19
8 3 14 6 8 2 5 18 3 13 18 3 4 1 3 0 5 4 10 15 18 14 19 10 2 13 19 2 0 5 19 19 16 11 14 13 6 15 1 17 11 12 13 18 18 1 0 17 17 5
1 18 1 15 7 2 9 19 6 19 3 6 16 1 12 5 0 18 6 12 10 19 0 10 6 19 12 5 17 16 6 1 10 12 17 19 12 4 2 6 13 8 10 18 12 0 0 13 11 16
18 11 18 10 14 7 14 3 13 17 0 11 7 3 2 4 18 0 7 13 2 0 13 15 3 2 3 4 4 1 8 1 12 0 11 6 17 19 16 0 12 9 18 12 12 12 14 19 7 9
12 8 9 5 17 18 7 11 2 13 14 8 12 8 10 10 6 7 0 14 1 9 3 6 2 10 14 17 3 10 3 4 1 10 3 2 6 4 0 7 6 3 7 11 13 4 5 11 7 10
18 9 19 8 2 4 2 0 13 15 12 3 12 13 9 15 12 13 14 0 15 17 7 8 12 12 9 18 4 19 2 8 19 4 11 9 5 19 5 4 15 13 8 17 5 11 4 10 8 15
11 17 1 3 6 3 9 6 7 11 0 12 6 6 13 18 10 2 1 15 0 19 0 5 2 0 19 14 2 0 8 0 15 14 19 14 10 3 17 8 2 17 9 11 10 2 11 9 1 11
16 5 13 15 11 0 6 1 17 5 17 17 2 13 9 14 19 0 9 17 19 0 14 13 13 0 4 2 8 19 8 17 2 8 0 4 12 4 3 0 16 8 15 1 8 16 8 5 10 3
2 0 5 17 4 13 2 12 4 19 2 5 8 0 19 19 0 13 3 7 0 14 0 17 14 7 16 16 12 3 8 13 8 14 10 0 10 17 4 19 17 12 13 17 19 19 0 15 16 11
4 3 14 19 11 11 4 5 4 11 8 10 0 16 6 10 10 15 6 8 5 13 17 0 5 4 18 16 8 10 14 13 13 6 8 2 19 16 12 1 12 18 3 4 10 11 19 19 15 11
11 14 18 4 6 11 6 7 7 8 4 4 9 2 19 2 6 3 2 12 2 13 14 5 0 14 6 11 11 8 16 9 1 19 18 18 2 12 9 11 5 7 2 16 11 9 9 4 10 19
5 3 0 16 16 0 16 1 8 7 0 1 12 2 1 13 19 2 10 12 0 0 7 4 14 0 16 2 2 19 19 14 10 5 5 2 6 0 7 19 14 5 7 18 18 17 13 12 2 12
14 6 18 12 5 5 3 18 16 11 3 11 3 18 16 19 12 3 14 9 19 4 16 18 6 16 0 15 0 18 9 17 7 13 1 11 12 3 14 18 5 13 0 19 1 17 15 3 18 18
14 1 8 6 10 18 6 11 2 18 10 3 4 10 12 2 5 4 17 18 14 2 16 16 11 2 15 0 3 17 0 13 5 15 0 14 2 16 4 17 7 11 13 14 18 13 13 16 7 11
19 11 18 2 1 3 11 15 18 9 4 18 9 11 5 0 17 4 3 4 2 8 12 8 11 2 0 3 0 10 12 9 4 15 19 18 8 3 2 0 15 1 15 6 13 2 2 6 14 13
0 19 5 10 16 17 16 6 6 0 16 1 2 7 12 5 16 1 10 19 0 19 3 10 8 19 18 17 10 0 5 14 14 14 1 3 19 14 3 10 0 6 2 9 6 1 7 18 6 9
3 12 15 5 8 3 6 15 1 12 18 11 16 19 8 19 6 8 3 2 8 8 8 14 16 19 9 0 12 5 0 7 1 13 13 8 1 18 10 13 11 16 8 16 7 12 2 15 7 11
15 12 10 10 4 11 14 10 6 19 2 11 2 16 10 19 1 1 4 8 0 17 13 13 9 14 17 13 9 14 7 0 19 0 5 14 18 12 11 4 9 6 3 11 0 2 2 3 5 16
15 17 13 17 8 5 1 11 19 11 14 15 2 9 6 16 10 12 1 19 15 2 8 13 1 10 7 5 4 14 1 19 0 10 17 19 17 0 3 3 5 10 7 13 1 3 18 0 3 17
17 8 19 17 8 5 10 5 2 15 1 5 12 3 19 11 12 0 10 4 14 8 14 6 19 5 13 15 15 14 13 0 10 0 13 6 19 3 9 17 18 4 2 15 4 11 4 18 17 0
3 16 9 17 19 17 17 13 0 8 12 17 3 1 9 14 17 11 3 11 19 0 10 8 18 5 1 0 19 1 13 5 17 13 0 8 5 9 15 14 19 3 4 1 2 12 4 13 0 0
18 18 1 11 12 0 18 18 10 6 13 0 14 11 17 13 19 6 2 9 14 4 0 2 18 2 11 14 18 3 8 14 19 6 8 0 12 12 8 15 2 9 10 4 3 11 16 19 18 9
14 18 18 9 3 7 19 2 7 13 14 1 2 4 3 6 12 17 6 5 10 12 10 19 2 6 12 2 8 19 1 18 17 19 5 12 0 12 11 13 9 14 9 14 1 4 5 3 11 15
17 15 3 11 0 14 8 12 6 16 2 14 17 18 2 15 4 19 4 19 3 4 17 16 12 0 3 16 3 14 18 12 0 3 9 12 12 0 0 8 2 5 19 2 16 7 14 14 5 18
1 5 18 6 0 5 7 19 18 9 2 15 11 16 12 1 2 16 0 5 17 3 4 12 9 7 14 4 2 3 10 11 3 9 15 8 11 0 0 9 4 3 2 16 12 10 14 0 14 10
0 3 6 17 15 16 15 7 16 13 11 4 0 6 8 17 6 0 7 4 8 0 19 1 11 19 18 17 0 10 13 4 3 17 14 15 13 8 9 0 2 4 4 3 12 3 4 13 15 4
19 11 2 2 14 2 13 2 15 5 16 3 10 2 18 11 13 12 6 15 2 16 17 12 5 14 5 7 15 0 11 9 5 18 19 2 9 2 4 2 0 8 4 10 14 17 8 4 8 4
8 5 4 6 14 6 9 0 8 4 1 15 1 4 1 12 8 9 3 13 17 8 12 18 7 5 13 11 1 6 16 6 10 4 3 9 14 5 3 4 8 0 16 4 12 19 18 11 0 10
1 11 14 14 18 2 1 11 1 4 4 17 15 10 4 13 10 18 7 8 9 15 13 3 2 7 0 13 15 2 8 3 7 2 4 10 9 19 2 4 4 16 0 7 10 18 12 14 7 0
3 18 18 13 2 12 10 8 2 17 14 15 5 9 12 18 18 12 11 17 11 1 17 4 16 18 19 14 6 9 16 11 13 15 1 4 14 2 16 3 10 4 7 0 7 9 12 0 18 4
2 1 13 13 9 3 14 5 11 12 11 10 0 7 17 18 12 12 13 5 10 8 19 10 11 18 1 18 13 6 7 0 1 4 2 3 1 16 12 12 14 12 10 7 0 7 14 8 5 13
17 11 11 11 10 3 0 3 18 17 6 15 0 16 3 1 0 12 4 11 2 16 19 11 9 17 17 13 2 1 12 2 3 11 12 11 4 7 10 3 17 19 18 9 7 0 10 18 0 11
16 11 16 8 19 1 3 2 16 18 7 15 9 7 1 0 0 14 5 4 11 8 0 19 9 13 15 13 2 7 2 2 18 4 4 16 5 14 14 4 8 18 12 12 14 10 0 16 1 6
0 5 0 17 2 4 1 4 16 12 15 14 4 2 1 17 13 19 11 10 9 5 15 19 4 12 3 16 6 18 15 3 0 18 13 19 3 14 0 13 4 11 14 0 8 18 16 0 8 18
1 1 11 13 18 15 19 14 0 17 19 0 0 11 19 17 11 7 7 8 1 10 16 15 10 2 18 7 14 6 7 5 3 17 0 18 11 5 14 15 8 0 7 18 5 0 1 8 0 16
16 2 13 18 16 10 11 12 14 15 10 5 6 5 19 5 16 9 10 15 11 3 11 11 19 12 18 11 13 9 11 16 17 0 0 9 15 18 10 4 4 10 0 4 13 11 6 18 16 0
