100
50
0 9 8 8 9 16 15 2 4 18 2 0 8 13 15 15 10 9 2 3 18 1 4 2 17 2 15 10 10 8 8 7 3 12 8 11 5 15 3 16 17 8 1 17 18 7 2 2 10 1
9 0 3 1 7 3 7 6 1 12 1 3 15 5 3 4 11 14 5 13 19 14 19 15 12 15 10 3 19 17 13 8 0 6 14 15 3 6 2 8 9 13 7 9 17 15 8 11 1 16
8 3 0 8 17 15 6 8 11 17 1 12 11 7 18 15 12 4 9 0 7 10 19 11 2 1 9 19 0 2 10 2 16 19 18 8 12 15 14 2 14 16 7 8 17 15 3 18 0 2
8 1 8 0 14 7 19 16 11 15 17 13 5 12 15 4 16 14 18 10 4 10 10 8 1 8 18 10 8 8 3 9 12 10 16 19 7 11 6 15 19 5 19 12 11 5 9 10 13 2
9 7 17 14 0 8 6 16 7 4 18 5 4 18 16 15 3 17 4 16 14 13 9 0 5 18 1 15 10 7 16 2 10 17 9 1 18 18 4 13 7 18 3 18 2 1 13 16 10 12
16 3 15 7 8 0 5 7 18 17 5 0 13 4 12 14 17 12 14 4 4 19 6 15 4 0 4 2 9 0 12 14 10 2 3 0 10 14 0 12 14 14 5 4 15 7 15 2 6 6
15 7 6 19 6 5 0 14 15 4 19 17 15 17 18 7 12 10 2 17 2 5 12 19 2 11 1 11 0 17 0 6 17 10 0 7 14 10 9 1 5 10 6 5 16 11 15 3 9 18
2 6 8 16 16 7 14 0 10 3 5 16 14 5 9 12 13 11 14 9 7 0 8 17 11 14 19 12 6 10 5 16 13 19 5 5 12 3 17 12 13 17 1 16 18 6 5 3 10 13
4 1 11 11 7 18 15 10 0 12 12 8 6 9 4 4 5 18 14 17 16 3 0 18 4 18 2 15 11 18 19 17 5 15 1 5 19 17 4 9 18 14 4 9 16 15 15 16 8 2
18 12 17 15 4 17 4 3 12 0 1 0 6 3 4 6 9 15 9 8 13 16 9 3 17 0 1 15 4 8 11 0 6 12 15 18 0 18 8 3 0 19 1 15 3 11 1 2 18 1
2 1 1 17 18 5 19 5 12 1 0 15 13 2 11 15 7 3 4 1 0 17 15 19 6 9 10 7 9 19 13 0 18 15 14 6 16 17 15 18 17 19 4 19 1 17 0 19 9 14
0 3 12 13 5 0 17 16 8 0 15 0 8 3 14 0 8 2 15 5 14 13 6 7 8 16 6 1 12 12 6 3 10 6 3 14 4 17 17 0 11 11 8 17 19 14 15 18 4 9
8 15 11 5 4 13 15 14 6 6 13 8 0 0 12 8 15 2 7 5 0 18 10 19 9 0 19 9 18 11 16 19 17 14 1 3 16 2 13 1 8 17 13 1 17 2 15 7 8 5
13 5 7 12 18 4 17 5 9 3 2 3 0 0 14 5 14 13 11 14 12 3 4 7 11 16 16 1 2 3 7 1 12 5 17 6 14 13 7 8 17 13 19 16 11 17 10 14 19 7
15 3 18 15 16 12 18 9 4 4 11 14 12 14 0 4 13 3 0 12 5 14 12 2 8 14 1 1 5 14 13 2 17 0 2 11 2 18 10 11 10 18 2 4 8 6 7 16 13 17
15 4 15 4 15 14 7 12 4 6 15 0 8 5 4 0 8 11 16 1 10 3 13 19 12 14 16 14 15 13 9 10 2 9 15 7 1 17 2 0 7 14 19 17 9 2 2 9 14 9
10 11 12 16 3 17 12 13 5 9 7 8 15 14 13 8 0 19 10 15 6 16 12 15 16 17 9 1 19 6 13 7 5 19 11 13 3 19 11 17 18 15 2 8 19 10 19 7 2 3
9 14 4 14 17 12 10 11 18 15 3 2 2 13 3 11 19 0 1 17 1 15 13 18 3 16 18 4 11 9 10 2 1 10 5 1 3 15 4 16 14 3 15 18 17 17 16 12 11 7
2 5 9 18 4 14 2 14 14 9 4 15 7 11 0 16 10 1 0 18 4 4 7 7 14 4 7 3 6 18 9 18 4 13 18 2 2 19 4 2 7 2 8 0 8 0 19 17 4 19
3 13 0 10 16 4 17 9 17 8 1 5 5 14 12 1 15 17 18 0 13 9 11 0 9 17 7 7 1 0 14 13 9 11 4 14 14 6 7 12 15 17 10 14 17 12 16 15 3 7
18 19 7 4 14 4 2 7 16 13 0 14 0 12 5 10 6 1 4 13 0 1 9 2 9 7 7 10 14 7 11 17 16 11 13 4 4 2 7 9 17 9 8 14 0 12 18 17 5 16
1 14 10 10 13 19 5 0 3 16 17 13 18 3 14 3 16 15 4 9 1 0 19 15 1 3 18 8 19 5 3 12 13 17 8 14 8 17 13 10 3 5 9 2 16 7 12 6 4 1
4 19 19 10 9 6 12 8 0 9 15 6 10 4 12 13 12 13 7 11 9 19 0 18 3 13 5 17 14 17 1 18 9 6 2 4 10 13 3 7 8 12 13 7 18 18 10 15 10 10
2 15 11 8 0 15 19 17 18 3 19 7 19 7 2 19 15 18 7 0 2 15 18 0 5 12 18 5 9 12 3 17 7 15 17 2 3 5 8 15 18 11 7 1 12 5 10 4 8 2
17 12 2 1 5 4 2 11 4 17 6 8 9 11 8 12 16 3 14 9 9 1 3 5 0 9 1 0 6 13 19 1 4 3 2 18 11 6 9 14 19 13 1 10 14 8 7 3 17 13
2 15 1 8 18 0 11 14 18 0 9 16 0 16 14 14 17 16 4 17 7 3 13 12 9 0 8 11 7 18 9 16 12 15 6 16 1 16 6 8 18 17 14 19 16 0 8 13 16 9
15 10 9 18 1 4 1 19 2 1 10 6 19 16 1 16 9 18 7 7 7 18 5 18 1 8 0 1 2 12 13 0 2 16 1 17 6 2 0 1 3 17 8 1 13 13 14 3 19 16
10 3 19 10 15 2 11 12 15 15 7 1 9 1 1 14 1 4 3 7 10 8 17 5 0 11 1 0 16 1 6 18 12 5 9 5 4 16 1 18 8 0 12 5 13 9 14 12 17 1
10 19 0 8 10 9 0 6 11 4 9 12 18 2 5 15 19 11 6 1 14 19 14 9 6 7 2 16 0 10 13 5 4 9 17 8 10 18 1 13 15 5 13 1 6 15 17 14 7 10
8 17 2 8 7 0 17 10 18 8 19 12 11 3 14 13 6 9 18 0 7 5 17 12 13 18 12 1 10 0 2 11 16 6 2 16 13 12 18 13 3 19 0 18 12 19 18 4 16 19
8 13 10 3 16 12 0 5 19 11 13 6 16 7 13 9 13 10 9 14 11 3 1 3 19 9 13 6 13 2 0 15 7 11 2 0 14 12 8 14 15 10 11 16 8 0 13 8 10 11
7 8 2 9 2 14 6 16 17 0 0 3 19 1 2 10 7 2 18 13 17 12 18 17 1 16 0 18 5 11 15 0 5 2 12 11 0 6 11 11 9 6 12 11 0 18 17 7 3 16
3 0 16 12 10 10 17 13 5 6 18 10 17 12 17 2 5 1 4 9 16 13 9 7 4 12 2 12 4 16 7 5 0 8 1 12 9 17 18 11 1 7 12 8 1 15 3 18 17 4
12 6 19 10 17 2 10 19 15 12 15 6 14 5 0 9 19 10 13 11 11 17 6 15 3 15 16 5 9 6 11 2 8 0 16 3 12 7 7 2 10 8 14 19 4 18 8 8 1 8
8 14 18 16 9 3 0 5 1 15 14 3 1 17 2 15 11 5 18 4 13 8 2 17 2 6 1 9 17 2 2 12 1 16 0 16 18 15 8 18 12 12 10 12 19 3 10 6 14 12
11 15 8 19 1 0 7 5 5 18 6 14 3 6 11 7 13 1 2 14 4 14 4 2 18 16 17 5 8 16 0 11 12 3 16 0 18 7 15 10 19 4 15 8 17 13 4 10 11 11
5 3 12 7 18 10 14 12 19 0 16 4 16 14 2 1 3 3 2 14 4 8 10 3 11 1 6 4 10 13 14 0 9 12 18 18 0 7 14 9 5 12 10 9 17 10 13 2 2 7
15 6 15 11 18 14 10 3 17 18 17 17 2 13 18 17 19 15 19 6 2 17 13 5 6 16 2 16 18 12 12 6 17 7 15 7 7 0 16 0 10 2 16 12 17 0 10 8 19 2
3 2 14 6 4 0 9 17 4 8 15 17 13 7 10 2 11 4 4 7 7 13 3 8 9 6 0 1 1 18 8 11 18 7 8 15 14 16 0 0 0 9 6 1 12 14 2 19 5 11
16 8 2 15 13 12 1 12 9 3 18 0 1 8 11 0 17 16 2 12 9 10 7 15 14 8 1 18 13 13 14 11 11 2 18 10 9 0 0 0 6 7 14 17 13 16 1 3 12 2
17 9 14 19 7 14 5 13 18 0 17 11 8 17 10 7 18 14 7 15 17 3 8 18 19 18 3 8 15 3 15 9 1 10 12 19 5 10 0 6 0 10 16 11 17 3 13 1 17 6
8 13 16 5 18 14 10 17 14 19 19 11 17 13 18 14 15 3 2 17 9 5 12 11 13 17 17 0 5 19 10 6 7 8 12 4 12 2 9 7 10 0 0 14 15 7 10 6 16 18
1 7 7 19 3 5 6 1 4 1 4 8 13 19 2 19 2 15 8 10 8 9 13 7 1 14 8 12 13 0 11 12 12 14 10 15 10 16 6 14 16 0 0 17 3 12 0 15 12 12
17 9 8 12 18 4 5 16 9 15 19 17 1 16 4 17 8 18 0 14 14 2 7 1 10 19 1 5 1 18 16 11 8 19 12 8 9 12 1 17 11 14 17 0 14 7 2 15 4 14
18 17 17 11 2 15 16 18 16 3 1 19 17 11 8 9 19 17 8 17 0 16 18 12 14 16 13 13 6 12 8 0 1 4 19 17 17 17 12 13 17 15 3 14 0 0 1 16 12 10
7 15 15 5 1 7 11 6 15 11 17 14 2 17 6 2 10 17 0 12 12 7 18 5 8 0 13 9 15 19 0 18 15 18 3 13 10 0 14 16 3 7 12 7 0 0 16 10 10 0
2 8 3 9 13 15 15 5 15 1 0 15 15 10 7 2 19 16 19 16 18 12 10 10 7 8 14 14 17 18 13 17 3 8 10 4 13 10 2 1 13 10 0 2 1 16 0 1 9 2
2 11 18 10 16 2 3 3 16 2 19 18 7 14 16 9 7 12 17 15 17 6 15 4 3 13 3 12 14 4 8 7 18 8 6 10 2 8 19 3 1 6 15 15 16 10 1 0 14 4
10 1 0 13 10 6 9 10 8 18 9 4 8 19 13 14 2 11 4 3 5 4 10 8 17 16 19 17 7 16 10 3 17 1 14 11 2 19 5 12 17 16 12 4 12 10 9 14 0 5
1 16 2 2 12 6 18 13 2 1 14 9 5 7 17 9 3 7 19 7 16 1 10 2 13 9 16 1 10 19 11 16 4 8 12 11 7 2 11 2 6 18 12 14 10 0 2 4 5 0
