75
50
0 10 11 10 6 5 19 10 6 18 3 18 11 3 6 11 11 5 17 16 3 0 11 16 4 1 9 14 15 14 18 8 7 3 12 13 4 14 4 12 2 9 15 17 3 19 15 1 16 13
10 0 8 4 8 13 6 1 13 4 16 19 5 5 19 2 7 3 16 15 17 16 14 13 0 15 7 1 4 16 15 16 14 7 8 17 18 6 3 3 4 8 3 1 11 18 15 12 3 18
11 8 0 18 11 8 0 16 17 3 10 11 13 11 14 17 11 19 7 16 19 9 1 17 11 0 18 0 2 8 15 17 2 13 3 2 13 9 17 8 1 17 16 10 17 18 17 9 6 4
10 4 18 0 13 5 3 15 10 17 19 3 16 14 7 8 7 14 10 10 8 19 4 12 13 0 17 1 13 6 4 13 8 17 18 0 3 18 17 12 8 19 13 17 9 6 1 6 16 19
6 8 11 13 0 1 0 16 6 8 5 4 4 6 6 11 8 16 9 1 14 12 7 16 2 10 0 3 15 7 7 17 11 19 10 6 8 1 2 14 11 13 10 1 19 15 11 8 13 2
5 13 8 5 1 0 13 14 17 9 0 1 11 3 6 1 2 6 4 4 0 15 10 16 13 4 4 0 2 15 13 4 12 2 2 1 13 5 12 9 10 4 15 14 17 13 7 1 5 4
19 6 0 3 0 13 0 2 8 18 3 0 17 6 14 2 18 1 8 14 5 10 3 12 15 3 6 14 11 16 13 7 6 8 14 4 16 16 13 4 1 16 3 1 16 19 13 15 15 19
10 1 16 15 16 14 2 0 7 3 1 0 13 10 18 3 5 11 1 12 1 16 4 16 7 19 0 10 7 3 9 18 9 2 2 5 16 6 19 8 11 11 8 14 1 7 15 6 7 14
6 13 17 10 6 17 8 7 0 4 19 17 0 11 7 3 0 13 7 3 19 5 13 6 15 7 7 7 11 16 5 0 5 17 2 6 6 5 16 18 3 8 14 8 14 0 1 15 19 2
18 4 3 17 8 9 18 3 4 0 13 19 12 3 8 3 7 15 15 7 9 3 8 7 11 7 15 7 17 18 17 5 12 7 4 16 19 10 7 10 2 4 12 18 19 16 5 16 2 6
3 16 10 19 5 0 3 1 19 13 0 5 12 8 5 9 0 4 18 19 18 16 7 12 5 16 1 14 5 7 1 19 2 18 8 1 6 17 18 11 12 11 15 19 16 18 1 5 8 3
18 19 11 3 4 1 0 0 17 19 5 0 12 7 9 17 18 11 8 19 1 9 1 10 6 5 18 6 10 8 5 1 7 10 11 11 0 14 6 19 12 11 10 18 9 19 0 0 1 2
11 5 13 16 4 11 17 13 0 12 12 12 0 9 17 10 11 2 7 12 5 11 0 2 3 14 1 8 11 17 15 0 9 4 15 15 1 16 16 18 18 7 10 19 11 15 13 5 8 14
3 5 11 14 6 3 6 10 11 3 8 7 9 0 19 7 8 13 0 14 0 4 2 5 10 1 9 11 15 2 18 14 18 7 3 10 14 6 6 10 19 1 17 3 2 17 4 8 1 7
6 19 14 7 6 6 14 18 7 8 5 9 17 19 0 10 14 3 8 8 19 17 1 15 0 0 14 10 6 19 0 10 10 12 19 5 1 8 17 12 3 4 1 5 18 13 5 1 8 15
11 2 17 8 11 1 2 3 3 3 9 17 10 7 10 0 3 12 19 11 19 12 7 4 9 16 2 5 14 11 19 15 0 17 4 13 0 10 19 13 14 8 13 13 13 17 8 12 15 7
11 7 11 7 8 2 18 5 0 7 0 18 11 8 14 3 0 3 11 10 19 7 4 12 5 3 3 4 4 0 10 6 16 19 9 19 10 10 1 1 19 0 13 13 1 12 7 4 6 9
5 3 19 14 16 6 1 11 13 15 4 11 2 13 3 12 3 0 19 5 8 0 9 6 14 19 12 5 1 19 3 10 3 18 4 4 17 0 19 0 14 2 19 2 2 2 3 8 4 12
17 16 7 10 9 4 8 1 7 15 18 8 7 0 8 19 11 19 0 12 14 9 5 8 5 11 0 16 15 16 5 7 0 1 10 18 18 17 2 18 4 9 13 11 0 13 5 4 8 2
16 15 16 10 1 4 14 12 3 7 19 19 12 14 8 11 10 5 12 0 1 14 3 15 6 1 4 8 2 14 8 19 0 18 7 13 11 6 14 9 19 16 16 1 19 18 14 1 0 5
3 17 19 8 14 0 5 1 19 9 18 1 5 0 19 19 19 8 14 1 0 12 9 19 18 3 13 0 16 0 12 0 16 19 5 3 18 12 15 13 12 9 4 9 17 1 3 19 11 18
0 16 9 19 12 15 10 16 5 3 16 9 11 4 17 12 7 0 9 14 12 0 15 3 1 17 3 18 14 18 12 9 18 3 13 6 7 19 15 3 3 12 3 14 11 14 18 1 13 15
11 14 1 4 7 10 3 4 13 8 7 1 0 2 1 7 4 9 5 3 9 15 0 18 16 4 14 1 17 5 1 17 1 8 16 13 12 5 11 6 18 1 16 18 10 14 14 1 16 8
16 13 17 12 16 16 12 16 6 7 12 10 2 5 15 4 12 6 8 15 19 3 18 0 11 1 6 5 4 14 18 16 11 15 14 6 14 1 8 0 19 5 12 11 5 16 15 13 10 12
4 0 11 13 2 13 15 7 15 11 5 6 3 10 0 9 5 14 5 6 18 1 16 11 0 8 13 3 2 15 7 5 11 1 0 2 10 1 16 10 19 15 18 10 8 13 16 7 7 17
1 15 0 0 10 4 3 19 7 7 16 5 14 1 0 16 3 19 11 1 3 17 4 1 8 0 11 1 1 9 7 5 8 6 9 18 14 18 7 9 18 12 11 3 4 12 14 7 8 1
9 7 18 17 0 4 6 0 7 15 1 18 1 9 14 2 3 12 0 4 13 3 14 6 13 11 0 12 0 9 12 15 15 18 8 9 13 6 17 17 11 7 0 0 1 11 1 16 5 6
14 1 0 1 3 0 14 10 7 7 14 6 8 11 10 5 4 5 16 8 0 18 1 5 3 1 12 0 16 0 15 17 10 18 10 12 4 7 18 11 16 13 1 3 8 7 17 18 8 3
15 4 2 13 15 2 11 7 11 17 5 10 11 15 6 14 4 1 15 2 16 14 17 4 2 1 0 16 0 14 17 3 15 3 1 2 19 10 10 17 0 9 12 6 13 17 12 19 5 7
14 16 8 6 7 15 16 3 16 18 7 8 17 2 19 11 0 19 16 14 0 18 5 14 15 9 9 0 14 0 11 15 10 3 17 2 10 5 13 3 4 12 15 11 10 6 18 4 9 9
18 15 15 4 7 13 13 9 5 17 1 5 15 18 0 19 10 3 5 8 12 12 1 18 7 7 12 15 17 11 0 7 13 2 3 4 1 19 19 6 10 2 18 14 15 11 3 4 2 17
8 16 17 13 17 4 7 18 0 5 19 1 0 14 10 15 6 10 7 19 0 9 17 16 5 5 15 17 3 15 7 0 10 9 6 19 0 15 9 14 3 5 1 2 7 2 1 6 11 17
7 14 2 8 11 12 6 9 5 12 2 7 9 18 10 0 16 3 0 0 16 18 1 11 11 8 15 10 15 10 13 10 0 8 5 10 2 15 12 18 9 14 3 2 11 0 11 3 5 19
3 7 13 17 19 2 8 2 17 7 18 10 4 7 12 17 19 18 1 18 19 3 8 15 1 6 18 18 3 3 2 9 8 0 5 11 8 4 1 8 12 3 10 5 2 12 4 0 8 15
12 8 3 18 10 2 14 2 2 4 8 11 15 3 19 4 9 4 10 7 5 13 16 14 0 9 8 10 1 17 3 6 5 5 0 2 3 12 16 14 6 8 3 6 2 16 8 18 6 15
13 17 2 0 6 1 4 5 6 16 1 11 15 10 5 13 19 4 18 13 3 6 13 6 2 18 9 12 2 2 4 19 10 11 2 0 19 7 2 14 10 12 8 13 19 15 7 1 14 0
4 18 13 3 8 13 16 16 6 19 6 0 1 14 1 0 10 17 18 11 18 7 12 14 10 14 13 4 19 10 1 0 2 8 3 19 0 1 1 4 18 2 16 3 14 3 7 10 9 15
14 6 9 18 1 5 16 6 5 10 17 14 16 6 8 10 10 0 17 6 12 19 5 1 1 18 6 7 10 5 19 15 15 4 12 7 1 0 3 18 19 13 1 3 6 17 4 14 10 13
4 3 17 17 2 12 13 19 16 7 18 6 16 6 17 19 1 19 2 14 15 15 11 8 16 7 17 18 10 13 19 9 12 1 16 2 1 3 0 6 3 15 11 0 0 12 13 4 11 19
12 3 8 12 14 9 4 8 18 10 11 19 18 10 12 13 1 0 18 9 13 3 6 0 10 9 17 11 17 3 6 14 18 8 14 14 4 18 6 0 6 10 19 19 4 14 11 11 0 12
2 4 1 8 11 10 1 11 3 2 12 12 18 19 3 14 19 14 4 19 12 3 18 19 19 18 11 16 0 4 10 3 9 12 6 10 18 19 3 6 0 3 5 14 10 15 16 13 13 9
9 8 17 19 13 4 16 11 8 4 11 11 7 1 4 8 0 2 9 16 9 12 1 5 15 12 7 13 9 12 2 5 14 3 8 12 2 13 15 10 3 0 0 11 14 19 17 17 12 12
15 3 16 13 10 15 3 8 14 12 15 10 10 17 1 13 13 19 13 16 4 3 16 12 18 11 0 1 12 15 18 1 3 10 3 8 16 1 11 19 5 0 0 7 1 12 16 11 4 9
17 1 10 17 1 14 1 14 8 18 19 18 19 3 5 13 13 2 11 1 9 14 18 11 10 3 0 3 6 11 14 2 2 5 6 13 3 3 0 19 14 11 7 0 2 3 6 8 18 13
3 11 17 9 19 17 16 1 14 19 16 9 11 2 18 13 1 2 0 19 17 11 10 5 8 4 1 8 13 10 15 7 11 2 2 19 14 6 0 4 10 14 1 2 0 1 9 15 2 7
19 18 18 6 15 13 19 7 0 16 18 19 15 17 13 17 12 2 13 18 1 14 14 16 13 12 11 7 17 6 11 2 0 12 16 15 3 17 12 14 15 19 12 3 1 0 17 18 10 8
15 15 17 1 11 7 13 15 1 5 1 0 13 4 5 8 7 3 5 14 3 18 14 15 16 14 1 17 12 18 3 1 11 4 8 7 7 4 13 11 16 17 16 6 9 17 0 8 15 3
1 12 9 6 8 1 15 6 15 16 5 0 5 8 1 12 4 8 4 1 19 1 1 13 7 7 16 18 19 4 4 6 3 0 18 1 10 14 4 11 13 17 11 8 15 18 8 0 12 13
16 3 6 16 13 5 15 7 19 2 8 1 8 1 8 15 6 4 8 0 11 13 16 10 7 8 5 8 5 9 2 11 5 8 6 14 9 10 11 0 13 12 4 18 2 10 15 12 0 18
13 18 4 19 2 4 19 14 2 6 3 2 14 7 15 7 9 12 2 5 18 15 8 12 17 1 6 3 7 9 17 17 19 15 15 0 15 13 19 12 9 12 9 13 7 8 3 13 18 0
