75
50
0 0 0 0 0 0 0 18 2 8 0 0 11 0 0 0 0 10 0 0 0 0 10 0 0 0 5 0 0 0 0 7 16 17 18 10 18 18 0 0 0 0 0 10 0 0 18 12 0 0
0 0 0 0 13 1 0 0 6 9 16 0 0 1 0 12 0 0 0 0 0 0 10 0 0 0 0 5 0 0 0 0 0 0 0 0 1 0 0 7 0 0 0 6 1 8 18 0 0 19
0 0 0 0 0 6 0 11 0 0 0 3 0 8 0 19 0 4 0 0 0 0 0 0 0 15 0 4 0 0 0 11 0 0 0 0 1 0 0 0 0 0 0 0 1 0 0 7 0 6
0 0 0 0 0 0 10 0 5 0 0 0 0 0 0 0 0 15 8 0 0 0 17 0 0 0 0 0 0 0 0 0 8 0 0 0 0 0 5 0 4 0 0 0 0 0 1 0 0 0
0 13 0 0 0 9 0 10 0 0 0 0 0 19 0 0 0 3 0 13 0 0 0 0 0 0 0 7 0 0 13 0 0 0 0 7 0 13 0 0 0 0 0 0 0 0 0 0 2 0
0 1 6 0 9 0 0 0 0 0 7 18 5 0 0 0 0 13 0 0 0 9 0 0 0 0 0 0 0 0 0 0 0 0 0 0 0 0 0 0 0 5 0 0 3 7 0 0 0 1
0 0 0 10 0 0 0 16 0 9 0 0 2 0 0 0 0 0 0 0 0 16 0 0 0 17 0 0 0 0 0 0 0 0 0 9 0 0 0 6 0 0 0 0 19 0 0 0 0 14
18 0 11 0 10 0 16 0 0 0 8 10 0 0 0 0 0 0 0 0 0 0 0 10 6 0 3 0 0 0 2 0 15 0 0 4 17 0 0 0 0 0 0 0 5 0 4 6 0 5
2 6 0 5 0 0 0 0 0 0 0 0 0 0 0 8 0 15 0 12 7 0 3 0 18 0 0 19 0 9 0 0 14 0 0 0 0 11 11 0 7 0 0 0 0 0 0 0 0 0
8 9 0 0 0 0 9 0 0 0 0 0 10 0 0 8 14 0 0 0 13 0 0 2 0 0 5 12 0 4 0 0 0 17 0 11 0 0 19 0 8 0 0 0 4 3 0 0 0 0
0 16 0 0 0 7 0 8 0 0 0 0 0 0 0 14 0 0 0 0 0 0 0 0 5 0 0 0 8 6 0 0 0 0 0 17 0 0 0 8 0 14 0 0 11 10 17 0 17 0
0 0 3 0 0 18 0 10 0 0 0 0 15 0 0 7 11 12 7 0 0 0 1 0 5 2 0 0 0 5 0 0 2 0 0 0 0 0 13 0 19 9 0 0 0 0 0 15 0 0
11 0 0 0 0 5 2 0 0 10 0 15 0 6 7 14 0 0 15 0 0 0 0 3 6 13 0 0 0 0 10 16 0 0 0 13 0 0 4 0 0 0 0 0 0 0 0 19 13 0
0 1 8 0 19 0 0 0 0 0 0 0 6 0 0 0 9 0 0 16 1 0 0 0 0 13 0 0 0 18 0 1 0 19 0 4 0 0 0 0 13 3 0 0 0 9 0 0 0 0
0 0 0 0 0 0 0 0 0 0 0 0 7 0 0 0 0 0 0 0 0 0 0 17 0 4 7 0 0 4 0 0 0 6 0 0 0 17 13 17 0 0 14 0 0 0 13 0 9 0
0 12 19 0 0 0 0 0 8 8 14 7 14 0 0 0 0 0 0 5 0 0 0 0 0 0 0 0 0 5 16 0 0 3 0 0 0 7 0 0 0 0 15 0 16 2 0 0 0 0
0 0 0 0 0 0 0 0 0 14 0 11 0 9 0 0 0 16 17 1 7 14 17 0 13 0 0 0 0 0 0 0 4 0 0 0 0 0 0 0 0 11 0 0 0 7 0 3 0 0
10 0 4 15 3 13 0 0 15 0 0 12 0 0 0 0 16 0 0 0 1 0 16 4 0 0 3 0 13 13 0 0 0 0 16 0 9 16 0 0 9 0 0 0 0 12 0 0 0 0
0 0 0 8 0 0 0 0 0 0 0 7 15 0 0 0 17 0 0 0 16 0 0 0 0 0 0 5 0 0 0 15 0 0 0 0 16 0 19 3 0 0 0 7 1 11 0 6 18 0
0 0 0 0 13 0 0 0 12 0 0 0 0 16 0 5 1 0 0 0 14 0 0 0 3 0 15 0 0 0 0 0 2 0 3 0 0 0 0 0 0 0 0 0 0 0 8 0 0 0
0 0 0 0 0 0 0 0 7 13 0 0 0 1 0 0 7 1 16 14 0 0 0 0 5 0 0 0 11 0 0 0 0 8 7 0 0 0 0 0 0 19 0 14 0 0 0 0 0 0
0 0 0 0 0 9 16 0 0 0 0 0 0 0 0 0 14 0 0 0 0 0 0 0 5 0 0 0 0 10 0 7 0 0 5 0 7 0 13 12 0 0 19 15 0 5 0 18 11 1
10 10 0 17 0 0 0 0 3 0 0 1 0 0 0 0 17 16 0 0 0 0 0 0 0 0 0 9 0 13 0 0 6 0 0 0 0 0 0 0 0 0 8 2 6 0 1 10 0 0
0 0 0 0 0 0 0 10 0 2 0 0 3 0 17 0 0 4 0 0 0 0 0 0 17 0 0 5 0 0 13 11 0 10 10 17 0 0 0 0 0 0 0 0 12 0 0 0 10 0
0 0 0 0 0 0 0 6 18 0 5 5 6 0 0 0 13 0 0 3 5 5 0 17 0 7 0 0 0 0 0 0 10 3 12 14 0 0 9 0 0 0 4 0 0 0 0 0 0 0
0 0 15 0 0 0 17 0 0 0 0 2 13 13 4 0 0 0 0 0 0 0 0 0 7 0 0 0 0 0 0 15 19 0 0 0 0 0 1 0 0 0 0 0 0 0 0 9 0 14
5 0 0 0 0 0 0 3 0 5 0 0 0 0 7 0 0 3 0 15 0 0 0 0 0 0 0 10 0 0 0 0 0 0 0 0 0 5 0 16 0 1 6 0 1 0 0 0 0 0
0 5 4 0 7 0 0 0 19 12 0 0 0 0 0 0 0 0 5 0 0 0 9 5 0 0 10 0 0 1 0 0 4 0 0 0 0 1 0 0 0 0 1 0 0 0 0 0 5 0
0 0 0 0 0 0 0 0 0 0 8 0 0 0 0 0 0 13 0 0 11 0 0 0 0 0 0 0 0 13 0 0 0 0 0 0 0 0 0 12 0 18 0 13 0 0 0 0 0 0
0 0 0 0 0 0 0 0 9 4 6 5 0 18 4 5 0 13 0 0 0 10 13 0 0 0 0 1 13 0 0 0 0 0 0 0 10 0 0 0 0 13 14 0 14 0 0 0 0 17
0 0 0 0 13 0 0 2 0 0 0 0 10 0 0 16 0 0 0 0 0 0 0 13 0 0 0 0 0 0 0 0 2 5 0 0 15 0 0 5 0 0 0 0 0 0 6 0 0 0
7 0 11 0 0 0 0 0 0 0 0 0 16 1 0 0 0 0 15 0 0 7 0 11 0 15 0 0 0 0 0 0 19 0 0 0 0 13 0 0 0 2 0 0 3 0 16 0 0 0
16 0 0 8 0 0 0 15 14 0 0 2 0 0 0 0 4 0 0 2 0 0 6 0 10 19 0 4 0 0 2 19 0 0 0 0 0 0 0 0 0 0 0 12 0 0 0 0 7 0
17 0 0 0 0 0 0 0 0 17 0 0 0 19 6 3 0 0 0 0 8 0 0 10 3 0 0 0 0 0 5 0 0 0 10 0 0 0 0 0 9 0 13 0 0 13 0 0 0 4
18 0 0 0 0 0 0 0 0 0 0 0 0 0 0 0 0 16 0 3 7 5 0 10 12 0 0 0 0 0 0 0 0 10 0 19 0 0 0 0 12 11 0 3 0 0 0 0 0 0
10 0 0 0 7 0 9 4 0 11 17 0 13 4 0 0 0 0 0 0 0 0 0 17 14 0 0 0 0 0 0 0 0 0 19 0 0 0 14 7 0 0 0 0 16 0 0 0 0 0
18 1 1 0 0 0 0 17 0 0 0 0 0 0 0 0 0 9 16 0 0 7 0 0 0 0 0 0 0 10 15 0 0 0 0 0 0 0 8 6 0 0 9 0 0 0 10 7 0 0
18 0 0 0 13 0 0 0 11 0 0 0 0 0 17 7 0 16 0 0 0 0 0 0 0 0 5 1 0 0 0 13 0 0 0 0 0 0 3 0 0 0 0 19 16 0 16 12 14 0
0 0 0 5 0 0 0 0 11 19 0 13 4 0 13 0 0 0 19 0 0 13 0 0 9 1 0 0 0 0 0 0 0 0 0 14 8 3 0 19 0 0 0 0 0 0 0 0 0 0
0 7 0 0 0 0 6 0 0 0 8 0 0 0 17 0 0 0 3 0 0 12 0 0 0 0 16 0 12 0 5 0 0 0 0 7 6 0 19 0 0 9 0 0 0 0 0 0 0 6
0 0 0 4 0 0 0 0 7 8 0 19 0 13 0 0 0 9 0 0 0 0 0 0 0 0 0 0 0 0 0 0 0 9 12 0 0 0 0 0 0 0 0 0 0 0 8 0 0 19
0 0 0 0 0 5 0 0 0 0 14 9 0 3 0 0 11 0 0 0 19 0 0 0 0 0 1 0 18 13 0 2 0 0 11 0 0 0 0 9 0 0 0 0 0 5 0 13 0 0
0 0 0 0 0 0 0 0 0 0 0 0 0 0 14 15 0 0 0 0 0 19 8 0 4 0 6 1 0 14 0 0 0 13 0 0 9 0 0 0 0 0 0 0 0 0 17 3 0 16
10 6 0 0 0 0 0 0 0 0 0 0 0 0 0 0 0 0 7 0 14 15 2 0 0 0 0 0 13 0 0 0 12 0 3 0 0 19 0 0 0 0 0 0 2 0 5 0 0 0
0 1 1 0 0 3 19 5 0 4 11 0 0 0 0 16 0 0 1 0 0 0 6 12 0 0 1 0 0 14 0 3 0 0 0 16 0 16 0 0 0 0 0 2 0 7 0 7 0 0
0 8 0 0 0 7 0 0 0 3 10 0 0 9 0 2 7 12 11 0 0 5 0 0 0 0 0 0 0 0 0 0 0 13 0 0 0 0 0 0 0 5 0 0 7 0 0 0 14 13
18 18 0 1 0 0 0 4 0 0 17 0 0 0 13 0 0 0 0 8 0 0 1 0 0 0 0 0 0 0 6 16 0 0 0 0 10 16 0 0 8 0 17 5 0 0 0 0 0 0
12 0 7 0 0 0 0 6 0 0 0 15 19 0 0 0 3 0 6 0 0 18 10 0 0 9 0 0 0 0 0 0 0 0 0 0 7 12 0 0 0 13 3 0 7 0 0 0 0 4
0 0 0 0 2 0 0 0 0 0 17 0 13 0 9 0 0 0 18 0 0 11 0 10 0 0 0 5 0 0 0 0 7 0 0 0 0 14 0 0 0 0 0 0 0 14 0 0 0 13
0 19 6 0 0 1 14 5 0 0 0 0 0 0 0 0 0 0 0 0 0 1 0 0 0 14 0 0 0 17 0 0 0 4 0 0 0 0 0 6 19 0 16 0 0 13 0 4 13 0
