100
50
0 0 0 0 0 14 7 18 0 0 0 14 0 0 0 0 0 0 12 0 0 0 0 0 0 0 0 0 9 0 0 0 0 0 0 0 14 13 12 0 9 0 0 0 0 0 0 0 0 0
0 0 0 0 0 1 0 0 0 0 0 2 19 0 0 0 0 11 0 0 0 0 0 0 0 0 0 10 0 0 7 0 9 0 10 0 15 0 10 2 0 0 19 15 0 0 0 0 0 0
0 0 0 0 0 0 0 0 0 12 0 0 0 0 6 0 4 0 0 0 0 16 0 7 15 0 0 0 0 3 0 8 0 5 0 0 0 0 0 14 0 0 0 2 15 3 0 17 0 3
0 0 0 0 16 0 0 0 0 0 0 0 13 0 0 0 0 0 10 18 0 0 16 0 1 0 0 0 0 0 13 0 0 0 13 0 0 0 0 0 11 0 0 15 17 0 0 0 0 0
0 0 0 16 0 11 0 0 0 0 19 0 0 0 0 0 15 0 0 0 15 0 0 13 0 0 10 0 0 0 0 17 15 18 0 0 3 0 19 0 0 0 16 0 0 0 0 0 2 9
14 1 0 0 11 0 0 0 0 0 0 4 0 4 0 0 5 0 0 0 0 18 0 0 9 1 10 11 16 0 13 14 0 0 0 0 0 0 0 15 0 11 0 0 0 17 0 0 0 0
7 0 0 0 0 0 0 0 0 0 7 0 0 11 12 0 0 14 0 0 0 0 0 13 0 19 6 12 0 0 0 0 0 0 0 2 0 13 0 0 0 0 0 0 10 0 0 0 0 19
18 0 0 0 0 0 0 0 6 10 0 0 0 0 0 13 13 3 0 1 0 0 0 0 8 0 3 0 0 0 0 0 0 0 4 0 7 0 0 0 0 0 0 0 0 0 0 14 0 0
0 0 0 0 0 0 0 6 0 0 16 0 0 2 17 0 17 0 0 0 17 0 0 0 0 0 0 0 6 0 8 6 0 0 15 0 0 0 0 14 0 0 0 0 0 0 17 0 0 0
0 0 12 0 0 0 0 10 0 0 0 0 0 0 14 0 0 0 0 0 0 0 0 10 0 9 12 19 13 0 0 7 0 0 0 0 0 0 0 0 13 0 0 0 8 0 0 0 11 0
0 0 0 0 19 0 7 0 16 0 0 0 7 14 0 0 0 0 9 0 19 0 11 0 8 0 0 0 0 0 0 3 0 0 0 5 7 0 0 0 0 0 0 0 0 0 0 0 0 0
14 2 0 0 0 4 0 0 0 0 0 0 0 0 0 0 0 19 0 0 0 16 0 8 0 0 0 0 0 0 0 17 0 0 0 0 0 0 0 7 0 0 17 0 0 0 0 0 0 0
0 19 0 13 0 0 0 0 0 0 7 0 0 0 0 14 0 0 10 0 0 0 15 0 4 0 0 0 0 1 15 2 0 0 0 0 0 0 0 0 4 0 0 0 0 0 0 0 0 0
0 0 0 0 0 4 11 0 2 0 14 0 0 0 0 6 17 0 18 0 0 10 16 0 0 0 0 10 15 0 0 18 0 0 0 0 0 14 0 2 5 0 0 0 12 0 16 0 0 0
0 0 6 0 0 0 12 0 17 14 0 0 0 0 0 1 0 0 4 0 4 0 0 7 0 0 0 0 0 0 14 0 0 7 17 18 0 17 0 12 0 17 9 0 0 0 0 0 0 6
0 0 0 0 0 0 0 13 0 0 0 0 14 6 1 0 0 0 0 0 7 11 0 0 15 7 0 0 0 0 0 0 8 0 0 0 0 0 0 0 0 0 0 0 10 11 8 0 0 11
0 0 4 0 15 5 0 13 17 0 0 0 0 17 0 0 0 11 2 0 0 0 16 9 0 13 11 19 0 9 0 0 0 0 0 0 5 3 0 0 0 18 0 0 0 0 0 0 10 0
0 11 0 0 0 0 14 3 0 0 0 19 0 0 0 0 11 0 8 0 0 0 0 0 18 0 0 0 0 0 0 5 0 0 0 1 18 0 0 0 0 0 0 0 0 7 0 0 0 0
12 0 0 10 0 0 0 0 0 0 9 0 10 18 4 0 2 8 0 0 10 16 9 0 0 0 0 0 0 0 18 15 0 0 0 0 0 7 0 0 0 18 16 14 0 7 17 0 18 17
0 0 0 18 0 0 0 1 0 0 0 0 0 0 0 0 0 0 0 0 0 0 0 0 16 0 0 1 0 0 0 8 0 0 0 0 0 0 0 0 0 0 12 0 0 0 0 8 0 0
0 0 0 0 15 0 0 0 17 0 19 0 0 0 4 7 0 0 10 0 0 15 10 0 0 12 0 0 0 1 0 0 0 0 0 0 0 0 8 0 0 0 14 0 0 4 0 0 0 19
0 0 16 0 0 18 0 0 0 0 0 16 0 10 0 11 0 0 16 0 15 0 0 0 7 15 0 17 0 0 0 11 0 18 0 14 0 0 12 0 10 0 0 0 0 8 0 0 11 9
0 0 0 16 0 0 0 0 0 0 11 0 15 16 0 0 16 0 9 0 10 0 0 13 0 0 0 0 0 17 0 0 9 10 0 1 0 0 0 0 0 16 0 0 17 0 0 0 0 0
0 0 7 0 13 0 13 0 0 10 0 8 0 0 7 0 9 0 0 0 0 0 13 0 2 5 0 0 0 11 0 0 0 0 0 10 15 4 0 0 3 3 5 0 0 0 0 1 0 0
0 0 15 1 0 9 0 8 0 0 8 0 4 0 0 15 0 18 0 16 0 7 0 2 0 0 0 0 11 0 0 0 9 0 0 0 0 0 0 0 0 3 0 0 0 15 0 0 0 0
0 0 0 0 0 1 19 0 0 9 0 0 0 0 0 7 13 0 0 0 12 15 0 5 0 0 0 0 0 0 0 0 0 0 0 0 0 0 0 0 0 0 0 0 19 0 0 0 0 0
0 0 0 0 10 10 6 3 0 12 0 0 0 0 0 0 11 0 0 0 0 0 0 0 0 0 0 0 0 0 10 0 0 0 0 0 11 0 0 4 8 0 6 0 15 0 0 0 18 17
0 10 0 0 0 11 12 0 0 19 0 0 0 10 0 0 19 0 0 1 0 17 0 0 0 0 0 0 0 0 0 11 0 18 0 0 17 18 2 0 0 0 0 9 0 0 0 0 1 3
9 0 0 0 0 16 0 0 6 13 0 0 0 15 0 0 0 0 0 0 0 0 0 0 11 0 0 0 0 16 13 0 0 0 7 0 0 0 8 4 5 14 0 16 0 0 0 0 7 0
0 0 3 0 0 0 0 0 0 0 0 0 1 0 0 0 9 0 0 0 1 0 17 11 0 0 0 0 16 0 0 0 0 0 17 0 2 0 0 0 0 14 0 0 0 0 0 15 0 0
0 7 0 13 0 13 0 0 8 0 0 0 15 0 14 0 0 0 18 0 0 0 0 0 0 0 10 0 13 0 0 15 17 0 4 0 0 0 0 7 0 0 0 0 0 0 0 0 0 18
0 0 8 0 17 14 0 0 6 7 3 17 2 18 0 0 0 5 15 8 0 11 0 0 0 0 0 11 0 0 15 0 0 0 19 0 17 17 6 0 0 0 0 0 0 0 0 0 0 0
0 9 0 0 15 0 0 0 0 0 0 0 0 0 0 8 0 0 0 0 0 0 9 0 9 0 0 0 0 0 17 0 0 5 0 16 0 17 16 0 0 0 0 0 9 0 0 0 0 0
0 0 5 0 18 0 0 0 0 0 0 0 0 0 7 0 0 0 0 0 0 18 10 0 0 0 0 18 0 0 0 0 5 0 0 0 0 7 0 2 12 0 5 2 0 0 0 0 0 18
0 10 0 13 0 0 0 4 15 0 0 0 0 0 17 0 0 0 0 0 0 0 0 0 0 0 0 0 7 17 4 19 0 0 0 0 5 8 0 0 15 12 0 0 0 0 0 12 0 0
0 0 0 0 0 0 2 0 0 0 5 0 0 0 18 0 0 1 0 0 0 14 1 10 0 0 0 0 0 0 0 0 16 0 0 0 0 11 10 13 0 0 0 0 2 0 0 18 16 3
14 15 0 0 3 0 0 7 0 0 7 0 0 0 0 0 5 18 0 0 0 0 0 15 0 0 11 17 0 2 0 17 0 0 5 0 0 0 14 0 12 3 0 0 0 0 18 0 15 0
13 0 0 0 0 0 13 0 0 0 0 0 0 14 17 0 3 0 7 0 0 0 0 4 0 0 0 18 0 0 0 17 17 7 8 11 0 0 0 14 17 2 0 0 0 0 0 0 2 0
12 10 0 0 19 0 0 0 0 0 0 0 0 0 0 0 0 0 0 0 8 12 0 0 0 0 0 2 8 0 0 6 16 0 0 10 14 0 0 0 4 0 15 3 14 0 0 19 18 0
0 2 14 0 0 15 0 0 14 0 0 7 0 2 12 0 0 0 0 0 0 0 0 0 0 0 4 0 4 0 7 0 0 2 0 13 0 14 0 0 0 17 0 0 5 0 18 0 0 0
9 0 0 11 0 0 0 0 0 13 0 0 4 5 0 0 0 0 0 0 0 10 0 3 0 0 8 0 5 0 0 0 0 12 15 0 12 17 4 0 0 0 2 17 0 10 10 17 0 0
0 0 0 0 0 11 0 0 0 0 0 0 0 0 17 0 18 0 18 0 0 0 16 3 3 0 0 0 14 14 0 0 0 0 12 0 3 2 0 17 0 0 0 0 11 6 0 6 0 0
0 19 0 0 16 0 0 0 0 0 0 17 0 0 9 0 0 0 16 12 14 0 0 5 0 0 6 0 0 0 0 0 0 5 0 0 0 0 15 0 2 0 0 0 0 0 0 0 17 19
0 15 2 15 0 0 0 0 0 0 0 0 0 0 0 0 0 0 14 0 0 0 0 0 0 0 0 9 16 0 0 0 0 2 0 0 0 0 3 0 17 0 0 0 0 0 0 0 9 0
0 0 15 17 0 0 10 0 0 8 0 0 0 12 0 10 0 0 0 0 0 0 17 0 0 19 15 0 0 0 0 0 9 0 0 2 0 0 14 5 0 11 0 0 0 0 0 9 4 0
0 0 3 0 0 17 0 0 0 0 0 0 0 0 0 11 0 7 7 0 4 8 0 0 15 0 0 0 0 0 0 0 0 0 0 0 0 0 0 0 10 6 0 0 0 0 4 0 0 6
0 0 0 0 0 0 0 0 17 0 0 0 0 16 0 8 0 0 17 0 0 0 0 0 0 0 0 0 0 0 0 0 0 0 0 0 18 0 0 18 10 0 0 0 0 4 0 17 0 0
0 0 17 0 0 0 0 14 0 0 0 0 0 0 0 0 0 0 0 8 0 0 0 1 0 0 0 0 0 15 0 0 0 0 12 18 0 0 19 0 17 6 0 0 9 0 17 0 0 0
0 0 0 0 2 0 0 0 0 11 0 0 0 0 0 0 10 0 18 0 0 11 0 0 0 0 18 1 7 0 0 0 0 0 0 16 15 2 18 0 0 0 17 9 4 0 0 0 0 4
0 0 3 0 9 0 19 0 0 0 0 0 0 0 6 11 0 0 17 0 19 9 0 0 0 0 17 3 0 0 18 0 0 18 0 3 0 0 0 0 0 0 19 0 0 6 0 0 4 0
