100
50
0 0 0 0 0 0 0 0 0 0 0 0 0 0 0 0 0 0 0 0 0 0 0 0 5 0 0 0 0 0 0 11 0 17 0 2 0 14 0 0 0 15 15 0 6 17 0 13 0 0
0 0 0 8 0 0 8 0 15 0 0 5 0 0 0 0 0 8 0 0 9 0 0 0 0 2 0 7 0 0 0 8 10 0 0 0 15 0 0 7 12 0 0 0 0 0 0 11 0 0
0 0 0 0 0 5 0 0 0 0 16 0 0 0 0 4 0 9 0 0 0 0 0 0 0 0 0 0 0 0 0 0 0 0 5 4 0 9 0 0 0 7 0 0 0 0 0 0 0 0
0 8 0 0 0 0 0 0 0 0 0 0 18 0 0 14 0 0 9 13 0 0 0 0 0 11 0 17 0 16 2 0 0 18 1 0 0 16 0 19 0 0 2 14 0 0 0 0 11 0
0 0 0 0 0 8 1 0 0 0 0 0 8 0 0 0 0 0 0 14 0 0 0 0 0 0 0 17 0 0 7 0 0 0 0 0 0 0 0 18 17 0 0 18 0 0 0 8 14 0
0 0 5 0 8 0 0 0 0 19 0 0 19 0 0 0 4 0 0 0 0 4 5 5 0 0 17 0 0 0 18 0 5 0 0 0 0 2 0 0 0 0 0 0 0 0 8 0 0 11
0 8 0 0 1 0 0 14 7 5 0 0 5 0 0 0 5 0 0 0 14 0 19 0 0 0 0 0 0 0 18 0 0 16 14 0 0 10 0 18 0 0 0 0 0 0 7 13 0 16
0 0 0 0 0 0 14 0 0 0 0 0 0 0 4 0 0 0 0 0 0 0 0 0 0 0 0 0 0 3 0 0 0 0 0 0 6 0 0 1 0 0 0 0 7 0 15 0 0 0
0 15 0 0 0 0 7 0 0 0 8 0 0 0 0 6 3 0 13 11 0 0 0 0 0 9 0 0 0 0 6 0 0 0 0 19 10 0 0 0 0 0 0 15 0 0 0 9 0 12
0 0 0 0 0 19 5 0 0 0 3 0 2 0 0 0 0 0 0 0 0 0 3 0 17 4 8 0 0 0 0 14 0 1 0 8 0 0 9 12 0 0 0 0 0 4 4 0 0 0
0 0 16 0 0 0 0 0 8 3 0 6 13 13 13 0 8 7 0 0 3 0 0 4 0 1 0 0 18 8 0 0 0 0 17 0 0 19 9 0 4 0 0 0 0 0 3 0 0 10
0 5 0 0 0 0 0 0 0 0 6 0 15 0 3 0 2 0 2 2 0 0 0 0 0 0 3 0 0 10 0 0 0 0 0 0 0 13 0 0 0 0 0 0 0 0 0 0 0 10
0 0 0 18 8 19 5 0 0 2 13 15 0 0 0 0 2 0 16 0 3 16 12 0 0 18 0 0 0 14 0 0 0 12 0 0 0 0 7 0 0 0 0 0 3 14 0 0 0 0
0 0 0 0 0 0 0 0 0 0 13 0 0 0 0 0 0 0 1 0 0 0 13 0 0 0 0 18 4 19 0 0 0 0 13 0 0 16 16 16 0 0 0 0 9 8 0 0 0 0
0 0 0 0 0 0 0 4 0 0 13 3 0 0 0 0 0 0 0 0 0 0 13 0 0 0 4 7 0 0 0 0 0 10 0 14 5 10 0 0 0 0 9 0 12 0 0 0 0 19
0 0 4 14 0 0 0 0 6 0 0 0 0 0 0 0 0 2 0 0 3 0 0 0 0 0 0 7 0 0 0 0 0 4 0 0 0 0 0 10 0 19 0 14 0 0 2 1 11 0
0 0 0 0 0 4 5 0 3 0 8 2 2 0 0 0 0 12 11 10 12 1 0 0 16 7 0 0 0 0 13 0 0 0 7 0 0 0 0 17 5 3 11 4 0 0 0 0 0 0
0 8 9 0 0 0 0 0 0 0 7 0 0 0 0 2 12 0 18 0 0 0 0 1 0 15 0 0 15 0 3 0 0 0 0 0 0 0 13 0 0 0 7 19 0 0 10 0 0 0
0 0 0 9 0 0 0 0 13 0 0 2 16 1 0 0 11 18 0 0 10 0 0 19 0 14 0 0 0 9 0 0 1 0 0 8 2 3 4 0 0 0 0 0 0 17 0 0 0 0
0 0 0 13 14 0 0 0 11 0 0 2 0 0 0 0 10 0 0 0 0 0 2 0 0 0 0 6 2 5 0 5 0 0 0 6 0 5 0 0 1 3 0 0 8 8 14 0 0 13
0 9 0 0 0 0 14 0 0 0 3 0 3 0 0 3 12 0 10 0 0 0 0 0 0 0 0 17 0 0 0 8 0 0 0 0 0 4 18 0 0 0 0 4 6 11 0 0 0 10
0 0 0 0 0 4 0 0 0 0 0 0 16 0 0 0 1 0 0 0 0 0 0 2 14 10 0 0 0 16 0 0 0 0 0 17 0 0 7 0 0 0 0 0 0 0 14 0 16 17
0 0 0 0 0 5 19 0 0 3 0 0 12 13 13 0 0 0 0 2 0 0 0 0 1 0 0 0 0 0 0 0 0 0 0 0 2 0 0 0 0 0 0 0 17 10 0 0 15 12
0 0 0 0 0 5 0 0 0 0 4 0 0 0 0 0 0 1 19 0 0 2 0 0 6 0 0 0 12 0 0 0 0 0 7 0 0 0 1 8 0 0 0 0 0 0 0 0 15 0
5 0 0 0 0 0 0 0 0 17 0 0 0 0 0 0 16 0 0 0 0 14 1 6 0 0 0 0 0 0 0 0 0 0 0 0 0 4 16 1 16 0 0 7 0 11 0 0 0 0
0 2 0 11 0 0 0 0 9 4 1 0 18 0 0 0 7 15 14 0 0 10 0 0 0 0 0 12 0 11 0 0 0 0 0 17 0 0 0 0 0 0 0 0 0 0 0 18 0 0
0 0 0 0 0 17 0 0 0 8 0 3 0 0 4 0 0 0 0 0 0 0 0 0 0 0 0 0 0 19 0 12 0 0 5 0 0 0 0 0 17 0 0 15 0 2 0 0 0 1
0 7 0 17 17 0 0 0 0 0 0 0 0 18 7 7 0 0 0 6 17 0 0 0 0 12 0 0 0 0 16 0 0 1 0 0 6 0 0 0 0 0 0 19 0 0 11 2 4 0
0 0 0 0 0 0 0 0 0 0 18 0 0 4 0 0 0 15 0 2 0 0 0 12 0 0 0 0 0 0 0 5 0 11 0 0 0 0 16 0 0 0 1 0 0 0 0 12 0 0
0 0 0 16 0 0 0 3 0 0 8 10 14 19 0 0 0 0 9 5 0 16 0 0 0 11 19 0 0 0 14 0 11 0 0 2 0 9 0 0 0 0 2 0 0 0 0 0 11 0
0 0 0 2 7 18 18 0 6 0 0 0 0 0 0 0 13 3 0 0 0 0 0 0 0 0 0 16 0 14 0 8 0 0 11 18 0 0 10 0 18 4 0 3 14 0 0 4 0 14
11 8 0 0 0 0 0 0 0 14 0 0 0 0 0 0 0 0 0 5 8 0 0 0 0 0 12 0 5 0 8 0 8 0 0 11 0 0 0 0 17 0 0 0 0 0 0 19 4 0
0 10 0 0 0 5 0 0 0 0 0 0 0 0 0 0 0 0 1 0 0 0 0 0 0 0 0 0 0 11 0 8 0 8 0 0 18 0 0 0 0 0 0 1 0 0 0 17 0 0
17 0 0 18 0 0 16 0 0 1 0 0 12 0 10 4 0 0 0 0 0 0 0 0 0 0 0 1 11 0 0 0 8 0 13 0 19 17 0 0 0 0 0 0 3 14 0 1 0 9
0 0 5 1 0 0 14 0 0 0 17 0 0 13 0 0 7 0 0 0 0 0 0 7 0 0 5 0 0 0 11 0 0 13 0 13 8 0 0 0 0 0 8 0 0 0 0 0 0 0
2 0 4 0 0 0 0 0 19 8 0 0 0 0 14 0 0 0 8 6 0 17 0 0 0 17 0 0 0 2 18 11 0 0 13 0 0 0 9 0 0 0 0 0 0 8 0 0 2 4
0 15 0 0 0 0 0 6 10 0 0 0 0 0 5 0 0 0 2 0 0 0 2 0 0 0 0 6 0 0 0 0 18 19 8 0 0 2 0 0 0 0 0 0 3 0 0 18 0 0
14 0 9 16 0 2 10 0 0 0 19 13 0 16 10 0 0 0 3 5 4 0 0 0 4 0 0 0 0 9 0 0 0 17 0 0 2 0 0 0 0 0 0 0 0 17 0 0 0 0
0 0 0 0 0 0 0 0 0 9 9 0 7 16 0 0 0 13 4 0 18 7 0 1 16 0 0 0 16 0 10 0 0 0 0 9 0 0 0 0 0 0 0 5 0 0 0 0 0 0
0 7 0 19 18 0 18 1 0 12 0 0 0 16 0 10 17 0 0 0 0 0 0 8 1 0 0 0 0 0 0 0 0 0 0 0 0 0 0 0 0 3 10 1 0 0 0 13 0 10
0 12 0 0 17 0 0 0 0 0 4 0 0 0 0 0 5 0 0 1 0 0 0 0 16 0 17 0 0 0 18 17 0 0 0 0 0 0 0 0 0 10 0 0 0 0 7 0 0 0
15 0 7 0 0 0 0 0 0 0 0 0 0 0 0 19 3 0 0 3 0 0 0 0 0 0 0 0 0 0 4 0 0 0 0 0 0 0 0 3 10 0 0 0 10 0 0 0 0 0
15 0 0 2 0 0 0 0 0 0 0 0 0 0 9 0 11 7 0 0 0 0 0 0 0 0 0 0 1 2 0 0 0 0 8 0 0 0 0 10 0 0 0 8 19 4 15 0 0 0
0 0 0 14 18 0 0 0 15 0 0 0 0 0 0 14 4 19 0 0 4 0 0 0 7 0 15 19 0 0 3 0 1 0 0 0 0 0 5 1 0 0 8 0 0 0 0 0 0 4
6 0 0 0 0 0 0 7 0 0 0 0 3 9 12 0 0 0 0 8 6 0 17 0 0 0 0 0 0 0 14 0 0 3 0 0 3 0 0 0 0 10 19 0 0 0 0 0 0 17
17 0 0 0 0 0 0 0 0 4 0 0 14 8 0 0 0 0 17 8 11 0 10 0 11 0 2 0 0 0 0 0 0 14 0 8 0 17 0 0 0 0 4 0 0 0 0 16 0 7
0 0 0 0 0 8 7 15 0 4 3 0 0 0 0 2 0 10 0 14 0 14 0 0 0 0 0 11 0 0 0 0 0 0 0 0 0 0 0 0 7 0 15 0 0 0 0 0 0 0
13 11 0 0 8 0 13 0 9 0 0 0 0 0 0 1 0 0 0 0 0 0 0 0 0 18 0 2 12 0 4 19 17 1 0 0 18 0 0 13 0 0 0 0 0 16 0 0 17 15
0 0 0 11 14 0 0 0 0 0 0 0 0 0 0 11 0 0 0 0 0 16 15 15 0 0 0 4 0 11 0 4 0 0 0 2 0 0 0 0 0 0 0 0 0 0 0 17 0 19
0 0 0 0 0 11 16 0 12 0 10 10 0 0 19 0 0 0 0 13 10 17 12 0 0 0 1 0 0 0 14 0 0 9 0 4 0 0 0 10 0 0 0 4 17 7 0 15 19 0
