75
50
0 0 0 0 18 10 0 0 14 0 0 0 0 0 0 14 0 0 0 12 0 0 0 15 13 10 0 14 0 0 0 0 15 16 0 0 15 0 0 0 0 0 0 6 0 3 0 17 9 0
0 0 9 0 0 0 0 0 8 0 0 0 11 0 6 0 0 0 0 0 10 0 0 4 0 0 0 0 0 5 0 2 11 0 9 0 0 0 0 0 0 0 0 1 0 0 0 0 0 0
0 9 0 7 10 0 0 0 0 5 0 5 0 0 15 0 10 18 0 13 0 0 0 0 0 5 11 10 8 0 12 0 0 0 0 0 5 0 0 0 0 0 0 0 13 17 0 0 2 0
0 0 7 0 0 0 14 0 0 9 14 0 0 0 9 12 9 0 0 0 0 0 5 0 5 9 3 0 0 0 0 0 0 5 14 12 5 0 0 0 11 0 0 0 0 0 0 0 2 0
18 0 10 0 0 0 0 17 0 7 15 15 0 0 9 0 0 0 5 0 0 0 0 0 0 0 12 0 0 3 0 0 13 16 0 7 0 0 19 0 0 0 12 0 0 2 11 0 0 0
10 0 0 0 0 0 5 12 0 13 11 0 1 0 1 0 0 0 0 14 5 0 0 0 14 16 0 0 0 0 0 0 0 0 0 0 4 0 0 0 0 3 0 0 0 0 3 5 0 2
0 0 0 14 0 5 0 0 0 10 0 0 0 0 0 0 0 0 4 0 0 8 0 0 0 0 0 0 0 0 9 0 0 0 3 0 0 0 0 10 0 10 0 2 0 13 0 0 0 0
0 0 0 0 17 12 0 0 0 0 0 0 0 0 0 0 0 0 0 0 0 5 3 12 15 7 0 0 15 0 0 12 5 13 0 19 0 0 0 0 0 0 0 0 0 0 0 12 0 1
14 8 0 0 0 0 0 0 0 0 0 0 0 0 0 0 0 0 0 11 2 7 0 0 12 0 0 1 4 0 1 9 0 0 0 0 0 13 0 0 16 0 0 0 4 0 15 19 9 12
0 0 5 9 7 13 10 0 0 0 0 0 17 0 0 0 16 19 6 0 0 9 0 0 0 0 2 11 0 0 0 12 0 0 0 0 0 0 0 1 12 0 0 6 17 0 0 0 13 0
0 0 0 14 15 11 0 0 0 0 0 0 17 0 19 0 0 0 0 0 19 0 9 16 16 0 0 10 0 0 0 0 0 0 0 0 4 12 0 16 11 0 7 0 0 0 0 0 0 0
0 0 5 0 15 0 0 0 0 0 0 0 11 0 0 0 0 0 13 0 0 0 0 3 8 0 0 0 4 0 0 0 0 0 6 0 0 14 0 0 0 0 0 0 0 0 0 16 0 0
0 11 0 0 0 1 0 0 0 17 17 11 0 0 0 0 0 0 0 0 0 0 0 9 9 6 0 0 0 0 1 18 0 15 6 0 0 0 13 0 14 0 7 3 0 9 3 0 0 0
0 0 0 0 0 0 0 0 0 0 0 0 0 0 15 0 0 0 0 0 16 16 0 0 0 0 0 0 0 0 9 8 4 16 0 0 0 0 0 0 0 0 14 0 0 0 15 0 0 0
0 6 15 9 9 1 0 0 0 0 19 0 0 15 0 0 0 0 0 0 0 0 0 0 0 0 0 0 0 0 0 4 0 0 0 0 0 0 0 18 7 0 0 0 0 0 0 0 13 14
14 0 0 12 0 0 0 0 0 0 0 0 0 0 0 0 0 0 0 0 0 0 3 17 0 12 0 0 0 0 0 0 0 0 0 13 10 0 0 0 5 0 10 19 6 0 3 0 0 0
0 0 10 9 0 0 0 0 0 16 0 0 0 0 0 0 0 4 0 0 0 0 0 0 10 0 0 16 0 0 0 5 0 0 0 0 0 9 0 0 2 17 0 7 0 19 0 0 0 0
0 0 18 0 0 0 0 0 0 19 0 0 0 0 0 0 4 0 0 16 0 0 2 0 0 7 0 0 0 0 4 0 0 15 0 0 0 0 0 0 18 0 0 0 0 0 0 0 18 0
0 0 0 0 5 0 4 0 0 6 0 13 0 0 0 0 0 0 0 0 0 0 0 0 0 3 8 0 0 1 0 0 0 0 11 0 0 0 17 0 12 0 0 0 0 0 0 0 16 0
12 0 13 0 0 14 0 0 11 0 0 0 0 0 0 0 0 16 0 0 5 0 0 0 7 0 0 13 0 13 0 0 5 0 0 0 0 0 0 0 0 15 0 0 0 0 0 0 0 0
0 10 0 0 0 5 0 0 2 0 19 0 0 16 0 0 0 0 0 5 0 0 3 0 1 0 0 13 0 0 0 15 0 0 0 11 0 0 19 7 18 14 13 0 0 0 0 0 0 0
0 0 0 0 0 0 8 5 7 9 0 0 0 16 0 0 0 0 0 0 0 0 2 7 0 0 0 0 0 0 0 0 0 0 0 0 0 17 0 14 0 0 0 12 17 9 0 0 0 0
0 0 0 5 0 0 0 3 0 0 9 0 0 0 0 3 0 2 0 0 3 2 0 0 2 0 1 0 0 0 0 0 0 0 0 19 0 0 11 0 0 16 2 0 0 6 0 19 4 0
15 4 0 0 0 0 0 12 0 0 16 3 9 0 0 17 0 0 0 0 0 7 0 0 0 5 0 0 0 0 19 0 4 0 0 15 0 0 0 0 0 0 0 0 1 15 3 0 0 0
13 0 0 5 0 14 0 15 12 0 16 8 9 0 0 0 10 0 0 7 1 0 2 0 0 0 0 0 0 0 0 0 0 0 0 0 0 15 7 18 0 7 7 0 0 0 16 19 14 0
10 0 5 9 0 16 0 7 0 0 0 0 6 0 0 12 0 7 3 0 0 0 0 5 0 0 0 0 1 0 13 0 0 0 0 0 0 0 19 0 14 0 0 0 0 0 11 3 0 0
0 0 11 3 12 0 0 0 0 2 0 0 0 0 0 0 0 0 8 0 0 0 1 0 0 0 0 0 19 8 0 0 0 0 18 0 0 4 0 0 0 0 0 0 0 14 17 0 0 0
14 0 10 0 0 0 0 0 1 11 10 0 0 0 0 0 16 0 0 13 13 0 0 0 0 0 0 0 0 0 0 0 0 0 12 0 0 11 8 0 2 0 7 12 0 0 0 0 0 0
0 0 8 0 0 0 0 15 4 0 0 4 0 0 0 0 0 0 0 0 0 0 0 0 0 1 19 0 0 4 0 5 0 0 0 0 0 0 8 0 0 5 0 0 0 0 0 0 0 0
0 5 0 0 3 0 0 0 0 0 0 0 0 0 0 0 0 0 1 13 0 0 0 0 0 0 8 0 4 0 19 0 16 0 13 0 11 15 0 0 0 6 0 14 0 0 0 0 0 0
0 0 12 0 0 0 9 0 1 0 0 0 1 9 0 0 0 4 0 0 0 0 0 19 0 13 0 0 0 19 0 6 0 0 0 0 0 2 10 0 0 1 0 0 0 0 0 11 0 0
0 2 0 0 0 0 0 12 9 12 0 0 18 8 4 0 5 0 0 0 15 0 0 0 0 0 0 0 5 0 6 0 0 0 0 0 12 0 6 0 0 0 14 0 19 0 0 0 0 0
15 11 0 0 13 0 0 5 0 0 0 0 0 4 0 0 0 0 0 5 0 0 0 4 0 0 0 0 0 16 0 0 0 15 0 14 14 0 0 4 0 0 0 0 0 0 0 3 0 0
16 0 0 5 16 0 0 13 0 0 0 0 15 16 0 0 0 15 0 0 0 0 0 0 0 0 0 0 0 0 0 0 15 0 6 0 0 0 0 0 0 0 6 0 0 19 14 17 0 0
0 9 0 14 0 0 3 0 0 0 0 6 6 0 0 0 0 0 11 0 0 0 0 0 0 0 18 12 0 13 0 0 0 6 0 0 0 0 4 0 14 0 0 0 0 0 0 0 8 0
0 0 0 12 7 0 0 19 0 0 0 0 0 0 0 13 0 0 0 0 11 0 19 15 0 0 0 0 0 0 0 0 14 0 0 0 19 0 15 0 5 0 0 0 0 10 1 0 1 0
15 0 5 5 0 4 0 0 0 0 4 0 0 0 0 10 0 0 0 0 0 0 0 0 0 0 0 0 0 11 0 12 14 0 0 19 0 0 0 0 10 0 8 13 0 9 9 1 0 10
0 0 0 0 0 0 0 0 13 0 12 14 0 0 0 0 9 0 0 0 0 17 0 0 15 0 4 11 0 15 2 0 0 0 0 0 0 0 19 10 0 0 0 0 0 0 11 7 8 0
0 0 0 0 19 0 0 0 0 0 0 0 13 0 0 0 0 0 17 0 19 0 11 0 7 19 0 8 8 0 10 6 0 0 4 15 0 19 0 18 0 8 0 0 0 0 15 0 0 0
0 0 0 0 0 0 10 0 0 1 16 0 0 0 18 0 0 0 0 0 7 14 0 0 18 0 0 0 0 0 0 0 4 0 0 0 0 10 18 0 0 4 0 16 0 0 0 0 0 0
0 0 0 11 0 0 0 0 16 12 11 0 14 0 7 5 2 18 12 0 18 0 0 0 0 14 0 2 0 0 0 0 0 0 14 5 10 0 0 0 0 0 0 0 0 0 0 0 0 0
0 0 0 0 0 3 10 0 0 0 0 0 0 0 0 0 17 0 0 15 14 0 16 0 7 0 0 0 5 6 1 0 0 0 0 0 0 0 8 4 0 0 0 16 4 0 0 0 0 0
0 0 0 0 12 0 0 0 0 0 7 0 7 14 0 10 0 0 0 0 13 0 2 0 7 0 0 7 0 0 0 14 0 6 0 0 8 0 0 0 0 0 0 0 0 0 0 0 7 0
6 1 0 0 0 0 2 0 0 6 0 0 3 0 0 19 7 0 0 0 0 12 0 0 0 0 0 12 0 14 0 0 0 0 0 0 13 0 0 16 0 16 0 0 12 0 12 0 0 1
0 0 13 0 0 0 0 0 4 17 0 0 0 0 0 6 0 0 0 0 0 17 0 1 0 0 0 0 0 0 0 19 0 0 0 0 0 0 0 0 0 4 0 12 0 0 0 1 0 0
3 0 17 0 2 0 13 0 0 0 0 0 9 0 0 0 19 0 0 0 0 9 6 15 0 0 14 0 0 0 0 0 0 19 0 10 9 0 0 0 0 0 0 0 0 0 0 12 0 0
0 0 0 0 11 3 0 0 15 0 0 0 3 15 0 3 0 0 0 0 0 0 0 3 16 11 17 0 0 0 0 0 0 14 0 1 9 11 15 0 0 0 0 12 0 0 0 19 2 0
17 0 0 0 0 5 0 12 19 0 0 16 0 0 0 0 0 0 0 0 0 0 19 0 19 3 0 0 0 0 11 0 3 17 0 0 1 7 0 0 0 0 0 0 1 12 19 0 0 0
9 0 2 2 0 0 0 0 9 13 0 0 0 0 13 0 0 18 16 0 0 0 4 0 14 0 0 0 0 0 0 0 0 0 8 1 0 8 0 0 0 0 7 0 0 0 2 0 0 0
0 0 0 0 0 2 0 1 12 0 0 0 0 0 14 0 0 0 0 0 0 0 0 0 0 0 0 0 0 0 0 0 0 0 0 0 10 0 0 0 0 0 0 1 0 0 0 0 0 0
