50
50
0 9 0 0 0 0 15 0 0 0 19 0 0 5 0 9 17 0 0 0 0 13 9 0 2 0 0 0 0 0 0 0 0 2 19 0 0 6 17 2 11 0 0 0 0 4 0 0 0 0
9 0 5 0 0 0 0 14 0 0 0 0 14 3 0 2 0 0 0 0 0 0 7 12 0 0 0 3 0 0 12 0 0 5 0 0 0 0 0 0 0 0 0 0 19 13 0 10 0 0
0 5 0 0 6 1 11 0 0 0 18 10 0 2 0 0 0 0 0 0 0 14 0 0 0 0 0 18 0 0 13 10 0 0 0 0 0 0 1 0 0 0 0 0 7 0 15 0 0 15
0 0 0 0 6 0 0 0 0 1 0 0 0 10 9 7 0 13 0 6 0 0 0 0 0 0 2 7 0 8 0 0 0 0 0 1 0 12 0 0 0 0 0 11 16 10 6 0 14 0
0 0 6 6 0 13 14 18 15 0 0 0 10 0 0 0 0 0 0 13 0 0 0 0 0 0 0 1 0 0 0 0 0 0 0 0 0 11 0 0 0 0 4 11 17 15 0 0 10 0
0 0 1 0 13 0 1 4 0 0 10 11 14 0 0 2 4 0 0 0 0 12 0 0 0 0 0 0 0 1 0 0 0 0 8 0 0 0 0 1 0 1 7 0 0 0 17 0 0 0
15 0 11 0 14 1 0 0 18 0 0 0 0 0 0 0 0 0 0 9 18 0 10 18 0 1 5 15 0 0 0 0 0 0 0 0 0 0 9 14 0 0 0 4 0 0 11 0 0 0
0 14 0 0 18 4 0 0 2 0 10 0 0 0 0 0 0 0 7 0 0 14 16 13 12 6 0 0 0 11 0 0 12 0 0 19 0 0 0 0 18 0 19 0 2 15 0 0 0 0
0 0 0 0 15 0 18 2 0 15 0 0 0 0 0 0 0 9 12 0 0 0 0 0 16 0 6 0 0 0 0 0 0 0 4 0 5 0 2 11 0 9 0 3 0 0 0 0 0 0
0 0 0 1 0 0 0 0 15 0 0 0 3 18 0 2 0 0 0 0 0 0 0 0 7 0 0 0 0 12 0 0 0 0 15 2 10 0 0 1 0 0 0 0 0 0 0 0 13 0
19 0 18 0 0 10 0 10 0 0 0 0 0 4 0 12 0 1 0 0 0 18 0 0 0 0 0 18 12 0 19 17 3 0 0 0 0 0 19 0 0 0 0 0 0 0 0 0 0 14
0 0 10 0 0 11 0 0 0 0 0 0 0 0 8 0 0 0 0 18 0 0 4 0 0 0 14 0 4 4 0 0 0 17 19 0 0 16 0 0 0 0 11 0 0 3 0 0 0 0
0 14 0 0 10 14 0 0 0 3 0 0 0 12 3 0 0 0 10 0 11 0 16 0 8 12 0 0 12 0 0 0 0 0 14 0 0 0 0 5 0 0 0 10 0 0 0 0 0 0
5 3 2 10 0 0 0 0 0 18 4 0 12 0 0 6 18 15 0 14 14 0 17 0 14 0 17 0 0 0 0 0 0 6 7 0 19 0 0 0 0 0 0 2 0 10 0 0 0 0
0 0 0 9 0 0 0 0 0 0 0 8 3 0 0 0 0 0 0 0 0 0 0 12 18 0 0 0 5 11 19 0 0 12 0 0 0 0 0 0 5 0 19 0 0 14 7 15 0 0
9 2 0 7 0 2 0 0 0 2 12 0 0 6 0 0 0 0 0 10 0 0 9 0 3 0 0 0 0 0 8 7 0 0 0 17 0 4 0 5 8 14 0 0 0 6 0 0 0 0
17 0 0 0 0 4 0 0 0 0 0 0 0 18 0 0 0 0 12 0 0 15 0 1 0 7 0 0 11 0 0 0 19 0 0 0 11 0 0 0 15 0 10 0 0 0 6 0 7 0
0 0 0 13 0 0 0 0 9 0 1 0 0 15 0 0 0 0 0 0 0 0 0 0 0 0 0 14 4 0 0 10 0 0 0 0 19 0 0 0 9 0 0 0 0 0 3 17 14 0
0 0 0 0 0 0 0 7 12 0 0 0 10 0 0 0 12 0 0 0 0 0 0 7 13 0 0 0 0 0 0 0 2 0 0 5 0 0 0 17 0 0 0 0 0 0 0 5 0 0
0 0 0 6 13 0 9 0 0 0 0 18 0 14 0 10 0 0 0 0 0 0 17 0 0 2 0 0 0 0 0 0 0 0 2 0 16 0 0 0 19 0 0 0 0 17 0 0 7 14
0 0 0 0 0 0 18 0 0 0 0 0 11 14 0 0 0 0 0 0 0 3 13 0 18 0 0 0 12 0 0 0 0 0 0 0 0 0 0 6 0 0 0 0 0 0 0 0 0 8
13 0 14 0 0 12 0 14 0 0 18 0 0 0 0 0 15 0 0 0 3 0 0 0 5 0 0 0 0 0 0 0 0 0 0 1 0 0 0 0 0 0 0 0 10 0 13 0 0 0
9 7 0 0 0 0 10 16 0 0 0 4 16 17 0 9 0 0 0 17 13 0 0 0 0 0 0 0 0 10 3 3 0 0 0 0 0 0 0 0 8 7 1 1 0 2 0 0 0 0
0 12 0 0 0 0 18 13 0 0 0 0 0 0 12 0 1 0 7 0 0 0 0 0 0 0 9 0 0 16 0 0 0 0 9 10 11 0 0 0 0 0 0 0 0 0 0 18 0 0
2 0 0 0 0 0 0 12 16 7 0 0 8 14 18 3 0 0 13 0 18 5 0 0 0 0 0 0 14 17 0 13 0 14 0 0 15 0 0 11 4 0 1 0 10 9 0 0 0 0
0 0 0 0 0 0 1 6 0 0 0 0 12 0 0 0 7 0 0 2 0 0 0 0 0 0 0 0 8 3 0 3 0 0 0 0 0 12 0 15 9 0 11 0 0 0 0 0 0 13
0 0 0 2 0 0 5 0 6 0 0 14 0 17 0 0 0 0 0 0 0 0 0 9 0 0 0 18 0 10 0 11 6 0 0 10 0 0 0 0 0 0 0 2 0 0 0 0 0 0
0 3 18 7 1 0 15 0 0 0 18 0 0 0 0 0 0 14 0 0 0 0 0 0 0 0 18 0 0 0 10 19 0 0 0 0 0 0 0 0 0 0 0 7 0 0 0 14 0 4
0 0 0 0 0 0 0 0 0 0 12 4 12 0 5 0 11 4 0 0 12 0 0 0 14 8 0 0 0 0 2 18 0 0 19 11 0 0 0 0 11 0 13 0 13 0 0 0 0 12
0 0 0 8 0 1 0 11 0 12 0 4 0 0 11 0 0 0 0 0 0 0 10 16 17 3 10 0 0 0 6 0 0 6 6 10 11 7 0 0 0 0 0 0 0 3 0 0 8 15
0 12 13 0 0 0 0 0 0 0 19 0 0 0 19 8 0 0 0 0 0 0 3 0 0 0 0 10 2 6 0 0 19 0 0 0 0 9 8 0 1 0 0 0 0 0 0 0 0 0
0 0 10 0 0 0 0 0 0 0 17 0 0 0 0 7 0 10 0 0 0 0 3 0 13 3 11 19 18 0 0 0 0 17 0 0 12 12 0 0 0 0 0 0 0 0 0 0 0 0
0 0 0 0 0 0 0 12 0 0 3 0 0 0 0 0 19 0 2 0 0 0 0 0 0 0 6 0 0 0 19 0 0 18 0 5 0 16 0 0 0 7 0 0 7 0 0 0 3 0
2 5 0 0 0 0 0 0 0 0 0 17 0 6 12 0 0 0 0 0 0 0 0 0 14 0 0 0 0 6 0 17 18 0 0 0 15 14 0 0 0 8 0 0 15 16 0 9 0 0
19 0 0 0 0 8 0 0 4 15 0 19 14 7 0 0 0 0 0 2 0 0 0 9 0 0 0 0 19 6 0 0 0 0 0 0 5 2 0 0 0 0 13 0 0 0 0 0 0 0
0 0 0 1 0 0 0 19 0 2 0 0 0 0 0 17 0 0 5 0 0 1 0 10 0 0 10 0 11 10 0 0 5 0 0 0 0 0 0 12 0 0 0 0 0 0 0 0 0 0
0 0 0 0 0 0 0 0 5 10 0 0 0 19 0 0 11 19 0 16 0 0 0 11 15 0 0 0 0 11 0 12 0 15 5 0 0 0 0 0 0 0 0 0 0 0 0 0 0 0
6 0 0 12 11 0 0 0 0 0 0 16 0 0 0 4 0 0 0 0 0 0 0 0 0 12 0 0 0 7 9 12 16 14 2 0 0 0 16 0 4 15 0 8 0 0 0 0 0 5
17 0 1 0 0 0 9 0 2 0 19 0 0 0 0 0 0 0 0 0 0 0 0 0 0 0 0 0 0 0 8 0 0 0 0 0 0 16 0 0 0 13 16 0 0 0 0 0 2 9
2 0 0 0 0 1 14 0 11 1 0 0 5 0 0 5 0 0 17 0 6 0 0 0 11 15 0 0 0 0 0 0 0 0 0 12 0 0 0 0 13 0 14 10 2 1 9 0 15 0
11 0 0 0 0 0 0 18 0 0 0 0 0 0 5 8 15 9 0 19 0 0 8 0 4 9 0 0 11 0 1 0 0 0 0 0 0 4 0 13 0 16 0 0 0 0 0 0 0 0
0 0 0 0 0 1 0 0 9 0 0 0 0 0 0 14 0 0 0 0 0 0 7 0 0 0 0 0 0 0 0 0 7 8 0 0 0 15 13 0 16 0 0 0 0 0 17 0 0 0
0 0 0 0 4 7 0 19 0 0 0 11 0 0 19 0 10 0 0 0 0 0 1 0 1 11 0 0 13 0 0 0 0 0 13 0 0 0 16 14 0 0 0 0 0 11 6 0 19 11
0 0 0 11 11 0 4 0 3 0 0 0 10 2 0 0 0 0 0 0 0 0 1 0 0 0 2 7 0 0 0 0 0 0 0 0 0 8 0 10 0 0 0 0 0 0 0 0 0 0
0 19 7 16 17 0 0 2 0 0 0 0 0 0 0 0 0 0 0 0 0 10 0 0 10 0 0 0 13 0 0 0 7 15 0 0 0 0 0 2 0 0 0 0 0 0 5 0 0 0
4 13 0 10 15 0 0 15 0 0 0 3 0 10 14 6 0 0 0 17 0 0 2 0 9 0 0 0 0 3 0 0 0 16 0 0 0 0 0 1 0 0 11 0 0 0 0 0 0 7
0 0 15 6 0 17 11 0 0 0 0 0 0 0 7 0 6 3 0 0 0 13 0 0 0 0 0 0 0 0 0 0 0 0 0 0 0 0 0 9 0 17 6 0 5 0 0 0 17 0
0 10 0 0 0 0 0 0 0 0 0 0 0 0 15 0 0 17 5 0 0 0 0 18 0 0 0 14 0 0 0 0 0 9 0 0 0 0 0 0 0 0 0 0 0 0 0 0 0 17
0 0 0 14 10 0 0 0 0 13 0 0 0 0 0 0 7 14 0 7 0 0 0 0 0 0 0 0 0 8 0 0 3 0 0 0 0 0 2 15 0 0 19 0 0 0 17 0 0 0
0 0 15 0 0 0 0 0 0 0 14 0 0 0 0 0 0 0 0 14 8 0 0 0 0 13 0 4 12 15 0 0 0 0 0 0 0 5 9 0 0 0 11 0 0 7 0 17 0 0
