75
50
0 8 2 15 1 11 15 1 1 12 13 15 1 17 6 7 13 9 0 14 10 13 11 12 18 3 5 6 7 11 9 15 19 18 10 9 15 1 7 16 8 8 13 18 10 14 12 9 19 13
8 0 18 19 11 15 15 10 10 1 9 13 6 3 15 10 8 3 18 18 1 2 5 12 13 8 9 9 2 0 6 17 14 3 17 1 18 7 8 16 4 4 5 18 13 12 19 2 2 11
2 18 0 0 10 19 17 1 7 11 7 14 19 9 17 5 3 11 0 7 9 14 7 19 3 13 0 14 1 17 11 11 3 10 0 11 8 18 2 2 0 17 15 2 3 12 2 1 6 1
15 19 0 0 15 10 12 0 1 5 4 8 8 7 17 7 11 0 4 11 0 15 0 4 15 1 17 2 12 12 3 14 2 18 19 0 0 3 7 1 13 19 16 8 7 17 2 13 16 13
1 11 10 15 0 12 5 18 14 5 17 11 2 1 10 7 6 18 3 1 13 18 15 13 5 14 15 16 17 12 10 13 12 8 18 15 8 17 10 14 1 16 5 5 19 9 15 18 4 5
11 15 19 10 12 0 5 15 3 10 18 4 6 13 2 11 3 13 3 15 15 12 17 7 5 11 15 10 8 10 11 11 10 16 7 16 15 6 1 10 3 15 19 11 0 17 12 6 5 10
15 15 17 12 5 5 0 7 15 12 4 2 13 10 2 0 3 6 6 11 14 0 18 8 15 14 12 10 6 17 10 7 3 12 15 12 15 14 10 11 18 16 4 1 9 10 11 7 0 13
1 10 1 0 18 15 7 0 15 9 0 4 19 19 18 12 16 19 0 12 3 19 13 6 5 16 1 9 16 18 10 18 1 13 12 19 17 2 2 17 11 11 3 13 6 1 15 7 4 7
1 10 7 1 14 3 15 15 0 1 10 6 2 7 12 5 4 17 12 19 14 4 15 18 12 10 15 7 2 9 3 9 18 9 10 11 12 16 4 5 11 13 4 12 17 11 3 6 19 2
12 1 11 5 5 10 12 9 1 0 15 5 5 17 11 0 17 2 14 18 19 8 3 17 11 13 4 3 13 18 12 1 6 18 16 12 1 12 5 10 7 0 4 8 16 11 7 17 6 14
13 9 7 4 17 18 4 0 10 15 0 6 2 4 9 18 19 9 11 4 2 18 19 2 0 9 18 1 14 11 1 19 4 12 17 17 11 1 15 7 14 2 8 0 4 7 11 6 5 0
15 13 14 8 11 4 2 4 6 5 6 0 6 3 16 1 14 1 16 9 0 12 2 11 11 3 8 9 6 4 10 1 14 9 10 7 15 11 5 14 5 3 6 18 5 2 18 15 12 11
1 6 19 8 2 6 13 19 2 5 2 6 0 18 0 8 7 18 4 3 12 1 5 13 10 2 15 7 5 7 3 15 10 16 19 17 5 15 17 17 7 1 16 9 14 0 17 2 4 10
17 3 9 7 1 13 10 19 7 17 4 3 18 0 9 13 3 13 3 17 14 18 19 12 13 9 0 11 13 17 2 15 10 9 8 5 3 17 9 17 0 10 8 12 2 16 14 4 15 0
6 15 17 17 10 2 2 18 12 11 9 16 0 9 0 15 0 0 1 18 11 18 16 3 2 1 1 12 1 7 1 6 5 0 10 8 9 6 15 4 14 14 12 13 2 4 15 8 16 16
7 10 5 7 7 11 0 12 5 0 18 1 8 13 15 0 13 5 0 8 7 10 2 11 3 3 0 1 6 16 1 10 9 2 18 5 12 7 2 0 2 18 3 17 10 17 7 10 16 17
13 8 3 11 6 3 3 16 4 17 19 14 7 3 0 13 0 10 16 4 3 12 16 0 14 2 12 19 8 13 9 15 19 8 0 11 6 11 11 10 0 14 12 5 18 3 1 14 5 5
9 3 11 0 18 13 6 19 17 2 9 1 18 13 0 5 10 0 0 18 7 18 0 15 16 19 1 18 19 8 18 19 14 11 4 11 13 19 18 14 7 15 6 11 6 0 2 1 3 15
0 18 0 4 3 3 6 0 12 14 11 16 4 3 1 0 16 0 0 1 15 19 5 18 1 0 14 11 2 12 15 16 16 15 11 10 14 5 2 10 0 15 6 17 18 8 11 9 17 13
14 18 7 11 1 15 11 12 19 18 4 9 3 17 18 8 4 18 1 0 17 0 13 4 10 18 8 3 15 19 12 0 10 13 2 9 15 6 9 19 10 17 3 0 2 13 2 5 2 18
10 1 9 0 13 15 14 3 14 19 2 0 12 14 11 7 3 7 15 17 0 12 3 13 16 1 19 14 8 1 11 16 12 16 6 9 14 18 13 10 19 13 13 4 4 13 5 8 9 17
13 2 14 15 18 12 0 19 4 8 18 12 1 18 18 10 12 18 19 0 12 0 8 17 19 2 19 18 7 11 15 18 12 10 6 4 0 16 9 9 17 13 4 1 5 5 8 18 12 2
11 5 7 0 15 17 18 13 15 3 19 2 5 19 16 2 16 0 5 13 3 8 0 16 5 0 12 12 9 2 3 3 1 5 8 15 1 1 8 9 8 11 5 14 6 0 9 10 8 15
12 12 19 4 13 7 8 6 18 17 2 11 13 12 3 11 0 15 18 4 13 17 16 0 14 1 18 1 11 15 2 11 14 11 18 4 2 15 4 3 8 4 16 15 13 4 0 4 15 13
18 13 3 15 5 5 15 5 12 11 0 11 10 13 2 3 14 16 1 10 16 19 5 14 0 7 7 18 15 3 11 16 0 7 15 0 13 4 8 2 1 11 17 18 2 13 9 5 4 4
3 8 13 1 14 11 14 16 10 13 9 3 2 9 1 3 2 19 0 18 1 2 0 1 7 0 8 0 11 1 14 12 12 19 19 15 6 9 9 9 5 15 11 18 1 8 11 17 13 17
5 9 0 17 15 15 12 1 15 4 18 8 15 0 1 0 12 1 14 8 19 19 12 18 7 8 0 6 15 16 3 8 2 2 10 0 12 7 19 5 6 5 5 16 13 18 5 9 15 1
6 9 14 2 16 10 10 9 7 3 1 9 7 11 12 1 19 18 11 3 14 18 12 1 18 0 6 0 14 8 4 2 17 11 9 11 6 4 7 14 13 6 2 13 11 19 19 17 14 14
7 2 1 12 17 8 6 16 2 13 14 6 5 13 1 6 8 19 2 15 8 7 9 11 15 11 15 14 0 12 8 9 5 19 5 16 19 11 5 7 9 13 3 6 13 1 4 4 1 3
11 0 17 12 12 10 17 18 9 18 11 4 7 17 7 16 13 8 12 19 1 11 2 15 3 1 16 8 12 0 10 14 2 14 14 9 6 5 16 11 18 7 9 16 13 6 5 12 18 2
9 6 11 3 10 11 10 10 3 12 1 10 3 2 1 1 9 18 15 12 11 15 3 2 11 14 3 4 8 10 0 1 5 10 2 4 16 19 12 6 2 15 17 18 9 8 1 3 0 4
15 17 11 14 13 11 7 18 9 1 19 1 15 15 6 10 15 19 16 0 16 18 3 11 16 12 8 2 9 14 1 0 18 18 14 0 16 1 8 11 2 17 13 8 8 17 0 14 11 14
19 14 3 2 12 10 3 1 18 6 4 14 10 10 5 9 19 14 16 10 12 12 1 14 0 12 2 17 5 2 5 18 0 12 18 7 14 9 15 7 0 6 7 15 6 18 3 2 19 16
18 3 10 18 8 16 12 13 9 18 12 9 16 9 0 2 8 11 15 13 16 10 5 11 7 19 2 11 19 14 10 18 12 0 15 14 2 1 15 2 6 7 3 16 12 14 1 12 15 4
10 17 0 19 18 7 15 12 10 16 17 10 19 8 10 18 0 4 11 2 6 6 8 18 15 19 10 9 5 14 2 14 18 15 0 7 1 11 12 6 17 15 5 18 18 19 10 16 7 0
9 1 11 0 15 16 12 19 11 12 17 7 17 5 8 5 11 11 10 9 9 4 15 4 0 15 0 11 16 9 4 0 7 14 7 0 15 7 4 1 18 16 18 4 14 3 6 8 10 8
15 18 8 0 8 15 15 17 12 1 11 15 5 3 9 12 6 13 14 15 14 0 1 2 13 6 12 6 19 6 16 16 14 2 1 15 0 18 7 1 8 13 14 12 10 17 0 7 11 0
1 7 18 3 17 6 14 2 16 12 1 11 15 17 6 7 11 19 5 6 18 16 1 15 4 9 7 4 11 5 19 1 9 1 11 7 18 0 10 3 15 7 8 9 16 15 9 3 11 1
7 8 2 7 10 1 10 2 4 5 15 5 17 9 15 2 11 18 2 9 13 9 8 4 8 9 19 7 5 16 12 8 15 15 12 4 7 10 0 9 16 0 2 10 2 10 19 8 2 8
16 16 2 1 14 10 11 17 5 10 7 14 17 17 4 0 10 14 10 19 10 9 9 3 2 9 5 14 7 11 6 11 7 2 6 1 1 3 9 0 5 11 2 11 14 19 19 10 10 16
8 4 0 13 1 3 18 11 11 7 14 5 7 0 14 2 0 7 0 10 19 17 8 8 1 5 6 13 9 18 2 2 0 6 17 18 8 15 16 5 0 6 14 0 12 15 18 8 9 18
8 4 17 19 16 15 16 11 13 0 2 3 1 10 14 18 14 15 15 17 13 13 11 4 11 15 5 6 13 7 15 17 6 7 15 16 13 7 0 11 6 0 3 7 18 10 2 17 7 13
13 5 15 16 5 19 4 3 4 4 8 6 16 8 12 3 12 6 6 3 13 4 5 16 17 11 5 2 3 9 17 13 7 3 5 18 14 8 2 2 14 3 0 16 1 0 1 16 11 5
18 18 2 8 5 11 1 13 12 8 0 18 9 12 13 17 5 11 17 0 4 1 14 15 18 18 16 13 6 16 18 8 15 16 18 4 12 9 10 11 0 7 16 0 18 6 3 10 13 0
10 13 3 7 19 0 9 6 17 16 4 5 14 2 2 10 18 6 18 2 4 5 6 13 2 1 13 11 13 13 9 8 6 12 18 14 10 16 2 14 12 18 1 18 0 17 0 5 3 5
14 12 12 17 9 17 10 1 11 11 7 2 0 16 4 17 3 0 8 13 13 5 0 4 13 8 18 19 1 6 8 17 18 14 19 3 17 15 10 19 15 10 0 6 17 0 3 5 19 16
12 19 2 2 15 12 11 15 3 7 11 18 17 14 15 7 1 2 11 2 5 8 9 0 9 11 5 19 4 5 1 0 3 1 10 6 0 9 19 19 18 2 1 3 0 3 0 4 9 1
9 2 1 13 18 6 7 7 6 17 6 15 2 4 8 10 14 1 9 5 8 18 10 4 5 17 9 17 4 12 3 14 2 12 16 8 7 3 8 10 8 17 16 10 5 5 4 0 11 17
19 2 6 16 4 5 0 4 19 6 5 12 4 15 16 16 5 3 17 2 9 12 8 15 4 13 15 14 1 18 0 11 19 15 7 10 11 11 2 10 9 7 11 13 3 19 9 11 0 4
13 11 1 13 5 10 13 7 2 14 0 11 10 0 16 17 5 15 13 18 17 2 15 13 4 17 1 14 3 2 4 14 16 4 0 8 0 1 8 16 18 13 5 0 5 16 1 17 4 0
