50
50
0 5 17 4 14 1 7 12 10 4 18 9 13 17 9 14 18 3 4 18 7 2 6 1 2 19 7 12 14 19 19 15 3 14 11 12 15 9 3 5 7 19 4 17 15 14 16 10 8 3
5 0 13 13 5 5 0 1 14 4 16 9 19 3 6 4 15 5 3 8 17 3 9 4 12 15 17 9 17 12 16 16 1 2 13 5 17 8 2 14 6 14 2 12 13 15 5 10 14 6
17 13 0 6 1 2 8 13 18 4 9 13 4 15 19 3 16 6 10 15 7 15 16 9 14 17 5 13 4 18 14 18 11 19 11 1 16 9 18 14 18 8 16 2 9 15 10 15 4 12
4 13 6 0 4 12 19 2 6 1 5 11 9 2 16 9 4 16 10 9 9 11 10 2 19 18 14 0 19 6 0 0 8 19 5 17 14 12 14 9 6 19 11 5 11 10 10 9 3 17
14 5 1 4 0 13 15 2 2 2 4 17 12 17 2 5 8 19 0 11 6 3 3 13 2 6 11 7 13 6 6 1 14 16 7 17 6 7 16 17 5 6 4 13 17 13 3 10 4 16
1 5 2 12 13 0 4 9 12 17 1 19 12 6 0 4 18 15 14 7 8 4 15 10 7 18 12 10 9 19 18 5 17 7 7 4 14 17 16 12 11 13 5 15 13 11 15 11 14 12
7 0 8 19 15 4 0 10 13 4 11 16 3 8 11 14 11 3 8 9 17 7 7 7 14 1 17 16 0 7 12 6 11 14 16 1 9 13 14 7 6 9 6 4 5 5 0 2 4 8
12 1 13 2 2 9 10 0 16 18 9 4 0 5 15 7 7 10 3 0 4 11 7 16 6 12 19 6 7 8 18 17 3 16 2 14 11 12 9 4 15 18 8 5 1 2 5 16 15 7
10 14 18 6 2 12 13 16 0 19 5 16 18 9 6 3 12 10 0 15 9 1 5 2 3 6 15 13 7 10 6 10 2 9 0 1 8 0 1 8 6 14 14 9 13 13 16 12 10 4
4 4 4 1 2 17 4 18 19 0 3 6 11 10 0 3 17 11 10 3 13 16 15 13 5 7 9 19 4 14 5 4 16 8 6 0 14 0 6 1 14 9 9 19 17 9 2 15 5 14
18 16 9 5 4 1 11 9 5 3 0 15 19 11 10 18 19 6 14 0 18 14 16 6 5 2 8 6 11 8 6 8 16 18 12 8 18 19 14 11 9 16 11 14 17 17 10 11 7 3
9 9 13 11 17 19 16 4 16 6 15 0 10 19 19 17 5 17 4 1 0 8 14 10 12 14 13 9 6 3 17 2 15 3 16 6 1 16 4 12 12 12 16 11 8 8 15 19 16 9
13 19 4 9 12 12 3 0 18 11 19 10 0 9 17 0 2 18 8 16 6 18 1 2 4 3 10 18 7 19 16 10 1 13 8 12 0 18 5 15 2 15 19 13 15 19 6 17 7 15
17 3 15 2 17 6 8 5 9 10 11 19 9 0 6 18 2 15 4 17 2 16 11 12 15 18 16 10 9 4 3 19 13 3 15 16 6 15 19 1 16 7 5 10 15 4 8 10 5 5
9 6 19 16 2 0 11 15 6 0 10 19 17 6 0 18 9 17 6 11 9 5 17 10 2 7 16 8 6 9 12 5 15 2 10 2 11 1 14 18 6 5 8 13 6 4 13 12 3 8
14 4 3 9 5 4 14 7 3 3 18 17 0 18 18 0 19 18 12 6 9 6 1 11 12 9 2 12 14 9 4 4 7 14 8 15 6 14 12 7 15 5 19 12 12 1 10 1 4 2
18 15 16 4 8 18 11 7 12 17 19 5 2 2 9 19 0 18 16 16 15 4 15 1 10 7 5 6 0 2 6 1 14 11 18 12 14 1 4 6 0 7 12 1 9 8 2 12 10 6
3 5 6 16 19 15 3 10 10 11 6 17 18 15 17 18 18 0 0 2 3 4 0 15 10 0 4 18 15 3 14 18 6 0 5 13 3 10 15 18 7 10 14 10 18 16 14 14 8 3
4 3 10 10 0 14 8 3 0 10 14 4 8 4 6 12 16 0 0 2 5 3 16 15 10 16 7 9 9 10 3 14 13 16 10 19 17 12 8 18 13 18 9 17 4 18 1 18 0 11
18 8 15 9 11 7 9 0 15 3 0 1 16 17 11 6 16 2 2 0 12 19 4 14 18 10 3 2 10 4 8 10 2 7 18 10 2 13 12 5 4 17 5 11 11 11 7 5 13 16
7 17 7 9 6 8 17 4 9 13 18 0 6 2 9 9 15 3 5 12 0 14 6 0 13 15 10 6 12 17 3 8 18 3 18 11 4 3 1 18 5 18 19 17 19 1 14 10 0 17
2 3 15 11 3 4 7 11 1 16 14 8 18 16 5 6 4 4 3 19 14 0 2 8 14 1 8 0 11 18 10 16 3 3 2 5 14 5 15 17 0 17 18 2 9 2 13 1 5 12
6 9 16 10 3 15 7 7 5 15 16 14 1 11 17 1 15 0 16 4 6 2 0 2 9 17 9 15 16 10 13 15 18 1 2 8 16 12 9 19 0 15 0 9 15 10 19 2 15 1
1 4 9 2 13 10 7 16 2 13 6 10 2 12 10 11 1 15 15 14 0 8 2 0 0 19 12 19 6 12 4 9 1 17 6 7 16 1 9 19 4 14 18 18 16 6 16 18 0 10
2 12 14 19 2 7 14 6 3 5 5 12 4 15 2 12 10 10 10 18 13 14 9 0 0 15 2 13 19 19 10 11 13 8 5 5 5 15 2 13 3 8 18 4 4 16 9 18 14 19
19 15 17 18 6 18 1 12 6 7 2 14 3 18 7 9 7 0 16 10 15 1 17 19 15 0 9 1 15 16 4 17 4 1 13 9 14 4 13 3 14 15 10 15 14 6 10 19 13 4
7 17 5 14 11 12 17 19 15 9 8 13 10 16 16 2 5 4 7 3 10 8 9 12 2 9 0 3 9 17 11 2 19 4 5 16 7 0 16 15 16 1 5 0 0 13 7 9 17 12
12 9 13 0 7 10 16 6 13 19 6 9 18 10 8 12 6 18 9 2 6 0 15 19 13 1 3 0 3 17 16 7 15 14 7 7 19 17 14 12 6 11 8 19 15 10 0 2 9 6
14 17 4 19 13 9 0 7 7 4 11 6 7 9 6 14 0 15 9 10 12 11 16 6 19 15 9 3 0 3 2 13 19 16 19 14 12 11 10 14 3 6 11 15 4 8 1 17 11 18
19 12 18 6 6 19 7 8 10 14 8 3 19 4 9 9 2 3 10 4 17 18 10 12 19 16 17 17 3 0 4 5 10 6 6 12 13 5 1 14 19 12 0 12 16 13 4 4 0 15
19 16 14 0 6 18 12 18 6 5 6 17 16 3 12 4 6 14 3 8 3 10 13 4 10 4 11 16 2 4 0 8 11 0 14 3 17 10 5 9 8 9 4 3 1 6 3 1 9 10
15 16 18 0 1 5 6 17 10 4 8 2 10 19 5 4 1 18 14 10 8 16 15 9 11 17 2 7 13 5 8 0 4 11 7 14 4 17 3 8 4 9 14 5 7 15 15 16 0 1
3 1 11 8 14 17 11 3 2 16 16 15 1 13 15 7 14 6 13 2 18 3 18 1 13 4 19 15 19 10 11 4 0 8 19 2 9 15 13 17 15 9 5 14 8 2 19 7 2 3
14 2 19 19 16 7 14 16 9 8 18 3 13 3 2 14 11 0 16 7 3 3 1 17 8 1 4 14 16 6 0 11 8 0 5 13 7 13 3 18 8 5 8 8 11 11 2 7 5 0
11 13 11 5 7 7 16 2 0 6 12 16 8 15 10 8 18 5 10 18 18 2 2 6 5 13 5 7 19 6 14 7 19 5 0 6 4 18 10 3 10 8 4 12 6 12 5 4 13 17
12 5 1 17 17 4 1 14 1 0 8 6 12 16 2 15 12 13 19 10 11 5 8 7 5 9 16 7 14 12 3 14 2 13 6 0 17 14 17 7 6 5 17 3 10 12 14 7 0 3
15 17 16 14 6 14 9 11 8 14 18 1 0 6 11 6 14 3 17 2 4 14 16 16 5 14 7 19 12 13 17 4 9 7 4 17 0 14 19 4 14 15 3 11 2 2 7 7 19 18
9 8 9 12 7 17 13 12 0 0 19 16 18 15 1 14 1 10 12 13 3 5 12 1 15 4 0 17 11 5 10 17 15 13 18 14 14 0 13 1 3 1 0 2 3 9 8 15 9 4
3 2 18 14 16 16 14 9 1 6 14 4 5 19 14 12 4 15 8 12 1 15 9 9 2 13 16 14 10 1 5 3 13 3 10 17 19 13 0 0 19 2 12 16 16 3 11 2 10 11
5 14 14 9 17 12 7 4 8 1 11 12 15 1 18 7 6 18 18 5 18 17 19 19 13 3 15 12 14 14 9 8 17 18 3 7 4 1 0 0 1 8 15 11 18 14 8 11 3 4
7 6 18 6 5 11 6 15 6 14 9 12 2 16 6 15 0 7 13 4 5 0 0 4 3 14 16 6 3 19 8 4 15 8 10 6 14 3 19 1 0 11 17 8 14 7 14 6 19 18
19 14 8 19 6 13 9 18 14 9 16 12 15 7 5 5 7 10 18 17 18 17 15 14 8 15 1 11 6 12 9 9 9 5 8 5 15 1 2 8 11 0 13 16 10 18 13 3 14 10
4 2 16 11 4 5 6 8 14 9 11 16 19 5 8 19 12 14 9 5 19 18 0 18 18 10 5 8 11 0 4 14 5 8 4 17 3 0 12 15 17 13 0 1 8 13 7 13 14 15
17 12 2 5 13 15 4 5 9 19 14 11 13 10 13 12 1 10 17 11 17 2 9 18 4 15 0 19 15 12 3 5 14 8 12 3 11 2 16 11 8 16 1 0 6 17 13 15 19 11
15 13 9 11 17 13 5 1 13 17 17 8 15 15 6 12 9 18 4 11 19 9 15 16 4 14 0 15 4 16 1 7 8 11 6 10 2 3 16 18 14 10 8 6 0 16 0 9 16 4
14 15 15 10 13 11 5 2 13 9 17 8 19 4 4 1 8 16 18 11 1 2 10 6 16 6 13 10 8 13 6 15 2 11 12 12 2 9 3 14 7 18 13 17 16 0 3 6 4 5
16 5 10 10 3 15 0 5 16 2 10 15 6 8 13 10 2 14 1 7 14 13 19 16 9 10 7 0 1 4 3 15 19 2 5 14 7 8 11 8 14 13 7 13 0 3 0 1 16 12
10 10 15 9 10 11 2 16 12 15 11 19 17 10 12 1 12 14 18 5 10 1 2 18 18 19 9 2 17 4 1 16 7 7 4 7 7 15 2 11 6 3 13 15 9 6 1 0 2 17
8 14 4 3 4 14 4 15 10 5 7 16 7 5 3 4 10 8 0 13 0 5 15 0 14 13 17 9 11 0 9 0 2 5 13 0 19 9 10 3 19 14 14 19 16 4 16 2 0 10
3 6 12 17 16 12 8 7 4 14 3 9 15 5 8 2 6 3 11 16 17 12 1 10 19 4 12 6 18 15 10 1 3 0 17 3 18 4 11 4 18 10 15 11 4 5 12 17 10 0
