75
50
0 0 0 4 0 6 2 11 0 0 17 13 0 0 16 0 9 0 0 19 17 0 8 0 0 0 0 0 7 5 11 0 0 0 0 0 0 0 10 0 0 1 0 0 0 7 3 13 15 17
0 0 0 0 0 0 14 12 18 0 16 0 0 14 0 0 0 0 0 0 1 0 18 0 0 0 0 19 4 0 0 0 0 0 15 0 0 0 16 19 13 6 0 12 0 8 0 14 0 0
0 0 0 2 0 12 0 0 0 0 0 14 0 0 0 0 0 3 3 0 0 0 0 0 0 4 0 0 0 17 0 0 0 0 12 0 15 17 0 0 0 3 0 0 17 0 0 12 7 0
4 0 2 0 0 0 0 2 0 8 0 0 8 14 0 0 0 19 15 0 0 0 12 0 0 0 0 0 2 13 0 0 0 0 10 0 7 0 0 0 0 0 0 10 0 0 10 0 12 0
0 0 0 0 0 14 0 3 0 19 0 0 1 0 4 0 0 0 0 0 19 0 0 0 0 0 0 2 0 16 0 0 17 0 0 0 14 0 0 0 0 0 0 0 0 7 1 0 0 9
6 0 12 0 14 0 0 0 0 0 18 0 0 0 0 17 10 2 9 0 1 0 0 0 0 19 0 10 0 0 0 0 0 17 0 0 0 0 0 0 0 0 0 0 0 4 4 0 16 0
2 14 0 0 0 0 0 0 0 0 0 0 10 0 0 0 0 0 6 0 0 8 0 0 0 0 0 0 0 14 0 0 0 0 0 2 0 0 0 0 0 1 11 19 0 0 0 0 0 0
11 12 0 2 3 0 0 0 0 18 0 0 0 0 0 9 0 0 0 18 0 0 0 1 0 4 0 2 2 0 0 0 0 0 0 0 0 2 0 0 0 0 13 0 6 3 0 0 0 0
0 18 0 0 0 0 0 0 0 0 0 5 0 0 0 0 0 0 0 0 12 0 0 0 0 0 0 0 0 0 7 0 0 0 2 0 0 19 19 0 12 8 8 13 0 0 0 0 0 0
0 0 0 8 19 0 0 18 0 0 9 0 0 4 0 0 8 0 0 0 12 0 0 0 16 0 0 0 0 16 0 0 0 0 0 0 6 0 0 0 0 13 0 0 0 4 0 0 0 0
17 16 0 0 0 18 0 0 0 9 0 1 0 0 0 0 0 2 0 0 0 0 0 0 0 0 0 0 19 0 8 0 0 0 4 0 0 19 0 0 7 12 0 0 0 12 5 0 0 0
13 0 14 0 0 0 0 0 5 0 1 0 0 0 13 0 4 0 0 0 0 3 10 0 4 0 5 7 0 0 0 18 0 0 12 0 0 17 0 12 15 12 0 18 9 8 0 0 17 1
0 0 0 8 1 0 10 0 0 0 0 0 0 0 0 16 0 0 0 1 0 0 10 0 0 6 0 12 0 0 0 0 0 3 0 7 0 18 0 13 0 15 0 13 0 0 1 0 1 3
0 14 0 14 0 0 0 0 0 4 0 0 0 0 15 0 0 0 0 0 19 0 3 0 0 0 17 0 0 0 0 11 0 0 10 0 0 0 0 0 0 0 19 8 0 1 10 0 0 0
16 0 0 0 4 0 0 0 0 0 0 13 0 15 0 0 0 0 0 0 0 0 0 0 0 0 0 0 0 0 10 0 0 0 0 0 3 0 0 0 0 0 0 14 0 17 0 0 0 8
0 0 0 0 0 17 0 9 0 0 0 0 16 0 0 0 0 0 0 3 14 0 1 0 0 0 0 0 5 0 0 13 0 15 0 3 0 0 0 2 15 8 0 0 0 0 0 4 0 0
9 0 0 0 0 10 0 0 0 8 0 4 0 0 0 0 0 0 0 0 0 0 0 0 16 0 0 0 0 16 4 0 2 0 5 0 18 7 0 0 0 16 0 17 0 0 0 0 0 0
0 0 3 19 0 2 0 0 0 0 2 0 0 0 0 0 0 0 0 0 0 5 5 0 0 11 0 6 0 0 0 19 1 0 0 0 0 0 0 0 0 17 0 0 0 0 0 0 0 0
0 0 3 15 0 9 6 0 0 0 0 0 0 0 0 0 0 0 0 0 7 0 0 0 0 8 17 0 0 0 0 14 0 0 0 0 0 0 0 15 0 10 0 5 0 0 0 0 13 0
19 0 0 0 0 0 0 18 0 0 0 0 1 0 0 3 0 0 0 0 0 0 4 0 0 10 0 2 0 0 0 0 0 0 0 0 0 0 13 7 10 0 0 0 15 6 0 0 10 0
17 1 0 0 19 1 0 0 12 12 0 0 0 19 0 14 0 0 7 0 0 0 0 19 3 19 0 0 0 0 0 17 0 0 0 0 0 0 0 0 0 0 0 17 0 0 2 0 0 4
0 0 0 0 0 0 8 0 0 0 0 3 0 0 0 0 0 5 0 0 0 0 0 0 0 2 0 9 0 0 0 6 0 5 10 0 3 6 0 0 0 0 0 0 2 4 0 0 0 0
8 18 0 12 0 0 0 0 0 0 0 10 10 3 0 1 0 5 0 4 0 0 0 7 0 9 0 0 0 0 0 0 0 0 14 0 0 0 0 0 0 0 13 0 0 0 0 0 0 0
0 0 0 0 0 0 0 1 0 0 0 0 0 0 0 0 0 0 0 0 19 0 7 0 0 0 0 0 0 3 0 0 0 0 0 0 0 0 0 0 0 0 0 0 0 0 0 13 3 0
0 0 0 0 0 0 0 0 0 16 0 4 0 0 0 0 16 0 0 0 3 0 0 0 0 0 0 0 0 12 0 0 0 9 0 0 6 0 0 9 0 0 0 0 4 0 0 13 0 0
0 0 4 0 0 19 0 4 0 0 0 0 6 0 0 0 0 11 8 10 19 2 9 0 0 0 0 0 0 0 0 0 0 7 0 0 0 3 0 8 0 8 0 0 5 1 10 0 0 0
0 0 0 0 0 0 0 0 0 0 0 5 0 17 0 0 0 0 17 0 0 0 0 0 0 0 0 0 11 0 0 0 0 0 2 14 6 0 0 0 11 0 0 0 0 0 0 2 0 16
0 19 0 0 2 10 0 2 0 0 0 7 12 0 0 0 0 6 0 2 0 9 0 0 0 0 0 0 0 0 0 0 0 0 0 0 4 0 0 0 0 0 0 0 0 2 0 0 0 0
7 4 0 2 0 0 0 2 0 0 19 0 0 0 0 5 0 0 0 0 0 0 0 0 0 0 11 0 0 0 0 0 12 0 5 15 0 0 3 14 0 0 0 0 0 0 0 0 0 8
5 0 17 13 16 0 14 0 0 16 0 0 0 0 0 0 16 0 0 0 0 0 0 3 12 0 0 0 0 0 0 0 0 0 0 2 0 0 0 0 0 0 13 0 0 16 9 15 0 15
11 0 0 0 0 0 0 0 7 0 8 0 0 0 10 0 4 0 0 0 0 0 0 0 0 0 0 0 0 0 0 0 0 0 0 0 19 0 0 0 0 17 0 0 0 0 0 1 19 0
0 0 0 0 0 0 0 0 0 0 0 18 0 11 0 13 0 19 14 0 17 6 0 0 0 0 0 0 0 0 0 0 0 0 10 0 0 3 0 0 0 0 17 0 1 0 0 0 0 0
0 0 0 0 17 0 0 0 0 0 0 0 0 0 0 0 2 1 0 0 0 0 0 0 0 0 0 0 12 0 0 0 0 0 0 0 3 0 0 0 5 0 0 17 0 0 0 0 0 0
0 0 0 0 0 17 0 0 0 0 0 0 3 0 0 15 0 0 0 0 0 5 0 0 9 7 0 0 0 0 0 0 0 0 0 6 0 0 6 5 0 0 0 17 0 0 2 0 7 19
0 15 12 10 0 0 0 0 2 0 4 12 0 10 0 0 5 0 0 0 0 10 14 0 0 0 2 0 5 0 0 10 0 0 0 7 10 11 0 3 0 19 0 19 5 0 0 0 6 13
0 0 0 0 0 0 2 0 0 0 0 0 7 0 0 3 0 0 0 0 0 0 0 0 0 0 14 0 15 2 0 0 0 6 7 0 3 0 0 3 0 0 19 0 0 0 6 4 0 0
0 0 15 7 14 0 0 0 0 6 0 0 0 0 3 0 18 0 0 0 0 3 0 0 6 0 6 4 0 0 19 0 3 0 10 3 0 0 0 0 0 0 0 0 10 0 0 15 17 0
0 0 17 0 0 0 0 2 19 0 19 17 18 0 0 0 7 0 0 0 0 6 0 0 0 3 0 0 0 0 0 3 0 0 11 0 0 0 0 0 19 0 0 0 0 0 8 1 18 0
10 16 0 0 0 0 0 0 19 0 0 0 0 0 0 0 0 0 0 13 0 0 0 0 0 0 0 0 3 0 0 0 0 6 0 0 0 0 0 17 15 0 14 6 0 0 15 3 0 2
0 19 0 0 0 0 0 0 0 0 0 12 13 0 0 2 0 0 15 7 0 0 0 0 9 8 0 0 14 0 0 0 0 5 3 3 0 0 17 0 0 0 0 0 14 0 0 0 0 0
0 13 0 0 0 0 0 0 12 0 7 15 0 0 0 15 0 0 0 10 0 0 0 0 0 0 11 0 0 0 0 0 5 0 0 0 0 19 15 0 0 0 0 0 10 10 0 0 0 0
1 6 3 0 0 0 1 0 8 13 12 12 15 0 0 8 16 17 10 0 0 0 0 0 0 8 0 0 0 0 17 0 0 0 19 0 0 0 0 0 0 0 17 0 7 0 0 18 0 0
0 0 0 0 0 0 11 13 8 0 0 0 0 19 0 0 0 0 0 0 0 0 13 0 0 0 0 0 0 13 0 17 0 0 0 19 0 0 14 0 0 17 0 0 0 15 0 0 0 0
0 12 0 10 0 0 19 0 13 0 0 18 13 8 14 0 17 0 5 0 17 0 0 0 0 0 0 0 0 0 0 0 17 17 19 0 0 0 6 0 0 0 0 0 0 11 0 0 0 0
0 0 17 0 0 0 0 6 0 0 0 9 0 0 0 0 0 0 0 15 0 2 0 0 4 5 0 0 0 0 0 1 0 0 5 0 10 0 0 14 10 7 0 0 0 0 0 0 0 0
7 8 0 0 7 4 0 3 0 4 12 8 0 1 17 0 0 0 0 6 0 4 0 0 0 1 0 2 0 16 0 0 0 0 0 0 0 0 0 0 10 0 15 11 0 0 12 0 0 0
3 0 0 10 1 4 0 0 0 0 5 0 1 10 0 0 0 0 0 0 2 0 0 0 0 10 0 0 0 9 0 0 0 2 0 6 0 8 15 0 0 0 0 0 0 12 0 0 0 0
13 14 12 0 0 0 0 0 0 0 0 0 0 0 0 4 0 0 0 0 0 0 0 13 13 0 2 0 0 15 1 0 0 0 0 4 15 1 3 0 0 18 0 0 0 0 0 0 0 0
15 0 7 12 0 16 0 0 0 0 0 17 1 0 0 0 0 0 13 10 0 0 0 3 0 0 0 0 0 0 19 0 0 7 6 0 17 18 0 0 0 0 0 0 0 0 0 0 0 0
17 0 0 0 9 0 0 0 0 0 0 1 3 0 8 0 0 0 0 0 4 0 0 0 0 0 16 0 8 15 0 0 0 19 13 0 0 0 2 0 0 0 0 0 0 0 0 0 0 0
