50
50
0 0 0 9 0 0 0 0 0 0 0 0 0 0 0 0 0 0 0 0 0 4 2 0 11 0 0 0 10 0 0 0 0 0 5 8 0 0 0 18 0 19 0 0 0 4 4 6 12 12
0 0 0 2 10 0 0 0 0 0 0 0 0 13 8 6 0 0 0 19 15 7 0 14 8 10 12 0 0 0 0 0 0 8 0 0 0 0 8 0 0 18 0 0 10 0 0 13 0 0
0 0 0 0 0 0 12 0 0 0 0 9 0 0 0 0 0 0 0 18 0 0 0 0 10 19 0 9 0 0 0 0 14 0 9 0 0 1 9 0 0 6 0 0 5 0 0 0 0 0
9 2 0 0 17 0 0 18 0 7 0 0 0 0 16 0 0 10 1 0 0 0 10 0 0 6 0 0 0 0 0 2 7 0 19 0 0 13 0 0 0 0 18 8 0 2 0 0 0 0
0 10 0 17 0 0 0 0 0 0 0 0 0 0 11 0 0 3 15 7 16 7 0 0 0 0 6 0 17 0 0 0 0 1 0 0 0 18 0 0 0 0 2 0 0 0 19 6 0 0
0 0 0 0 0 0 0 6 4 12 14 0 0 0 0 0 10 0 0 0 13 0 0 0 0 0 0 0 0 0 0 0 5 9 0 14 15 0 0 0 0 0 17 3 0 0 0 5 3 0
0 0 12 0 0 0 0 0 0 4 13 6 11 15 0 0 0 0 11 0 0 0 0 0 10 0 0 16 0 0 0 0 1 13 6 0 0 5 0 0 0 14 13 0 8 0 1 0 1 0
0 0 0 18 0 6 0 0 15 0 0 10 12 0 0 0 0 1 0 0 0 0 3 0 0 0 0 0 0 0 0 19 10 0 0 18 0 12 15 0 9 0 0 12 0 0 0 14 14 0
0 0 0 0 0 4 0 15 0 0 15 2 0 0 0 0 0 0 0 0 0 0 0 0 0 0 0 16 3 5 0 0 0 0 5 0 0 16 0 0 0 0 0 0 0 4 9 0 1 0
0 0 0 7 0 12 4 0 0 0 0 0 0 0 0 0 18 1 0 0 5 2 0 3 9 0 0 0 0 0 0 9 0 0 0 0 7 0 0 0 0 0 0 0 0 7 8 0 0 0
0 0 0 0 0 14 13 0 15 0 0 0 17 0 0 0 0 8 10 0 0 0 6 0 0 0 0 9 0 0 10 3 0 0 0 0 7 4 0 0 0 0 11 18 10 0 0 0 14 0
0 0 9 0 0 0 6 10 2 0 0 0 0 0 0 14 0 0 12 11 0 0 7 0 0 0 0 0 0 0 0 4 0 0 0 0 0 0 10 0 0 0 0 10 12 0 0 0 0 0
0 0 0 0 0 0 11 12 0 0 17 0 0 0 11 0 0 0 0 0 18 0 0 2 4 0 0 8 13 0 17 0 0 6 0 11 0 0 0 0 0 0 0 0 19 14 0 13 11 0
0 13 0 0 0 0 15 0 0 0 0 0 0 0 0 16 0 12 0 0 0 0 0 0 0 0 0 0 0 8 11 0 0 0 0 0 0 1 0 0 0 0 0 0 0 1 0 0 0 11
0 8 0 16 11 0 0 0 0 0 0 0 11 0 0 4 0 0 15 0 0 5 0 0 0 0 0 0 0 0 0 0 0 0 0 0 0 0 0 0 0 0 8 9 0 0 0 0 0 0
0 6 0 0 0 0 0 0 0 0 0 14 0 16 4 0 0 0 0 0 14 3 0 0 0 3 0 0 16 0 0 0 13 0 0 0 0 0 0 17 0 0 0 0 13 0 0 16 0 0
0 0 0 0 0 10 0 0 0 18 0 0 0 0 0 0 0 0 13 0 0 3 9 0 0 0 0 0 14 16 0 0 0 0 0 0 12 9 1 0 0 0 6 0 0 0 13 0 12 0
0 0 0 10 3 0 0 1 0 1 8 0 0 12 0 0 0 0 17 0 0 0 0 0 10 0 0 0 4 0 1 0 0 0 0 0 0 8 0 3 0 0 0 0 0 0 0 16 10 17
0 0 0 1 15 0 11 0 0 0 10 12 0 0 15 0 13 17 0 11 0 0 0 0 0 0 16 0 0 0 0 0 0 0 0 0 0 11 0 0 14 0 0 0 0 0 3 0 0 10
0 19 18 0 7 0 0 0 0 0 0 11 0 0 0 0 0 0 11 0 10 0 1 0 0 0 15 7 0 7 0 0 19 0 0 0 16 14 0 0 2 0 0 0 0 0 0 0 0 0
0 15 0 0 16 13 0 0 0 5 0 0 18 0 0 14 0 0 0 10 0 0 0 0 0 18 2 1 11 0 0 12 10 0 7 0 15 0 0 0 0 5 15 0 0 0 0 0 18 0
4 7 0 0 7 0 0 0 0 2 0 0 0 0 5 3 3 0 0 0 0 0 0 0 14 0 0 0 0 0 0 0 0 0 0 14 0 0 0 0 14 0 0 17 4 0 0 0 0 0
2 0 0 10 0 0 0 3 0 0 6 7 0 0 0 0 9 0 0 1 0 0 0 0 14 0 0 0 0 0 19 0 0 7 0 18 0 0 0 17 5 0 0 0 0 0 6 0 0 0
0 14 0 0 0 0 0 0 0 3 0 0 2 0 0 0 0 0 0 0 0 0 0 0 0 0 0 0 0 0 0 0 9 0 3 0 0 2 0 0 16 11 0 0 0 0 15 5 0 0
11 8 10 0 0 0 10 0 0 9 0 0 4 0 0 0 0 10 0 0 0 14 14 0 0 0 0 0 0 0 0 0 0 7 0 0 0 19 0 0 0 0 0 0 0 0 0 0 5 0
0 10 19 6 0 0 0 0 0 0 0 0 0 0 0 3 0 0 0 0 18 0 0 0 0 0 0 0 0 0 0 8 0 0 18 0 19 0 0 0 0 10 10 0 10 3 0 0 0 0
0 12 0 0 6 0 0 0 0 0 0 0 0 0 0 0 0 0 16 15 2 0 0 0 0 0 0 0 4 0 0 0 0 0 0 0 0 0 0 19 0 0 18 0 0 0 0 0 18 0
0 0 9 0 0 0 16 0 16 0 9 0 8 0 0 0 0 0 0 7 1 0 0 0 0 0 0 0 0 0 11 0 2 0 5 12 0 0 9 0 0 9 2 0 0 1 0 0 0 6
10 0 0 0 17 0 0 0 3 0 0 0 13 0 0 16 14 4 0 0 11 0 0 0 0 0 4 0 0 0 0 0 0 0 0 0 0 0 0 17 0 11 12 0 0 0 16 0 0 0
0 0 0 0 0 0 0 0 5 0 0 0 0 8 0 0 16 0 0 7 0 0 0 0 0 0 0 0 0 0 0 17 0 0 0 0 0 0 0 0 6 0 0 0 19 15 0 11 12 4
0 0 0 0 0 0 0 0 0 0 10 0 17 11 0 0 0 1 0 0 0 0 19 0 0 0 0 11 0 0 0 0 7 12 0 16 0 12 0 0 0 0 0 0 0 0 0 0 4 0
0 0 0 2 0 0 0 19 0 9 3 4 0 0 0 0 0 0 0 0 12 0 0 0 0 8 0 0 0 17 0 0 0 0 10 0 19 0 12 0 0 0 0 10 0 0 11 19 0 0
0 0 14 7 0 5 1 10 0 0 0 0 0 0 0 13 0 0 0 19 10 0 0 9 0 0 0 2 0 0 7 0 0 0 0 6 7 13 6 3 4 0 0 6 5 7 17 0 0 0
0 8 0 0 1 9 13 0 0 0 0 0 6 0 0 0 0 0 0 0 0 0 7 0 7 0 0 0 0 0 12 0 0 0 7 0 14 0 9 11 0 0 4 17 0 0 0 0 18 0
5 0 9 19 0 0 6 0 5 0 0 0 0 0 0 0 0 0 0 0 7 0 0 3 0 18 0 5 0 0 0 10 0 7 0 0 0 0 0 0 11 19 0 7 0 0 0 0 18 0
8 0 0 0 0 14 0 18 0 0 0 0 11 0 0 0 0 0 0 0 0 14 18 0 0 0 0 12 0 0 16 0 6 0 0 0 0 2 0 0 0 0 9 0 0 0 0 5 17 10
0 0 0 0 0 15 0 0 0 7 7 0 0 0 0 0 12 0 0 16 15 0 0 0 0 19 0 0 0 0 0 19 7 14 0 0 0 16 0 0 0 0 0 0 0 1 0 0 7 0
0 0 1 13 18 0 5 12 16 0 4 0 0 1 0 0 9 8 11 14 0 0 0 2 19 0 0 0 0 0 12 0 13 0 0 2 16 0 0 14 0 0 0 0 0 0 18 0 0 0
0 8 9 0 0 0 0 15 0 0 0 10 0 0 0 0 1 0 0 0 0 0 0 0 0 0 0 9 0 0 0 12 6 9 0 0 0 0 0 0 0 0 0 0 0 0 0 0 0 0
18 0 0 0 0 0 0 0 0 0 0 0 0 0 0 17 0 3 0 0 0 0 17 0 0 0 19 0 17 0 0 0 3 11 0 0 0 14 0 0 0 0 14 0 0 0 0 0 0 0
0 0 0 0 0 0 0 9 0 0 0 0 0 0 0 0 0 0 14 2 0 14 5 16 0 0 0 0 0 6 0 0 4 0 11 0 0 0 0 0 0 0 0 0 0 2 9 0 0 0
19 18 6 0 0 0 14 0 0 0 0 0 0 0 0 0 0 0 0 0 5 0 0 11 0 10 0 9 11 0 0 0 0 0 19 0 0 0 0 0 0 0 2 2 0 12 13 7 9 18
0 0 0 18 2 17 13 0 0 0 11 0 0 0 8 0 6 0 0 0 15 0 0 0 0 10 18 2 12 0 0 0 0 4 0 9 0 0 0 14 0 2 0 4 18 0 0 18 0 0
0 0 0 8 0 3 0 12 0 0 18 10 0 0 9 0 0 0 0 0 0 17 0 0 0 0 0 0 0 0 0 10 6 17 7 0 0 0 0 0 0 2 4 0 17 9 8 0 8 0
0 10 5 0 0 0 8 0 0 0 10 12 19 0 0 13 0 0 0 0 0 4 0 0 0 10 0 0 0 19 0 0 5 0 0 0 0 0 0 0 0 0 18 17 0 11 19 9 0 0
4 0 0 2 0 0 0 0 4 7 0 0 14 1 0 0 0 0 0 0 0 0 0 0 0 3 0 1 0 15 0 0 7 0 0 0 1 0 0 0 2 12 0 9 11 0 0 0 0 18
4 0 0 0 19 0 1 0 9 8 0 0 0 0 0 0 13 0 3 0 0 0 6 15 0 0 0 0 16 0 0 11 17 0 0 0 0 18 0 0 9 13 0 8 19 0 0 5 0 0
6 13 0 0 6 5 0 14 0 0 0 0 13 0 0 16 0 16 0 0 0 0 0 5 0 0 0 0 0 11 0 19 0 0 0 5 0 0 0 0 0 7 18 0 9 0 5 0 0 0
12 0 0 0 0 3 1 14 1 0 14 0 11 0 0 0 12 10 0 0 18 0 0 0 5 0 18 0 0 12 4 0 0 18 18 17 7 0 0 0 0 9 0 8 0 0 0 0 0 0
12 0 0 0 0 0 0 0 0 0 0 0 0 11 0 0 0 17 10 0 0 0 0 0 0 0 0 6 0 4 0 0 0 0 0 10 0 0 0 0 0 18 0 0 0 18 0 0 0 0
