75
50
0 12 18 6 0 15 2 18 8 13 2 15 11 15 10 1 9 8 8 6 16 0 18 6 6 9 19 12 12 8 1 16 13 8 2 10 2 7 8 18 16 2 1 8 18 10 17 10 11 2
12 0 16 19 2 16 16 19 16 4 2 10 4 17 15 17 18 1 19 1 7 8 19 1 10 1 9 2 9 14 6 8 18 6 2 18 6 11 5 7 14 18 12 8 10 10 18 2 18 5
18 16 0 13 4 4 13 12 0 9 4 6 14 5 10 1 15 0 0 6 19 17 10 0 5 14 17 9 14 12 19 12 5 12 0 6 7 7 16 11 15 6 15 19 16 14 2 9 15 12
6 19 13 0 2 9 2 8 9 0 1 4 7 6 5 0 0 4 8 11 18 13 3 14 10 5 19 16 13 19 5 19 10 1 2 14 17 17 6 17 5 12 5 18 18 6 5 3 1 6
0 2 4 2 0 1 0 2 6 0 2 7 9 13 16 14 17 1 12 17 10 16 15 15 18 7 15 12 3 11 8 7 3 7 11 17 18 9 15 15 10 10 10 8 4 9 0 17 6 14
15 16 4 9 1 0 4 14 19 10 2 5 14 5 17 7 15 12 2 18 9 12 9 12 18 1 10 19 16 19 11 12 13 6 6 18 19 8 0 11 18 5 1 15 6 10 14 5 0 0
2 16 13 2 0 4 0 18 7 11 0 19 8 3 5 12 11 6 10 15 1 10 9 16 10 4 16 10 16 13 4 14 14 1 17 0 17 16 5 14 15 3 7 12 11 9 11 11 19 9
18 19 12 8 2 14 18 0 6 18 19 10 18 10 18 12 0 10 8 12 3 3 0 8 0 7 4 9 2 9 1 13 9 2 2 10 5 11 15 8 17 2 18 4 17 18 19 11 17 7
8 16 0 9 6 19 7 6 0 19 4 18 15 11 5 9 8 14 16 0 0 7 14 3 12 8 1 18 1 8 12 18 10 6 9 2 19 17 14 5 12 9 19 1 15 12 1 6 17 6
13 4 9 0 0 10 11 18 19 0 7 2 10 4 18 18 5 15 0 5 1 2 18 11 17 10 4 8 19 8 11 9 2 14 12 14 14 17 8 1 7 0 5 7 4 19 8 13 1 10
2 2 4 1 2 2 0 19 4 7 0 17 3 5 1 5 1 10 16 5 1 0 8 1 10 17 11 10 18 5 15 11 4 9 6 15 19 14 13 13 6 3 12 2 8 14 17 8 9 4
15 10 6 4 7 5 19 10 18 2 17 0 18 0 0 3 11 12 15 2 16 12 13 11 7 9 13 11 13 0 10 8 19 19 13 13 11 7 0 3 4 18 2 18 14 18 5 15 5 9
11 4 14 7 9 14 8 18 15 10 3 18 0 3 4 4 18 7 0 0 2 7 18 11 11 8 11 15 6 14 4 9 2 19 15 13 6 13 1 11 0 18 6 19 9 11 14 14 0 13
15 17 5 6 13 5 3 10 11 4 5 0 3 0 3 2 10 16 4 16 13 14 1 0 11 5 0 9 1 10 6 4 10 14 4 13 9 10 4 16 12 19 13 13 7 7 8 9 6 10
10 15 10 5 16 17 5 18 5 18 1 0 4 3 0 5 11 12 12 13 2 17 3 18 19 15 0 11 3 0 18 6 5 8 6 17 12 5 18 6 7 4 13 8 17 12 0 7 9 2
1 17 1 0 14 7 12 12 9 18 5 3 4 2 5 0 9 12 12 14 7 13 6 7 16 10 4 15 18 2 19 6 13 10 10 3 9 12 15 3 16 2 0 9 7 17 10 10 15 0
9 18 15 0 17 15 11 0 8 5 1 11 18 10 11 9 0 15 5 17 16 9 12 0 6 9 9 10 12 0 5 7 12 5 12 16 3 11 12 12 3 9 10 19 1 7 12 6 0 13
8 1 0 4 1 12 6 10 14 15 10 12 7 16 12 12 15 0 15 9 4 19 15 16 11 9 4 10 2 6 3 3 5 11 8 0 8 19 17 4 12 18 10 3 3 6 14 12 17 15
8 19 0 8 12 2 10 8 16 0 16 15 0 4 12 12 5 15 0 19 16 3 12 15 6 18 4 11 11 11 7 16 17 8 17 8 4 1 10 2 4 15 12 12 7 9 12 3 13 13
6 1 6 11 17 18 15 12 0 5 5 2 0 16 13 14 17 9 19 0 9 3 1 2 16 8 9 19 19 0 19 9 14 17 0 19 17 17 0 12 4 10 7 10 4 4 16 17 15 17
16 7 19 18 10 9 1 3 0 1 1 16 2 13 2 7 16 4 16 9 0 16 14 12 17 9 19 6 6 16 8 17 14 19 6 4 17 2 13 7 16 18 19 2 14 3 9 16 14 1
0 8 17 13 16 12 10 3 7 2 0 12 7 14 17 13 9 19 3 3 16 0 17 8 9 5 0 5 4 16 6 16 14 12 14 3 15 2 14 8 6 15 14 14 18 13 4 5 1 0
18 19 10 3 15 9 9 0 14 18 8 13 18 1 3 6 12 15 12 1 14 17 0 12 12 7 15 8 7 4 1 18 17 15 7 10 3 3 2 18 0 17 12 12 3 1 18 15 16 12
6 1 0 14 15 12 16 8 3 11 1 11 11 0 18 7 0 16 15 2 12 8 12 0 3 16 17 18 4 15 8 7 10 11 18 15 12 13 18 17 17 5 3 11 15 13 9 12 18 17
6 10 5 10 18 18 10 0 12 17 10 7 11 11 19 16 6 11 6 16 17 9 12 3 0 8 19 14 19 6 7 2 0 5 15 18 10 0 14 3 13 0 16 6 12 16 0 12 15 4
9 1 14 5 7 1 4 7 8 10 17 9 8 5 15 10 9 9 18 8 9 5 7 16 8 0 18 14 14 1 5 19 14 18 11 0 16 18 10 17 7 6 5 19 6 12 7 0 4 9
19 9 17 19 15 10 16 4 1 4 11 13 11 0 0 4 9 4 4 9 19 0 15 17 19 18 0 13 17 11 16 12 1 7 16 1 12 0 4 4 17 0 6 16 9 13 2 11 5 3
12 2 9 16 12 19 10 9 18 8 10 11 15 9 11 15 10 10 11 19 6 5 8 18 14 14 13 0 10 18 16 3 0 8 8 5 1 17 4 15 7 17 6 6 12 13 0 18 17 13
12 9 14 13 3 16 16 2 1 19 18 13 6 1 3 18 12 2 11 19 6 4 7 4 19 14 17 10 0 11 4 5 14 9 1 19 13 19 4 8 3 6 16 16 2 13 1 14 9 18
8 14 12 19 11 19 13 9 8 8 5 0 14 10 0 2 0 6 11 0 16 16 4 15 6 1 11 18 11 0 3 6 18 7 18 14 15 1 17 5 0 19 14 19 1 15 11 3 6 6
1 6 19 5 8 11 4 1 12 11 15 10 4 6 18 19 5 3 7 19 8 6 1 8 7 5 16 16 4 3 0 1 14 7 9 9 4 0 15 1 2 14 7 15 1 5 18 17 15 4
16 8 12 19 7 12 14 13 18 9 11 8 9 4 6 6 7 3 16 9 17 16 18 7 2 19 12 3 5 6 1 0 15 17 12 9 14 18 7 5 6 15 16 12 18 0 9 9 1 5
13 18 5 10 3 13 14 9 10 2 4 19 2 10 5 13 12 5 17 14 14 14 17 10 0 14 1 0 14 18 14 15 0 0 7 10 16 9 0 0 2 9 8 17 2 6 12 3 2 13
8 6 12 1 7 6 1 2 6 14 9 19 19 14 8 10 5 11 8 17 19 12 15 11 5 18 7 8 9 7 7 17 0 0 17 5 3 4 4 5 1 2 12 15 9 1 1 5 18 5
2 2 0 2 11 6 17 2 9 12 6 13 15 4 6 10 12 8 17 0 6 14 7 18 15 11 16 8 1 18 9 12 7 17 0 5 16 7 3 16 12 12 14 13 17 3 17 5 6 13
10 18 6 14 17 18 0 10 2 14 15 13 13 13 17 3 16 0 8 19 4 3 10 15 18 0 1 5 19 14 9 9 10 5 5 0 14 13 15 15 14 0 5 10 2 0 7 7 1 14
2 6 7 17 18 19 17 5 19 14 19 11 6 9 12 9 3 8 4 17 17 15 3 12 10 16 12 1 13 15 4 14 16 3 16 14 0 16 18 12 0 8 16 6 12 8 7 10 16 11
7 11 7 17 9 8 16 11 17 17 14 7 13 10 5 12 11 19 1 17 2 2 3 13 0 18 0 17 19 1 0 18 9 4 7 13 16 0 2 15 16 7 5 14 9 0 19 2 0 4
8 5 16 6 15 0 5 15 14 8 13 0 1 4 18 15 12 17 10 0 13 14 2 18 14 10 4 4 4 17 15 7 0 4 3 15 18 2 0 12 16 16 8 19 15 12 7 10 11 16
18 7 11 17 15 11 14 8 5 1 13 3 11 16 6 3 12 4 2 12 7 8 18 17 3 17 4 15 8 5 1 5 0 5 16 15 12 15 12 0 6 15 0 11 18 8 16 6 13 11
16 14 15 5 10 18 15 17 12 7 6 4 0 12 7 16 3 12 4 4 16 6 0 17 13 7 17 7 3 0 2 6 2 1 12 14 0 16 16 6 0 14 0 3 9 2 0 1 2 16
2 18 6 12 10 5 3 2 9 0 3 18 18 19 4 2 9 18 15 10 18 15 17 5 0 6 0 17 6 19 14 15 9 2 12 0 8 7 16 15 14 0 4 3 9 17 7 2 10 8
1 12 15 5 10 1 7 18 19 5 12 2 6 13 13 0 10 10 12 7 19 14 12 3 16 5 6 6 16 14 7 16 8 12 14 5 16 5 8 0 0 4 0 17 1 19 15 3 1 7
8 8 19 18 8 15 12 4 1 7 2 18 19 13 8 9 19 3 12 10 2 14 12 11 6 19 16 6 16 19 15 12 17 15 13 10 6 14 19 11 3 3 17 0 3 9 13 12 2 9
18 10 16 18 4 6 11 17 15 4 8 14 9 7 17 7 1 3 7 4 14 18 3 15 12 6 9 12 2 1 1 18 2 9 17 2 12 9 15 18 9 9 1 3 0 9 16 10 13 13
10 10 14 6 9 10 9 18 12 19 14 18 11 7 12 17 7 6 9 4 3 13 1 13 16 12 13 13 13 15 5 0 6 1 3 0 8 0 12 8 2 17 19 9 9 0 15 10 15 4
17 18 2 5 0 14 11 19 1 8 17 5 14 8 0 10 12 14 12 16 9 4 18 9 0 7 2 0 1 11 18 9 12 1 17 7 7 19 7 16 0 7 15 13 16 15 0 1 7 17
10 2 9 3 17 5 11 11 6 13 8 15 14 9 7 10 6 12 3 17 16 5 15 12 12 0 11 18 14 3 17 9 3 5 5 7 10 2 10 6 1 2 3 12 10 10 1 0 18 14
11 18 15 1 6 0 19 17 17 1 9 5 0 6 9 15 0 17 13 15 14 1 16 18 15 4 5 17 9 6 15 1 2 18 6 1 16 0 11 13 2 10 1 2 13 15 7 18 0 0
2 5 12 6 14 0 9 7 6 10 4 9 13 10 2 0 13 15 13 17 1 0 12 17 4 9 3 13 18 6 4 5 13 5 13 14 11 4 16 11 16 8 7 9 13 4 17 14 0 0
