100
50
0 0 11 0 1 0 0 0 8 0 0 0 0 0 0 0 0 0 9 0 0 0 0 0 0 17 0 0 0 0 0 10 17 0 0 0 17 13 0 0 0 0 0 0 4 0 0 1 9 0
0 0 1 0 0 0 0 0 8 0 0 0 6 0 0 0 0 0 0 0 13 0 0 3 17 0 2 0 0 0 4 0 2 0 0 0 0 17 0 0 5 0 15 19 0 5 8 0 3 0
11 1 0 0 14 0 17 2 0 0 0 0 2 1 0 15 0 11 0 0 0 0 11 11 11 0 0 7 0 0 0 5 0 18 0 0 0 0 5 9 19 0 0 0 0 0 0 10 0 16
0 0 0 0 0 0 4 0 1 0 0 3 0 3 0 0 0 0 0 0 0 0 0 12 0 0 0 5 13 0 0 2 0 4 0 17 0 0 0 0 0 10 0 0 0 0 5 0 0 0
1 0 14 0 0 0 3 0 17 18 0 0 0 0 0 0 0 0 15 11 8 0 0 1 0 0 0 3 9 0 5 2 15 1 0 0 0 0 0 0 0 9 0 0 0 0 0 0 0 0
0 0 0 0 0 0 0 0 1 15 0 5 0 0 7 0 0 16 15 0 0 0 0 0 11 0 7 0 0 0 0 13 0 0 1 2 0 8 0 0 18 0 0 0 1 5 0 0 2 12
0 0 17 4 3 0 0 0 0 0 0 0 0 0 0 0 6 0 8 0 0 11 0 0 0 0 0 0 0 0 0 4 13 0 0 19 0 0 9 0 0 3 0 0 0 0 0 0 0 0
0 0 2 0 0 0 0 0 0 1 0 0 0 7 0 0 0 0 0 0 4 6 0 0 0 0 1 1 18 0 0 0 0 2 0 18 3 15 19 0 0 0 0 0 0 0 0 0 0 0
8 8 0 1 17 1 0 0 0 10 11 0 9 16 4 0 0 0 13 0 0 0 0 0 5 0 0 0 0 3 7 1 5 0 19 0 0 0 0 15 15 0 0 0 19 0 0 0 0 0
0 0 0 0 18 15 0 1 10 0 0 18 0 5 13 0 0 15 0 0 0 0 0 0 0 0 0 0 2 0 0 0 0 0 8 5 0 0 1 0 0 17 0 0 13 0 17 0 0 0
0 0 0 0 0 0 0 0 11 0 0 0 0 0 0 8 0 0 14 0 1 6 4 0 0 0 0 0 0 0 0 0 0 0 0 0 13 0 16 0 0 0 0 0 0 4 0 0 0 0
0 0 0 3 0 5 0 0 0 18 0 0 0 0 0 0 0 19 0 0 0 0 0 0 0 0 0 10 0 4 6 0 0 0 0 2 14 0 9 0 0 16 13 0 10 0 1 18 0 0
0 6 2 0 0 0 0 0 9 0 0 0 0 0 0 3 0 0 6 6 1 0 0 0 0 14 0 2 0 10 0 0 0 12 0 0 0 14 0 0 0 0 0 11 0 0 0 0 0 0
0 0 1 3 0 0 0 7 16 5 0 0 0 0 0 0 0 0 0 0 0 0 0 0 8 2 0 0 5 0 0 0 0 4 0 0 6 10 0 0 0 7 0 17 0 0 0 0 0 0
0 0 0 0 0 7 0 0 4 13 0 0 0 0 0 8 0 0 0 0 0 9 0 4 0 0 0 0 0 18 10 0 0 0 0 0 0 16 0 0 0 7 17 0 9 0 3 0 18 0
0 0 15 0 0 0 0 0 0 0 8 0 3 0 8 0 0 0 0 0 0 0 5 0 0 0 18 12 0 0 0 1 6 17 0 12 0 0 0 0 0 0 0 0 0 0 0 1 0 0
0 0 0 0 0 0 6 0 0 0 0 0 0 0 0 0 0 8 10 14 14 0 3 2 0 0 0 0 0 0 0 0 0 0 0 0 11 19 0 0 5 0 0 0 0 0 0 4 0 2
0 0 11 0 0 16 0 0 0 15 0 19 0 0 0 0 8 0 0 0 4 15 13 0 0 10 13 0 8 0 6 0 5 0 7 3 15 0 0 0 0 0 0 0 11 0 5 19 0 0
9 0 0 0 15 15 8 0 13 0 14 0 6 0 0 0 10 0 0 7 0 0 0 0 17 0 0 13 2 0 0 0 0 0 0 0 18 0 0 0 0 0 0 0 19 0 0 0 0 9
0 0 0 0 11 0 0 0 0 0 0 0 6 0 0 0 14 0 7 0 0 2 8 0 0 0 8 0 7 0 0 0 0 0 0 0 0 9 12 0 15 0 0 0 0 0 3 0 0 0
0 13 0 0 8 0 0 4 0 0 1 0 1 0 0 0 14 4 0 0 0 18 0 0 11 0 0 0 0 0 8 4 0 0 0 3 0 13 17 0 8 0 0 14 0 0 0 0 0 19
0 0 0 0 0 0 11 6 0 0 6 0 0 0 9 0 0 15 0 2 18 0 0 0 0 19 0 15 0 0 0 0 13 0 5 0 0 0 0 1 0 0 7 0 0 3 0 0 0 4
0 0 11 0 0 0 0 0 0 0 4 0 0 0 0 5 3 13 0 8 0 0 0 0 13 18 12 0 0 0 0 0 0 0 0 0 0 0 0 0 10 0 9 0 4 0 0 16 5 9
0 3 11 12 1 0 0 0 0 0 0 0 0 0 4 0 2 0 0 0 0 0 0 0 0 0 0 3 0 0 0 0 7 0 8 0 3 5 0 0 0 0 0 0 0 0 0 0 0 0
0 17 11 0 0 11 0 0 5 0 0 0 0 8 0 0 0 0 17 0 11 0 13 0 0 0 0 0 0 0 0 0 0 0 5 0 0 0 0 0 0 0 0 0 5 0 0 0 12 0
17 0 0 0 0 0 0 0 0 0 0 0 14 2 0 0 0 10 0 0 0 19 18 0 0 0 18 0 0 17 0 0 0 9 17 0 0 0 0 16 16 0 0 0 0 17 0 0 0 0
0 2 0 0 0 7 0 1 0 0 0 0 0 0 0 18 0 13 0 8 0 0 12 0 0 18 0 0 0 3 0 1 0 8 0 0 0 0 11 0 0 13 0 0 0 0 0 0 0 0
0 0 7 5 3 0 0 1 0 0 0 10 2 0 0 12 0 0 13 0 0 15 0 3 0 0 0 0 18 0 7 0 15 0 0 10 0 3 0 2 0 0 11 0 5 0 0 0 15 0
0 0 0 13 9 0 0 18 0 2 0 0 0 5 0 0 0 8 2 7 0 0 0 0 0 0 0 18 0 0 0 0 0 10 0 0 17 0 0 0 0 0 0 0 0 0 0 0 0 0
0 0 0 0 0 0 0 0 3 0 0 4 10 0 18 0 0 0 0 0 0 0 0 0 0 17 3 0 0 0 0 0 0 0 0 16 19 0 0 0 0 0 0 6 0 12 12 0 0 0
0 4 0 0 5 0 0 0 7 0 0 6 0 0 10 0 0 6 0 0 8 0 0 0 0 0 0 7 0 0 0 8 0 0 0 0 1 13 17 4 0 11 8 0 7 8 0 0 0 19
10 0 5 2 2 13 4 0 1 0 0 0 0 0 0 1 0 0 0 0 4 0 0 0 0 0 1 0 0 0 8 0 0 15 0 0 0 0 14 0 0 0 0 0 0 1 7 0 11 0
17 2 0 0 15 0 13 0 5 0 0 0 0 0 0 6 0 5 0 0 0 13 0 7 0 0 0 15 0 0 0 0 0 0 0 8 0 15 16 11 0 2 0 0 0 0 4 0 16 1
0 0 18 4 1 0 0 2 0 0 0 0 12 4 0 17 0 0 0 0 0 0 0 0 0 9 8 0 10 0 0 15 0 0 15 0 5 0 0 11 0 0 9 19 0 0 0 0 12 0
0 0 0 0 0 1 0 0 19 8 0 0 0 0 0 0 0 7 0 0 0 5 0 8 5 17 0 0 0 0 0 0 0 15 0 0 0 14 0 0 0 0 0 3 0 0 0 0 0 8
0 0 0 17 0 2 19 18 0 5 0 2 0 0 0 12 0 3 0 0 3 0 0 0 0 0 0 10 0 16 0 0 8 0 0 0 0 0 0 0 0 0 0 0 0 0 6 5 0 0
17 0 0 0 0 0 0 3 0 0 13 14 0 6 0 0 11 15 18 0 0 0 0 3 0 0 0 0 17 19 1 0 0 5 0 0 0 0 9 0 4 0 0 0 0 0 0 0 0 7
13 17 0 0 0 8 0 15 0 0 0 0 14 10 16 0 19 0 0 9 13 0 0 5 0 0 0 3 0 0 13 0 15 0 14 0 0 0 0 13 0 0 0 0 19 5 0 0 16 0
0 0 5 0 0 0 9 19 0 1 16 9 0 0 0 0 0 0 0 12 17 0 0 0 0 0 11 0 0 0 17 14 16 0 0 0 9 0 0 0 0 0 5 18 0 0 0 0 0 0
0 0 9 0 0 0 0 0 15 0 0 0 0 0 0 0 0 0 0 0 0 1 0 0 0 16 0 2 0 0 4 0 11 11 0 0 0 13 0 0 0 0 0 0 15 10 15 0 0 0
0 5 19 0 0 18 0 0 15 0 0 0 0 0 0 0 5 0 0 15 8 0 10 0 0 16 0 0 0 0 0 0 0 0 0 0 4 0 0 0 0 0 0 0 0 0 14 0 2 0
0 0 0 10 9 0 3 0 0 17 0 16 0 7 7 0 0 0 0 0 0 0 0 0 0 0 13 0 0 0 11 0 2 0 0 0 0 0 0 0 0 0 0 0 0 0 0 14 0 10
0 15 0 0 0 0 0 0 0 0 0 13 0 0 17 0 0 0 0 0 0 7 9 0 0 0 0 11 0 0 8 0 0 9 0 0 0 0 5 0 0 0 0 9 0 0 3 0 0 14
0 19 0 0 0 0 0 0 0 0 0 0 11 17 0 0 0 0 0 0 14 0 0 0 0 0 0 0 0 6 0 0 0 19 3 0 0 0 18 0 0 0 9 0 0 3 7 0 0 12
4 0 0 0 0 1 0 0 19 13 0 10 0 0 9 0 0 11 19 0 0 0 4 0 5 0 0 5 0 0 7 0 0 0 0 0 0 19 0 15 0 0 0 0 0 0 0 0 0 0
0 5 0 0 0 5 0 0 0 0 4 0 0 0 0 0 0 0 0 0 0 3 0 0 0 17 0 0 0 12 8 1 0 0 0 0 0 5 0 10 0 0 0 3 0 0 0 0 11 0
0 8 0 5 0 0 0 0 0 17 0 1 0 0 3 0 0 5 0 3 0 0 0 0 0 0 0 0 0 12 0 7 4 0 0 6 0 0 0 15 14 0 3 7 0 0 0 0 0 7
1 0 10 0 0 0 0 0 0 0 0 18 0 0 0 1 4 19 0 0 0 0 16 0 0 0 0 0 0 0 0 0 0 0 0 5 0 0 0 0 0 14 0 0 0 0 0 0 0 0
9 3 0 0 0 2 0 0 0 0 0 0 0 0 18 0 0 0 0 0 0 0 5 0 12 0 0 15 0 0 0 11 16 12 0 0 0 16 0 0 2 0 0 0 0 11 0 0 0 0
0 0 16 0 0 12 0 0 0 0 0 0 0 0 0 0 2 0 9 0 19 4 9 0 0 0 0 0 0 0 19 0 1 0 8 0 7 0 0 0 0 10 14 12 0 0 7 0 0 0
