50
50
0 0 1 0 2 5 0 0 0 0 0 0 0 0 0 0 0 0 0 0 0 0 9 0 8 0 0 0 0 0 0 2 2 0 8 0 0 13 0 4 15 0 0 0 0 0 0 8 0 0
0 0 0 0 0 0 0 0 8 0 0 0 0 0 8 4 0 0 0 0 19 0 3 10 7 0 0 0 0 0 0 3 13 0 0 0 0 0 12 0 13 0 0 6 0 9 0 18 0 0
1 0 0 0 0 0 0 0 0 0 0 0 0 0 0 19 0 0 0 0 0 0 0 0 0 0 9 13 9 0 0 0 0 10 0 17 0 0 5 0 0 0 0 0 2 16 0 0 0 0
0 0 0 0 0 0 0 16 0 0 12 6 0 14 0 15 9 10 0 0 18 0 19 0 0 4 0 0 0 0 0 0 6 0 0 18 0 2 0 0 0 0 0 0 0 11 6 3 0 0
2 0 0 0 0 0 0 0 0 0 13 0 6 16 0 3 8 0 12 0 0 3 0 0 16 0 0 0 0 0 0 0 0 0 0 11 0 1 0 17 7 2 0 16 15 0 12 3 0 0
5 0 0 0 0 0 0 5 0 0 0 0 0 0 6 0 12 10 0 0 11 0 7 9 0 2 0 2 0 8 3 0 0 0 0 0 0 0 0 18 0 0 0 0 0 3 0 0 0 0
0 0 0 0 0 0 0 0 0 0 0 10 14 0 0 4 0 12 0 0 0 0 16 3 0 0 0 18 0 0 4 19 14 0 0 0 0 0 0 5 0 0 0 0 0 0 0 0 0 10
0 0 0 16 0 5 0 0 0 0 7 7 0 0 0 0 12 0 16 19 11 11 11 0 1 10 0 0 0 0 0 0 0 16 0 0 0 0 0 0 0 0 0 0 0 0 0 0 2 0
0 8 0 0 0 0 0 0 0 0 0 0 0 8 0 0 0 18 0 0 0 6 0 0 9 0 0 0 0 2 0 0 0 0 7 0 0 0 0 0 2 0 7 16 0 0 0 0 0 0
0 0 0 0 0 0 0 0 0 0 6 0 0 2 8 0 0 0 0 0 16 0 0 0 18 0 1 0 0 2 4 0 0 2 0 0 0 14 0 16 10 0 18 4 0 0 0 0 0 0
0 0 0 12 13 0 0 7 0 6 0 0 0 15 0 0 0 0 0 9 0 0 8 4 19 0 8 14 0 0 0 10 0 0 0 0 0 0 0 0 0 0 0 0 0 0 0 1 0 0
0 0 0 6 0 0 10 7 0 0 0 0 0 19 0 0 2 0 0 0 0 4 0 0 0 9 18 0 15 0 0 0 17 0 0 0 0 4 16 0 0 0 0 10 0 9 0 3 7 0
0 0 0 0 6 0 14 0 0 0 0 0 0 1 12 0 0 3 0 10 18 0 0 5 0 0 6 0 0 0 0 11 0 19 0 0 0 0 0 17 18 0 0 0 0 0 10 0 9 0
0 0 0 14 16 0 0 0 8 2 15 19 1 0 0 7 0 0 0 0 0 0 0 0 0 0 0 0 0 0 14 0 0 0 0 0 10 19 0 0 0 0 0 0 0 0 0 0 5 0
0 8 0 0 0 6 0 0 0 8 0 0 12 0 0 0 0 0 17 0 0 11 0 0 19 0 0 0 0 15 19 0 0 2 0 0 15 0 0 0 0 0 11 0 14 13 0 0 11 4
0 4 19 15 3 0 4 0 0 0 0 0 0 7 0 0 0 0 3 3 0 0 0 0 8 0 0 0 17 0 0 18 7 0 0 1 0 0 7 0 0 0 19 0 0 0 0 18 0 0
0 0 0 9 8 12 0 12 0 0 0 2 0 0 0 0 0 0 0 9 0 0 9 0 0 0 0 14 0 0 0 0 0 0 0 18 0 0 0 0 0 7 0 0 0 6 4 14 0 0
0 0 0 10 0 10 12 0 18 0 0 0 3 0 0 0 0 0 9 0 6 12 0 0 0 16 8 0 17 12 0 12 0 0 0 0 0 8 1 0 0 0 2 8 0 19 4 0 0 0
0 0 0 0 12 0 0 16 0 0 0 0 0 0 17 3 0 9 0 0 0 0 0 0 14 0 0 0 10 14 0 0 0 0 0 0 5 0 2 0 0 0 0 16 0 0 0 0 0 0
0 0 0 0 0 0 0 19 0 0 9 0 10 0 0 3 9 0 0 0 0 16 0 6 0 0 0 0 0 0 8 0 0 0 0 1 9 0 0 0 0 0 0 0 0 16 0 0 0 0
0 19 0 18 0 11 0 11 0 16 0 0 18 0 0 0 0 6 0 0 0 13 0 6 10 10 0 0 0 13 0 0 0 0 8 0 0 14 0 0 0 19 0 0 17 7 0 0 0 0
0 0 0 0 3 0 0 11 6 0 0 4 0 0 11 0 0 12 0 16 13 0 0 0 0 13 0 10 0 0 0 0 0 0 0 3 0 15 0 0 0 0 0 18 0 10 0 0 0 0
9 3 0 19 0 7 16 11 0 0 8 0 0 0 0 0 9 0 0 0 0 0 0 0 6 0 18 0 0 3 0 0 18 0 0 0 0 0 0 0 15 1 0 0 0 13 17 6 0 14
0 10 0 0 0 9 3 0 0 0 4 0 5 0 0 0 0 0 0 6 6 0 0 0 0 0 0 0 16 0 0 0 0 0 0 0 0 0 10 10 4 0 0 1 8 9 11 4 1 0
8 7 0 0 16 0 0 1 9 18 19 0 0 0 19 8 0 0 14 0 10 0 6 0 0 0 0 8 0 0 0 0 0 0 0 0 0 0 0 18 0 0 0 0 0 2 1 0 2 15
0 0 0 4 0 2 0 10 0 0 0 9 0 0 0 0 0 16 0 0 10 13 0 0 0 0 0 0 7 0 0 0 0 0 0 0 7 10 0 0 0 0 13 0 6 0 10 0 0 0
0 0 9 0 0 0 0 0 0 1 8 18 6 0 0 0 0 8 0 0 0 0 18 0 0 0 0 0 0 19 0 0 18 7 0 0 0 11 0 0 0 0 0 0 0 0 0 8 0 0
0 0 13 0 0 2 18 0 0 0 14 0 0 0 0 0 14 0 0 0 0 10 0 0 8 0 0 0 0 0 0 8 0 0 1 11 0 9 0 0 0 12 2 0 0 0 0 0 0 3
0 0 9 0 0 0 0 0 0 0 0 15 0 0 0 17 0 17 10 0 0 0 0 16 0 7 0 0 0 9 2 8 9 0 0 0 0 13 0 0 12 18 0 0 5 0 9 3 0 0
0 0 0 0 0 8 0 0 2 2 0 0 0 0 15 0 0 12 14 0 13 0 3 0 0 0 19 0 9 0 0 0 0 0 0 0 0 0 16 0 0 0 11 0 0 0 15 14 0 0
0 0 0 0 0 3 4 0 0 4 0 0 0 14 19 0 0 0 0 8 0 0 0 0 0 0 0 0 2 0 0 15 0 0 8 4 0 0 0 0 19 0 0 0 16 0 0 11 0 5
2 3 0 0 0 0 19 0 0 0 10 0 11 0 0 18 0 12 0 0 0 0 0 0 0 0 0 8 8 0 15 0 0 2 0 0 5 0 0 0 0 8 1 0 0 0 0 0 0 0
2 13 0 6 0 0 14 0 0 0 0 17 0 0 0 7 0 0 0 0 0 0 18 0 0 0 18 0 9 0 0 0 0 0 0 0 5 0 0 15 0 0 0 0 0 0 0 0 0 0
0 0 10 0 0 0 0 16 0 2 0 0 19 0 2 0 0 0 0 0 0 0 0 0 0 0 7 0 0 0 0 2 0 0 13 19 19 0 0 18 4 0 4 0 1 0 7 0 17 0
8 0 0 0 0 0 0 0 7 0 0 0 0 0 0 0 0 0 0 0 8 0 0 0 0 0 0 1 0 0 8 0 0 13 0 0 0 0 7 0 0 10 0 0 0 0 0 0 0 0
0 0 17 18 11 0 0 0 0 0 0 0 0 0 0 1 18 0 0 1 0 3 0 0 0 0 0 11 0 0 4 0 0 19 0 0 16 0 0 0 0 0 0 0 14 0 11 0 0 0
0 0 0 0 0 0 0 0 0 0 0 0 0 10 15 0 0 0 5 9 0 0 0 0 0 7 0 0 0 0 0 5 5 19 0 16 0 0 0 0 0 11 0 0 0 0 0 8 0 4
13 0 0 2 1 0 0 0 0 14 0 4 0 19 0 0 0 8 0 0 14 15 0 0 0 10 11 9 13 0 0 0 0 0 0 0 0 0 17 0 2 0 0 0 0 0 0 0 7 0
0 12 5 0 0 0 0 0 0 0 0 16 0 0 0 7 0 1 2 0 0 0 0 10 0 0 0 0 0 16 0 0 0 0 7 0 0 17 0 1 0 0 0 0 0 4 9 0 0 0
4 0 0 0 17 18 5 0 0 16 0 0 17 0 0 0 0 0 0 0 0 0 0 10 18 0 0 0 0 0 0 0 15 18 0 0 0 0 1 0 0 7 3 0 0 12 0 4 0 7
15 13 0 0 7 0 0 0 2 10 0 0 18 0 0 0 0 0 0 0 0 0 15 4 0 0 0 0 12 0 19 0 0 4 0 0 0 2 0 0 0 0 9 13 0 0 0 0 0 7
0 0 0 0 2 0 0 0 0 0 0 0 0 0 0 0 7 0 0 0 19 0 1 0 0 0 0 12 18 0 0 8 0 0 10 0 11 0 0 7 0 0 0 0 17 0 0 0 0 0
0 0 0 0 0 0 0 0 7 18 0 0 0 0 11 19 0 2 0 0 0 0 0 0 0 13 0 2 0 11 0 1 0 4 0 0 0 0 0 3 9 0 0 0 0 4 0 0 0 0
0 6 0 0 16 0 0 0 16 4 0 10 0 0 0 0 0 8 16 0 0 18 0 1 0 0 0 0 0 0 0 0 0 0 0 0 0 0 0 0 13 0 0 0 0 0 0 0 0 0
0 0 2 0 15 0 0 0 0 0 0 0 0 0 14 0 0 0 0 0 17 0 0 8 0 6 0 0 5 0 16 0 0 1 0 14 0 0 0 0 0 17 0 0 0 0 0 0 16 6
0 9 16 11 0 3 0 0 0 0 0 9 0 0 13 0 6 19 0 16 7 10 13 9 2 0 0 0 0 0 0 0 0 0 0 0 0 0 4 12 0 0 4 0 0 0 13 2 1 0
0 0 0 6 12 0 0 0 0 0 0 0 10 0 0 0 4 4 0 0 0 0 17 11 1 10 0 0 9 15 0 0 0 7 0 11 0 0 9 0 0 0 0 0 0 13 0 0 16 0
8 18 0 3 3 0 0 0 0 0 1 3 0 0 0 18 14 0 0 0 0 0 6 4 0 0 8 0 3 14 11 0 0 0 0 0 8 0 0 4 0 0 0 0 0 2 0 0 11 10
0 0 0 0 0 0 0 2 0 0 0 7 9 5 11 0 0 0 0 0 0 0 0 1 2 0 0 0 0 0 0 0 0 17 0 0 0 7 0 0 0 0 0 0 16 1 16 11 0 0
0 0 0 0 0 0 10 0 0 0 0 0 0 0 4 0 0 0 0 0 0 0 14 0 15 0 0 3 0 0 5 0 0 0 0 0 4 0 0 7 7 0 0 0 6 0 0 10 0 0
