75
50
0 0 2 14 0 0 0 0 4 0 0 0 0 0 14 0 0 0 0 18 2 0 0 0 0 1 2 0 15 0 19 0 11 16 0 0 0 0 0 0 0 7 0 0 0 0 0 0 6 8
0 0 14 0 8 0 0 9 0 0 4 0 0 0 1 0 0 0 0 0 0 0 0 0 1 0 0 0 0 0 12 12 16 0 17 0 0 0 0 0 0 3 0 2 12 0 0 0 0 0
2 14 0 0 0 0 0 0 0 2 0 0 0 8 0 18 0 19 0 0 0 8 10 0 0 0 0 0 2 12 0 13 15 16 0 0 0 0 0 0 1 0 0 15 0 4 0 0 0 1
14 0 0 0 0 0 0 17 8 6 0 17 15 0 0 14 0 12 17 0 0 3 0 0 0 0 0 0 0 0 1 5 0 16 13 3 0 0 5 0 0 0 0 0 0 17 0 0 0 10
0 8 0 0 0 3 0 12 19 15 8 0 8 3 0 0 7 0 0 0 0 18 0 0 0 0 0 0 0 0 0 0 2 15 16 17 0 0 0 0 5 0 0 0 0 9 0 14 0 0
0 0 0 0 3 0 0 17 0 0 17 0 8 0 16 0 0 8 0 19 11 0 11 0 0 8 0 2 0 6 0 0 0 10 0 0 0 0 0 1 6 0 0 0 0 18 17 10 12 0
0 0 0 0 0 0 0 11 4 14 0 0 0 7 0 0 0 0 8 0 0 0 0 14 0 0 0 10 0 0 0 0 2 11 0 0 0 0 8 0 0 0 0 0 0 2 15 6 0 2
0 9 0 17 12 17 11 0 0 0 7 1 7 0 0 0 0 0 0 1 0 0 0 15 0 7 0 0 0 0 16 0 5 0 0 2 0 0 0 0 0 0 0 7 0 0 13 0 0 0
4 0 0 8 19 0 4 0 0 0 0 0 0 0 0 0 9 0 6 0 0 0 15 0 0 0 0 19 0 8 0 0 2 0 3 9 0 0 18 0 1 12 2 0 0 0 0 1 0 8
0 0 2 6 15 0 14 0 0 0 0 0 0 1 0 0 0 0 0 0 0 0 0 0 16 0 0 0 0 0 0 0 0 0 0 0 0 0 0 7 0 0 0 0 0 0 0 0 0 0
0 4 0 0 8 17 0 7 0 0 0 0 0 0 0 12 0 0 0 0 0 0 11 0 1 4 18 0 0 0 0 0 0 0 16 0 0 4 18 0 0 0 0 0 0 0 15 0 0 2
0 0 0 17 0 0 0 1 0 0 0 0 0 0 0 0 0 0 0 0 0 13 19 0 0 0 5 0 19 14 0 0 4 18 16 0 6 12 0 0 0 0 12 0 0 7 11 0 2 0
0 0 0 15 8 8 0 7 0 0 0 0 0 11 0 0 0 0 0 0 1 0 0 0 0 2 0 7 10 0 0 0 0 0 0 9 14 7 0 12 0 13 0 0 0 0 0 0 0 0
0 0 8 0 3 0 7 0 0 1 0 0 11 0 6 17 0 15 0 0 0 0 6 10 5 0 0 0 0 0 0 3 0 0 0 0 16 0 0 15 0 0 0 3 14 0 0 0 0 0
14 1 0 0 0 16 0 0 0 0 0 0 0 6 0 0 0 13 14 0 0 0 6 0 0 6 0 0 15 5 0 3 0 0 0 0 0 0 17 0 0 17 0 0 0 0 0 0 0 12
0 0 18 14 0 0 0 0 0 0 12 0 0 17 0 0 0 0 15 0 0 7 7 0 5 0 14 0 0 0 18 0 0 0 0 0 0 18 7 4 0 0 0 0 0 0 13 19 0 1
0 0 0 0 7 0 0 0 9 0 0 0 0 0 0 0 0 4 5 3 0 0 0 0 0 0 12 0 0 0 0 0 12 9 17 18 0 7 7 0 0 0 0 9 0 0 0 0 1 0
0 0 19 12 0 8 0 0 0 0 0 0 0 15 13 0 4 0 0 12 0 0 0 0 0 13 0 0 16 0 16 0 0 12 0 0 0 0 0 0 0 0 2 0 5 0 0 0 0 0
0 0 0 17 0 0 8 0 6 0 0 0 0 0 14 15 5 0 0 8 0 0 0 0 0 12 0 0 0 0 0 0 0 0 11 4 0 0 0 0 0 16 12 0 0 0 0 8 0 0
18 0 0 0 0 19 0 1 0 0 0 0 0 0 0 0 3 12 8 0 0 0 0 0 0 2 0 18 0 0 0 0 0 0 0 0 0 0 0 0 0 16 0 0 0 0 0 0 0 0
2 0 0 0 0 11 0 0 0 0 0 0 1 0 0 0 0 0 0 0 0 0 0 0 0 17 0 13 0 0 0 0 8 0 0 12 0 0 2 0 0 0 0 0 0 0 0 0 0 15
0 0 8 3 18 0 0 0 0 0 0 13 0 0 0 7 0 0 0 0 0 0 0 0 0 11 0 1 0 0 0 0 0 18 14 0 3 4 0 0 0 0 0 19 0 0 0 0 0 0
0 0 10 0 0 11 0 0 15 0 11 19 0 6 6 7 0 0 0 0 0 0 0 6 5 13 0 17 0 0 0 0 3 0 0 0 0 0 0 0 0 0 0 13 0 0 0 0 0 0
0 0 0 0 0 0 14 15 0 0 0 0 0 10 0 0 0 0 0 0 0 0 6 0 0 0 0 0 0 0 0 0 0 0 0 0 0 0 0 0 0 0 0 0 19 0 3 0 0 0
0 1 0 0 0 0 0 0 0 16 1 0 0 5 0 5 0 0 0 0 0 0 5 0 0 0 0 0 0 12 0 0 0 0 0 5 2 0 0 0 17 12 0 4 3 0 17 10 11 0
1 0 0 0 0 8 0 7 0 0 4 0 2 0 6 0 0 13 12 2 17 11 13 0 0 0 0 10 0 0 0 6 14 6 0 0 13 0 0 0 3 9 0 0 14 0 0 0 14 3
2 0 0 0 0 0 0 0 0 0 18 5 0 0 0 14 12 0 0 0 0 0 0 0 0 0 0 0 0 0 0 13 14 12 0 0 0 18 0 0 0 0 9 0 0 4 1 0 14 0
0 0 0 0 0 2 10 0 19 0 0 0 7 0 0 0 0 0 0 18 13 1 17 0 0 10 0 0 0 0 16 0 0 0 0 7 0 0 0 0 0 0 0 0 0 0 13 0 0 0
15 0 2 0 0 0 0 0 0 0 0 19 10 0 15 0 0 16 0 0 0 0 0 0 0 0 0 0 0 17 0 0 13 0 0 0 0 0 0 0 0 0 0 0 6 0 14 0 0 0
0 0 12 0 0 6 0 0 8 0 0 14 0 0 5 0 0 0 0 0 0 0 0 0 12 0 0 0 17 0 0 0 0 0 13 0 7 0 0 0 0 2 0 0 2 0 0 0 7 0
19 12 0 1 0 0 0 16 0 0 0 0 0 0 0 18 0 16 0 0 0 0 0 0 0 0 0 16 0 0 0 0 0 0 1 0 2 0 0 12 5 0 0 0 0 0 0 0 0 0
0 12 13 5 0 0 0 0 0 0 0 0 0 3 3 0 0 0 0 0 0 0 0 0 0 6 13 0 0 0 0 0 0 0 0 0 7 17 0 0 0 0 0 11 17 12 0 0 0 17
11 16 15 0 2 0 2 5 2 0 0 4 0 0 0 0 12 0 0 0 8 0 3 0 0 14 14 0 13 0 0 0 0 0 13 0 3 0 0 19 6 0 0 0 3 0 0 18 15 17
16 0 16 16 15 10 11 0 0 0 0 18 0 0 0 0 9 12 0 0 0 18 0 0 0 6 12 0 0 0 0 0 0 0 0 10 0 0 2 15 0 0 13 8 0 0 1 0 0 0
0 17 0 13 16 0 0 0 3 0 16 16 0 0 0 0 17 0 11 0 0 14 0 0 0 0 0 0 0 13 1 0 13 0 0 0 0 0 0 0 0 13 0 0 0 0 0 8 4 0
0 0 0 3 17 0 0 2 9 0 0 0 9 0 0 0 18 0 4 0 12 0 0 0 5 0 0 7 0 0 0 0 0 10 0 0 16 0 0 0 0 0 0 0 0 0 0 6 0 19
0 0 0 0 0 0 0 0 0 0 0 6 14 16 0 0 0 0 0 0 0 3 0 0 2 13 0 0 0 7 2 7 3 0 0 16 0 18 0 0 0 0 0 0 0 0 0 8 0 0
0 0 0 0 0 0 0 0 0 0 4 12 7 0 0 18 7 0 0 0 0 4 0 0 0 0 18 0 0 0 0 17 0 0 0 0 18 0 0 0 9 0 0 0 0 0 0 0 0 13
0 0 0 5 0 0 8 0 18 0 18 0 0 0 17 7 7 0 0 0 2 0 0 0 0 0 0 0 0 0 0 0 0 2 0 0 0 0 0 0 7 0 9 0 0 1 0 8 0 9
0 0 0 0 0 1 0 0 0 7 0 0 12 15 0 4 0 0 0 0 0 0 0 0 0 0 0 0 0 0 12 0 19 15 0 0 0 0 0 0 14 0 0 2 0 8 0 0 0 19
0 0 1 0 5 6 0 0 1 0 0 0 0 0 0 0 0 0 0 0 0 0 0 0 17 3 0 0 0 0 5 0 6 0 0 0 0 9 7 14 0 0 0 0 0 0 0 0 0 4
7 3 0 0 0 0 0 0 12 0 0 0 13 0 17 0 0 0 16 16 0 0 0 0 12 9 0 0 0 2 0 0 0 0 13 0 0 0 0 0 0 0 0 0 0 0 0 0 0 10
0 0 0 0 0 0 0 0 2 0 0 12 0 0 0 0 0 2 12 0 0 0 0 0 0 0 9 0 0 0 0 0 0 13 0 0 0 0 9 0 0 0 0 6 0 0 0 0 0 6
0 2 15 0 0 0 0 7 0 0 0 0 0 3 0 0 9 0 0 0 0 19 13 0 4 0 0 0 0 0 0 11 0 8 0 0 0 0 0 2 0 0 6 0 11 7 0 15 0 19
0 12 0 0 0 0 0 0 0 0 0 0 0 14 0 0 0 5 0 0 0 0 0 19 3 14 0 0 6 2 0 17 3 0 0 0 0 0 0 0 0 0 0 11 0 0 0 0 0 0
0 0 4 17 9 18 2 0 0 0 0 7 0 0 0 0 0 0 0 0 0 0 0 0 0 0 4 0 0 0 0 12 0 0 0 0 0 0 1 8 0 0 0 7 0 0 9 0 5 0
0 0 0 0 0 17 15 13 0 0 15 11 0 0 0 13 0 0 0 0 0 0 0 3 17 0 1 13 14 0 0 0 0 1 0 0 0 0 0 0 0 0 0 0 0 9 0 0 7 10
0 0 0 0 14 10 6 0 1 0 0 0 0 0 0 19 0 0 8 0 0 0 0 0 10 0 0 0 0 0 0 0 18 0 8 6 8 0 8 0 0 0 0 15 0 0 0 0 0 0
6 0 0 0 0 12 0 0 0 0 0 2 0 0 0 0 1 0 0 0 0 0 0 0 11 14 14 0 0 7 0 0 15 0 4 0 0 0 0 0 0 0 0 0 0 5 7 0 0 5
8 0 1 10 0 0 2 0 8 0 2 0 0 0 12 1 0 0 0 0 15 0 0 0 0 3 0 0 0 0 0 17 17 0 0 19 0 13 9 19 4 10 6 19 0 0 10 0 5 0
