100
50
0 12 5 16 18 1 18 5 10 7 19 7 11 2 11 17 6 4 14 6 11 17 14 9 1 0 17 13 19 16 17 11 14 16 18 5 14 2 15 11 15 2 10 6 8 4 8 9 12 15
12 0 15 8 7 14 18 5 8 3 2 17 15 10 17 4 19 8 1 7 13 13 4 4 15 5 8 18 8 18 18 6 12 0 15 12 12 9 19 14 11 16 6 15 13 15 15 8 12 14
5 15 0 16 7 17 18 7 17 7 4 7 18 1 3 0 19 10 15 11 12 6 2 19 18 0 19 19 10 0 17 4 0 17 15 0 7 16 16 9 5 9 9 19 2 6 19 2 11 10
16 8 16 0 14 12 6 15 8 4 5 11 0 3 17 8 1 17 5 5 12 16 19 6 13 15 10 9 17 4 3 5 12 13 15 2 6 17 17 16 17 10 12 16 19 13 2 15 1 17
18 7 7 14 0 0 19 12 11 19 1 17 15 11 9 10 18 18 18 14 14 17 1 2 7 3 16 9 6 8 7 6 3 12 6 12 18 7 12 18 17 2 12 3 8 5 19 1 19 8
1 14 17 12 0 0 8 3 12 7 14 19 10 3 16 12 15 6 8 5 3 12 7 13 13 18 8 11 1 10 9 19 8 17 10 19 18 1 4 18 8 7 10 4 3 7 6 11 13 5
18 18 18 6 19 8 0 12 14 11 4 8 3 10 4 8 8 17 19 15 14 9 18 12 10 18 5 16 17 3 15 11 16 3 8 1 16 19 3 11 6 11 13 13 13 6 15 8 17 13
5 5 7 15 12 3 12 0 3 13 2 5 2 12 2 16 18 1 8 1 11 12 4 7 13 2 18 0 3 7 11 1 7 2 1 3 18 2 11 19 14 8 14 8 13 2 3 6 15 4
10 8 17 8 11 12 14 3 0 4 19 10 10 3 9 11 9 15 8 12 19 4 14 11 17 8 11 5 4 15 16 6 0 1 5 16 4 11 4 16 11 19 1 10 19 7 5 14 7 15
7 3 7 4 19 7 11 13 4 0 15 4 13 10 9 13 15 0 12 5 9 15 5 17 6 6 10 6 0 3 5 0 1 11 13 17 6 17 12 1 2 18 4 11 3 5 1 17 15 7
19 2 4 5 1 14 4 2 19 15 0 0 17 8 15 8 2 3 1 16 12 8 12 0 0 4 12 1 3 12 2 7 0 13 13 8 7 12 9 6 4 12 3 13 15 6 0 16 3 6
7 17 7 11 17 19 8 5 10 4 0 0 13 19 1 18 6 12 5 13 1 17 19 2 15 12 18 1 0 3 8 13 5 0 5 2 4 17 4 10 8 0 1 18 19 5 0 9 5 4
11 15 18 0 15 10 3 2 10 13 17 13 0 5 11 6 18 1 19 4 5 6 9 1 13 8 19 1 1 10 15 12 10 18 2 14 10 11 1 10 14 1 9 0 10 0 11 5 14 12
2 10 1 3 11 3 10 12 3 10 8 19 5 0 3 1 15 18 15 17 3 7 4 6 12 19 11 18 16 19 0 18 14 10 10 5 0 7 7 0 3 4 19 4 3 2 2 0 3 3
11 17 3 17 9 16 4 2 9 9 15 1 11 3 0 6 11 17 5 15 0 9 0 16 11 13 14 2 9 12 6 10 19 8 4 10 7 18 15 4 19 18 14 6 2 3 14 3 4 7
17 4 0 8 10 12 8 16 11 13 8 18 6 1 6 0 0 2 13 3 7 5 5 1 4 1 13 6 2 9 15 14 1 15 16 13 3 5 7 6 1 3 1 2 17 16 19 2 6 6
6 19 19 1 18 15 8 18 9 15 2 6 18 15 11 0 0 19 9 2 14 18 18 13 17 2 19 1 3 16 7 12 12 14 6 5 6 0 3 9 11 14 12 3 8 6 5 5 13 3
4 8 10 17 18 6 17 1 15 0 3 12 1 18 17 2 19 0 19 2 15 13 10 7 11 15 15 1 15 7 4 5 8 18 4 14 18 5 7 19 1 1 11 0 18 3 10 9 5 13
14 1 15 5 18 8 19 8 8 12 1 5 19 15 5 13 9 19 0 4 11 2 10 0 10 9 6 3 10 16 18 11 0 4 1 0 10 0 0 15 2 1 9 19 2 15 12 0 15 18
6 7 11 5 14 5 15 1 12 5 16 13 4 17 15 3 2 2 4 0 10 15 12 9 12 17 19 0 1 6 1 6 18 15 16 19 4 3 13 17 5 15 4 6 14 18 13 0 18 15
11 13 12 12 14 3 14 11 19 9 12 1 5 3 0 7 14 15 11 10 0 12 17 18 1 6 0 13 5 1 5 10 7 16 19 1 1 4 8 12 4 11 12 16 15 5 14 19 7 18
17 13 6 16 17 12 9 12 4 15 8 17 6 7 9 5 18 13 2 15 12 0 0 13 5 5 14 4 4 0 15 1 10 2 8 7 3 19 17 11 8 18 1 13 6 3 7 7 10 2
14 4 2 19 1 7 18 4 14 5 12 19 9 4 0 5 18 10 10 12 17 0 0 12 9 19 14 14 8 9 17 11 8 5 9 12 16 10 0 9 17 19 0 8 7 1 5 4 10 6
9 4 19 6 2 13 12 7 11 17 0 2 1 6 16 1 13 7 0 9 18 13 12 0 10 16 19 10 1 0 15 0 15 3 2 3 5 0 2 4 4 17 4 4 18 2 17 4 7 8
1 15 18 13 7 13 10 13 17 6 0 15 13 12 11 4 17 11 10 12 1 5 9 10 0 9 0 13 5 17 13 17 11 7 12 13 19 7 17 4 1 11 3 14 4 18 9 14 17 6
0 5 0 15 3 18 18 2 8 6 4 12 8 19 13 1 2 15 9 17 6 5 19 16 9 0 3 5 10 10 18 7 10 2 11 0 12 16 2 10 9 9 17 13 5 12 4 9 2 0
17 8 19 10 16 8 5 18 11 10 12 18 19 11 14 13 19 15 6 19 0 14 14 19 0 3 0 11 15 16 6 3 2 15 7 1 8 12 19 7 19 1 12 3 9 18 8 19 18 14
13 18 19 9 9 11 16 0 5 6 1 1 1 18 2 6 1 1 3 0 13 4 14 10 13 5 11 0 16 15 3 14 15 7 16 8 1 2 18 15 11 7 6 2 10 14 6 1 18 1
19 8 10 17 6 1 17 3 4 0 3 0 1 16 9 2 3 15 10 1 5 4 8 1 5 10 15 16 0 17 1 12 14 18 18 8 7 7 8 19 16 13 18 1 6 16 6 8 10 15
16 18 0 4 8 10 3 7 15 3 12 3 10 19 12 9 16 7 16 6 1 0 9 0 17 10 16 15 17 0 18 15 6 1 17 16 16 4 2 10 4 16 10 12 13 4 8 16 12 16
17 18 17 3 7 9 15 11 16 5 2 8 15 0 6 15 7 4 18 1 5 15 17 15 13 18 6 3 1 18 0 6 3 2 0 4 1 9 16 0 5 5 6 8 18 6 6 9 1 8
11 6 4 5 6 19 11 1 6 0 7 13 12 18 10 14 12 5 11 6 10 1 11 0 17 7 3 14 12 15 6 0 14 0 14 1 3 13 8 12 1 9 14 11 12 16 19 13 9 10
14 12 0 12 3 8 16 7 0 1 0 5 10 14 19 1 12 8 0 18 7 10 8 15 11 10 2 15 14 6 3 14 0 3 4 10 8 2 0 15 13 0 5 14 18 16 18 5 4 11
16 0 17 13 12 17 3 2 1 11 13 0 18 10 8 15 14 18 4 15 16 2 5 3 7 2 15 7 18 1 2 0 3 0 7 7 7 2 13 2 10 11 3 11 6 6 6 18 6 14
18 15 15 15 6 10 8 1 5 13 13 5 2 10 4 16 6 4 1 16 19 8 9 2 12 11 7 16 18 17 0 14 4 7 0 17 2 17 11 13 15 13 13 15 2 16 7 8 8 2
5 12 0 2 12 19 1 3 16 17 8 2 14 5 10 13 5 14 0 19 1 7 12 3 13 0 1 8 8 16 4 1 10 7 17 0 3 8 18 0 1 19 5 0 10 13 5 17 0 7
14 12 7 6 18 18 16 18 4 6 7 4 10 0 7 3 6 18 10 4 1 3 16 5 19 12 8 1 7 16 1 3 8 7 2 3 0 13 7 6 9 15 4 13 1 8 11 12 14 18
2 9 16 17 7 1 19 2 11 17 12 17 11 7 18 5 0 5 0 3 4 19 10 0 7 16 12 2 7 4 9 13 2 2 17 8 13 0 10 5 12 18 13 15 10 1 11 9 15 9
15 19 16 17 12 4 3 11 4 12 9 4 1 7 15 7 3 7 0 13 8 17 0 2 17 2 19 18 8 2 16 8 0 13 11 18 7 10 0 1 10 4 16 6 12 13 9 18 2 7
11 14 9 16 18 18 11 19 16 1 6 10 10 0 4 6 9 19 15 17 12 11 9 4 4 10 7 15 19 10 0 12 15 2 13 0 6 5 1 0 1 19 15 5 9 15 18 13 2 10
15 11 5 17 17 8 6 14 11 2 4 8 14 3 19 1 11 1 2 5 4 8 17 4 1 9 19 11 16 4 5 1 13 10 15 1 9 12 10 1 0 3 3 6 15 16 0 12 10 16
2 16 9 10 2 7 11 8 19 18 12 0 1 4 18 3 14 1 1 15 11 18 19 17 11 9 1 7 13 16 5 9 0 11 13 19 15 18 4 19 3 0 2 6 13 16 5 2 1 14
10 6 9 12 12 10 13 14 1 4 3 1 9 19 14 1 12 11 9 4 12 1 0 4 3 17 12 6 18 10 6 14 5 3 13 5 4 13 16 15 3 2 0 14 11 19 3 18 13 14
6 15 19 16 3 4 13 8 10 11 13 18 0 4 6 2 3 0 19 6 16 13 8 4 14 13 3 2 1 12 8 11 14 11 15 0 13 15 6 5 6 6 14 0 4 5 18 4 17 6
8 13 2 19 8 3 13 13 19 3 15 19 10 3 2 17 8 18 2 14 15 6 7 18 4 5 9 10 6 13 18 12 18 6 2 10 1 10 12 9 15 13 11 4 0 8 17 13 11 15
4 15 6 13 5 7 6 2 7 5 6 5 0 2 3 16 6 3 15 18 5 3 1 2 18 12 18 14 16 4 6 16 16 6 16 13 8 1 13 15 16 16 19 5 8 0 2 16 15 10
8 15 19 2 19 6 15 3 5 1 0 0 11 2 14 19 5 10 12 13 14 7 5 17 9 4 8 6 6 8 6 19 18 6 7 5 11 11 9 18 0 5 3 18 17 2 0 18 8 17
9 8 2 15 1 11 8 6 14 17 16 9 5 0 3 2 5 9 0 0 19 7 4 4 14 9 19 1 8 16 9 13 5 18 8 17 12 9 18 13 12 2 18 4 13 16 18 0 15 8
12 12 11 1 19 13 17 15 7 15 3 5 14 3 4 6 13 5 15 18 7 10 10 7 17 2 18 18 10 12 1 9 4 6 8 0 14 15 2 2 10 1 13 17 11 15 8 15 0 7
15 14 10 17 8 5 13 4 15 7 6 4 12 3 7 6 3 13 18 15 18 2 6 8 6 0 14 1 15 16 8 10 11 14 2 7 18 9 7 10 16 14 14 6 15 10 17 8 7 0
