100
75
0 0 0 11 18 5 0 0 0 0 0 0 10 0 0 16 0 0 9 0 0 0 2 0 5 7 0 0 0 0 19 0 0 14 0 8 0 0 3 0 0 0 0 1 10 0 0 5 0 0 0 1 0 6 0 0 0 0 0 16 0 0 0 0 0 0 0 6 0 4 2 0 3 0 10
0 0 0 0 0 19 2 0 0 0 17 0 0 0 0 0 0 12 0 0 0 0 0 0 0 3 0 0 0 0 0 0 14 2 0 0 0 0 18 5 0 0 0 0 0 13 0 0 0 0 5 7 0 0 0 0 0 0 0 0 0 0 0 0 0 0 0 0 0 2 12 13 0 14 0
0 0 0 0 18 11 19 0 7 8 6 0 8 0 2 12 0 16 0 0 0 0 0 1 0 0 5 6 13 0 0 0 2 0 11 15 0 0 0 0 0 0 0 19 0 0 18 0 0 0 0 0 1 12 10 0 0 0 0 0 0 1 0 2 0 0 0 0 0 0 5 0 5 0 11
11 0 0 0 0 15 3 0 2 0 0 0 0 0 0 0 0 15 0 0 9 6 0 5 3 0 0 0 0 0 0 0 0 0 0 0 0 2 0 0 0 18 0 8 0 0 0 0 0 0 0 0 0 0 0 17 0 0 0 5 0 0 0 0 0 0 0 0 0 0 0 0 19 0 0
18 0 18 0 0 0 18 0 0 0 0 0 10 0 0 5 0 0 0 0 0 6 0 0 2 13 0 0 0 0 0 0 0 19 0 0 2 0 5 0 0 0 0 0 0 0 0 0 0 0 0 13 0 0 0 9 0 0 14 0 0 0 18 2 18 0 0 0 9 4 0 17 5 0 0
5 19 11 15 0 0 19 0 0 0 9 3 5 10 17 0 0 16 0 0 0 19 2 12 16 0 0 0 0 0 0 0 16 4 0 9 6 2 19 0 0 0 0 0 0 17 8 0 19 0 0 0 13 0 0 12 0 0 12 0 0 0 0 0 0 0 0 0 19 0 19 0 0 0 2
0 2 19 3 18 19 0 0 0 0 3 6 15 0 0 0 0 0 0 9 5 0 0 0 0 7 8 0 0 12 0 0 0 0 0 0 0 10 0 0 5 15 0 0 0 0 0 12 0 0 0 0 0 17 0 0 0 0 0 0 0 0 0 0 0 0 0 2 0 0 16 0 17 0 2
0 0 0 0 0 0 0 0 0 1 16 0 1 0 6 0 11 0 15 13 14 3 11 0 0 0 0 16 0 15 0 0 0 0 0 0 11 0 0 13 0 0 0 4 0 0 4 0 0 11 0 7 0 4 0 10 0 0 0 0 19 0 0 0 0 0 0 0 0 3 18 0 0 0 0
0 0 7 2 0 0 0 0 0 13 0 0 0 0 16 0 0 0 1 0 0 0 0 3 0 0 6 0 0 0 0 0 0 8 0 15 0 0 0 9 3 0 0 18 0 19 0 6 0 0 0 0 0 0 0 18 0 0 0 0 0 0 5 4 0 19 0 15 11 0 0 0 0 0 0
0 0 8 0 0 0 0 1 13 0 0 0 9 0 0 0 7 0 0 0 0 0 3 0 0 0 0 0 0 4 5 9 5 0 0 0 0 0 2 0 0 0 0 0 11 0 0 0 19 8 0 0 8 0 0 0 15 0 0 19 0 0 0 15 11 9 0 7 0 0 0 0 0 0 5
0 17 6 0 0 9 3 16 0 0 0 11 0 0 1 16 0 5 0 18 0 0 0 0 13 8 0 12 0 16 0 0 0 0 0 0 0 0 4 0 0 0 0 0 0 3 0 15 7 0 0 18 0 11 0 0 0 16 0 2 0 15 0 0 0 1 16 0 5 0 3 0 9 0 0
0 0 0 0 0 3 6 0 0 0 11 0 0 0 0 0 0 0 5 0 0 0 0 17 0 0 0 0 0 0 0 4 0 0 8 14 4 0 0 0 0 0 14 0 13 0 9 0 0 0 0 1 13 3 0 0 0 13 0 0 0 14 0 0 0 2 0 0 10 7 0 0 0 0 0
10 0 8 0 10 5 15 1 0 9 0 0 0 6 0 0 0 0 0 0 0 0 0 0 0 14 2 19 0 5 12 0 2 0 2 19 0 0 0 0 0 0 0 10 0 0 0 19 0 0 0 0 8 5 0 0 0 0 18 8 0 0 0 3 0 0 0 0 10 0 0 13 0 0 0
0 0 0 0 0 10 0 0 0 0 0 0 6 0 0 0 0 0 0 12 0 0 0 5 7 0 15 0 0 0 0 8 1 13 0 0 0 0 19 0 0 9 0 0 0 10 0 4 5 0 0 0 7 11 0 0 0 2 0 0 0 0 0 0 0 0 0 0 0 0 0 0 0 0 12
0 0 2 0 0 17 0 6 16 0 1 0 0 0 0 0 0 0 0 13 0 16 10 0 18 0 0 0 4 0 0 0 11 0 11 0 0 0 0 0 0 3 12 12 0 4 0 0 0 0 0 0 6 0 19 0 0 0 0 0 10 0 0 0 0 0 0 0 0 0 0 13 0 0 5
16 0 12 0 5 0 0 0 0 0 16 0 0 0 0 0 5 0 7 0 0 0 12 0 0 0 0 0 0 0 6 0 0 0 0 0 0 0 0 0 0 0 0 0 0 0 0 8 0 0 0 0 0 0 0 0 2 2 0 0 0 0 0 7 0 0 0 0 15 0 0 12 0 0 10
0 0 0 0 0 0 0 11 0 7 0 0 0 0 0 5 0 0 0 5 0 18 0 10 0 15 0 0 0 0 0 16 6 0 17 0 0 0 14 0 0 18 6 0 0 0 0 0 0 16 0 0 0 2 0 0 8 0 0 0 0 0 0 8 0 15 0 0 0 0 5 0 2 7 3
0 12 16 15 0 16 0 0 0 0 5 0 0 0 0 0 0 0 0 12 10 0 0 0 12 0 0 0 4 7 0 0 9 0 0 1 0 17 14 0 15 1 0 0 0 0 0 0 1 0 0 19 0 7 0 19 0 0 0 0 13 0 0 0 14 0 0 0 0 0 0 0 0 0 0
9 0 0 0 0 0 0 15 1 0 0 5 0 0 0 7 0 0 0 0 0 0 0 0 0 19 0 0 0 0 0 0 0 0 0 13 16 0 9 9 0 0 0 0 0 0 15 0 0 0 0 0 0 0 0 0 0 0 0 19 0 0 0 0 0 0 0 2 0 5 0 0 0 0 0
0 0 0 0 0 0 9 13 0 0 18 0 0 12 13 0 5 12 0 0 12 17 0 0 0 0 15 2 0 10 0 0 0 0 0 0 14 4 0 0 0 12 0 0 7 13 0 0 11 0 0 0 17 12 0 0 0 10 0 0 1 0 4 0 0 0 0 0 0 0 0 0 8 0 0
0 0 0 9 0 0 5 14 0 0 0 0 0 0 0 0 0 10 0 12 0 0 0 0 0 0 0 0 0 11 0 0 0 0 15 0 0 0 4 9 0 16 0 0 0 0 0 19 16 10 0 16 9 0 11 0 0 0 0 0 0 0 0 0 0 16 0 13 0 0 9 0 0 0 0
0 0 0 6 6 19 0 3 0 0 0 0 0 0 16 0 18 0 0 17 0 0 9 0 14 0 0 0 0 0 0 0 0 0 0 0 0 0 0 0 11 0 17 19 0 0 0 7 0 13 0 15 0 0 15 0 7 0 0 0 4 0 0 10 3 0 2 0 17 0 0 11 0 2 1
2 0 0 0 0 2 0 11 0 3 0 0 0 0 10 12 0 0 0 0 0 9 0 0 0 0 0 0 0 0 11 0 0 0 0 10 0 0 0 0 9 7 0 18 0 0 13 0 0 0 2 0 10 0 0 0 5 4 0 0 0 16 0 0 0 1 0 0 0 0 0 0 0 0 0
0 0 1 5 0 12 0 0 3 0 0 17 0 5 0 0 10 0 0 0 0 0 0 0 5 0 0 0 0 0 0 0 0 9 0 0 0 18 0 10 11 7 8 0 0 0 0 7 0 10 16 14 5 0 0 4 14 0 0 0 0 16 0 15 0 0 1 0 0 0 1 0 0 0 0
5 0 0 3 2 16 0 0 0 0 13 0 0 7 18 0 0 12 0 0 0 14 0 5 0 6 18 2 0 12 7 1 7 0 0 0 0 18 0 0 0 0 10 3 0 13 0 0 0 10 0 0 0 0 9 0 0 0 7 0 1 11 0 0 0 0 5 7 0 0 0 15 0 0 0
7 3 0 0 13 0 7 0 0 0 8 0 14 0 0 0 15 0 19 0 0 0 0 0 6 0 0 0 10 18 13 12 0 3 0 4 0 1 0 0 0 0 5 13 0 11 3 0 0 0 0 0 11 0 19 5 0 15 0 0 0 0 9 0 0 18 0 2 9 18 0 0 0 0 0
0 0 5 0 0 0 8 0 6 0 0 0 2 15 0 0 0 0 0 15 0 0 0 0 18 0 0 0 18 0 2 16 0 0 0 0 0 1 16 0 0 0 14 0 0 0 10 3 19 14 0 0 0 0 0 0 0 0 0 0 11 0 0 0 0 0 0 13 0 0 11 14 0 0 18
0 0 6 0 0 0 0 16 0 0 12 0 19 0 0 0 0 0 0 2 0 0 0 0 2 0 0 0 0 0 0 9 9 0 0 14 0 0 4 0 19 0 0 7 0 0 0 0 0 0 0 0 0 0 8 0 0 0 0 6 16 12 0 0 19 0 0 14 0 0 0 10 0 0 0
0 0 13 0 0 0 0 0 0 0 0 0 0 0 4 0 0 4 0 0 0 0 0 0 0 10 18 0 0 0 0 0 0 4 6 0 0 0 0 0 0 0 0 0 0 0 0 0 5 0 0 0 0 0 0 0 4 0 0 0 0 2 18 1 0 16 0 0 0 17 0 0 0 0 11
0 0 0 0 0 0 12 15 0 4 16 0 5 0 0 0 0 7 0 10 11 0 0 0 12 18 0 0 0 0 0 0 0 4 0 0 0 0 0 0 3 2 6 19 0 0 3 0 0 0 8 0 0 0 0 0 0 0 0 0 0 0 0 0 0 0 7 0 4 0 0 0 0 7 0
19 0 0 0 0 0 0 0 0 5 0 0 12 0 0 6 0 0 0 0 0 0 11 0 7 13 2 0 0 0 0 2 0 0 3 0 0 0 0 17 0 0 0 7 0 0 0 13 0 0 6 0 0 0 0 0 10 0 0 0 2 13 0 0 4 0 0 3 0 0 0 14 0 0 0
0 0 0 0 0 0 0 0 0 9 0 4 0 8 0 0 16 0 0 0 0 0 0 0 1 12 16 9 0 0 2 0 0 0 0 0 0 16 0 7 0 0 0 0 0 0 0 0 0 0 11 0 12 0 15 0 0 0 17 0 0 0 0 0 0 0 0 0 0 19 0 0 0 0 0
0 14 2 0 0 16 0 0 0 5 0 0 2 1 11 0 6 9 0 0 0 0 0 0 7 0 0 9 0 0 0 0 0 0 0 0 12 0 0 0 0 0 0 0 8 0 0 0 0 0 18 7 8 2 0 0 6 0 0 0 0 0 0 0 0 0 0 0 0 10 0 0 0 0 0
14 2 0 0 19 4 0 0 8 0 0 0 0 13 0 0 0 0 0 0 0 0 0 9 0 3 0 0 4 4 0 0 0 0 9 0 17 18 15 0 0 2 0 0 2 0 0 0 0 12 0 0 9 0 0 11 12 0 16 0 0 0 0 10 0 0 0 0 0 0 3 0 0 0 0
0 0 11 0 0 0 0 0 0 0 0 8 2 0 11 0 17 0 0 0 15 0 0 0 0 0 0 0 6 0 3 0 0 9 0 0 0 0 0 0 10 0 15 0 0 0 12 0 0 18 0 15 9 0 0 0 9 9 0 0 0 0 0 0 6 0 14 15 0 0 0 0 0 0 0
8 0 15 0 0 9 0 0 15 0 0 14 19 0 0 0 0 1 13 0 0 0 10 0 0 4 0 14 0 0 0 0 0 0 0 0 0 16 11 0 18 7 0 0 11 0 0 0 0 0 0 0 0 2 11 17 2 0 0 13 0 0 8 6 0 18 0 0 0 0 9 0 0 0 0
0 0 0 0 2 6 0 11 0 0 0 4 0 0 0 0 0 0 16 14 0 0 0 0 0 0 0 0 0 0 0 0 12 17 0 0 0 0 0 0 5 0 7 0 0 14 0 0 5 0 0 0 16 0 0 0 0 0 0 18 0 0 0 0 0 0 0 3 0 0 8 16 0 0 0
0 0 0 2 0 2 10 0 0 0 0 0 0 0 0 0 0 17 0 4 0 0 0 18 18 1 1 0 0 0 0 16 0 18 0 16 0 0 1 0 0 17 0 0 0 0 2 8 0 0 0 12 7 0 0 0 0 0 0 11 0 0 0 0 5 5 19 0 10 0 0 0 0 0 18
3 18 0 0 5 19 0 0 0 2 4 0 0 19 0 0 14 14 9 0 4 0 0 0 0 0 16 4 0 0 0 0 0 15 0 11 0 1 0 0 0 0 0 0 0 0 0 0 9 10 10 0 2 0 0 0 0 0 0 0 0 2 17 17 0 10 0 0 0 0 0 0 0 0 13
0 5 0 0 0 0 0 13 9 0 0 0 0 0 0 0 0 0 9 0 9 0 0 10 0 0 0 0 0 0 17 7 0 0 0 0 0 0 0 0 0 0 14 0 0 0 4 0 0 0 0 3 0 0 0 13 0 10 0 0 0 0 0 0 0 0 2 1 0 17 0 0 0 8 0
0 0 0 0 0 0 5 0 3 0 0 0 0 0 0 0 0 15 0 0 0 11 9 11 0 0 0 19 0 3 0 0 0 0 10 18 5 0 0 0 0 0 0 0 9 0 0 0 0 0 0 0 0 9 0 12 0 0 0 0 0 0 0 0 0 0 0 0 0 0 9 14 0 8 0
0 0 0 18 0 0 15 0 0 0 0 0 0 9 3 0 18 1 0 12 16 0 7 7 0 0 0 0 0 2 0 0 0 2 0 7 0 17 0 0 0 0 0 0 0 0 2 0 0 0 0 0 7 0 0 2 19 0 13 0 0 0 0 0 18 0 0 0 0 0 0 0 0 0 0
0 0 0 0 0 0 0 0 0 0 0 14 0 0 12 0 6 0 0 0 0 17 0 8 10 5 14 0 0 6 0 0 0 0 15 0 7 0 0 14 0 0 0 0 0 9 1 0 0 16 3 0 0 0 0 1 0 0 0 0 11 0 0 17 0 0 18 0 0 12 0 14 0 0 0
1 0 19 8 0 0 0 4 18 0 0 0 10 0 12 0 0 0 0 0 0 19 18 0 3 13 0 7 0 19 7 0 0 0 0 0 0 0 0 0 0 0 0 0 0 0 19 11 7 17 0 8 0 18 0 5 2 0 0 14 0 0 0 0 14 0 8 0 0 0 0 17 0 0 0
10 0 0 0 0 0 0 0 0 11 0 13 0 0 0 0 0 0 0 7 0 0 0 0 0 0 0 0 0 0 0 0 8 2 0 11 0 0 0 0 9 0 0 0 0 0 3 0 0 0 8 0 0 0 12 0 0 11 0 0 0 12 4 0 3 0 0 19 13 0 3 0 10 1 16
0 13 0 0 0 17 0 0 19 0 3 0 0 10 4 0 0 0 0 13 0 0 0 0 13 11 0 0 0 0 0 0 0 0 0 0 14 0 0 0 0 0 9 0 0 0 0 0 19 0 0 0 0 0 0 11 0 14 0 9 0 0 0 0 0 0 9 0 0 0 0 0 19 0 0
0 0 18 0 0 8 0 4 0 0 0 9 0 0 0 0 0 0 15 0 0 0 13 0 0 3 10 0 0 3 0 0 0 0 12 0 0 2 0 4 0 2 1 19 3 0 0 0 0 0 0 0 0 0 7 0 0 8 0 3 0 16 0 0 17 3 0 0 0 0 0 0 0 0 0
5 0 0 0 0 0 12 0 6 0 15 0 19 4 0 8 0 0 0 0 19 7 0 7 0 0 3 0 0 0 13 0 0 0 0 0 0 8 0 0 0 0 0 11 0 0 0 0 10 0 0 17 0 17 0 0 0 0 0 5 0 0 16 0 0 0 1 1 0 0 16 0 0 0 0
0 0 0 0 0 19 0 0 0 19 7 0 0 5 0 0 0 1 0 11 16 0 0 0 0 0 19 0 5 0 0 0 0 0 0 0 5 0 9 0 0 0 0 7 0 19 0 10 0 5 0 0 0 0 0 0 13 0 0 0 0 5 0 0 3 0 0 0 5 0 16 0 0 0 0
0 0 0 0 0 0 0 11 0 8 0 0 0 0 0 0 16 0 0 0 10 13 0 10 10 0 14 0 0 0 0 0 0 12 18 0 0 0 10 0 0 0 16 17 0 0 0 0 5 0 11 16 0 6 1 0 17 0 0 5 16 1 0 0 0 18 18 0 0 0 0 14 0 18 0
0 5 0 0 0 0 0 0 0 0 0 0 0 0 0 0 0 0 0 0 0 0 2 16 0 0 0 0 0 8 6 11 18 0 0 0 0 0 10 0 0 0 3 0 8 0 0 0 0 11 0 17 0 0 0 0 0 0 0 2 0 5 0 0 16 0 1 0 19 0 0 3 18 0 0
1 7 0 0 13 0 0 7 0 0 18 1 0 0 0 0 0 19 0 0 16 15 0 14 0 0 0 0 0 0 0 0 7 0 15 0 0 12 0 3 0 0 0 8 0 0 0 17 0 16 17 0 0 0 1 16 0 0 0 0 0 0 0 0 0 0 0 0 0 3 0 7 0 0 4
0 0 1 0 0 13 0 0 0 8 0 13 8 7 6 0 0 0 0 17 9 0 10 5 0 11 0 0 0 0 0 12 8 9 9 0 16 7 2 0 0 7 0 0 0 0 0 0 0 0 0 0 0 10 0 15 0 0 0 0 0 0 0 14 4 0 0 0 16 0 10 0 0 0 19
6 0 12 0 0 0 17 4 0 0 11 3 5 11 0 0 2 7 0 12 0 0 0 0 0 0 0 0 0 0 0 0 2 0 0 2 0 0 0 0 9 0 0 18 0 0 0 17 0 6 0 0 10 0 0 0 0 0 0 0 12 13 0 0 0 0 0 2 0 0 3 0 0 1 0
0 0 10 0 0 0 0 0 0 0 0 0 0 0 19 0 0 0 0 0 11 15 0 0 9 19 0 8 0 0 0 15 0 0 0 11 0 0 0 0 0 0 0 0 12 0 7 0 0 1 0 1 0 0 0 4 0 2 0 16 6 0 0 0 0 0 0 2 0 2 0 0 0 4 0
0 0 0 17 9 12 0 10 18 0 0 0 0 0 0 0 0 19 0 0 0 0 0 4 0 5 0 0 0 0 0 0 0 11 0 17 0 0 0 13 12 2 1 5 0 11 0 0 0 0 0 16 15 0 4 0 0 0 11 0 0 0 15 0 6 7 0 0 0 17 0 0 0 15 0
0 0 0 0 0 0 0 0 0 15 0 0 0 0 0 2 8 0 0 0 0 7 5 14 0 0 0 0 4 0 10 0 6 12 9 2 0 0 0 0 0 19 0 2 0 0 0 0 13 17 0 0 0 0 0 0 0 0 0 15 0 12 0 0 0 16 18 0 10 9 17 0 0 0 0
0 0 0 0 0 0 0 0 0 0 16 13 0 2 0 2 0 0 0 10 0 0 4 0 0 15 0 0 0 0 0 0 0 0 9 0 0 0 0 10 0 0 0 0 11 14 8 0 0 0 0 0 0 0 2 0 0 0 0 3 9 5 11 0 0 3 0 18 0 0 0 5 5 0 0
0 0 0 0 14 12 0 0 0 0 0 0 18 0 0 0 0 0 0 0 0 0 0 0 7 0 0 0 0 0 0 17 0 16 0 0 0 0 0 0 0 13 0 0 0 0 0 0 0 0 0 0 0 0 0 11 0 0 0 7 0 0 0 7 0 8 0 0 0 0 0 0 5 0 0
16 0 0 5 0 0 0 0 0 19 2 0 8 0 0 0 0 0 19 0 0 0 0 0 0 0 0 6 0 0 0 0 0 0 0 13 18 11 0 0 0 0 0 14 0 9 3 5 0 5 2 0 0 0 16 0 15 3 7 0 3 0 7 2 10 0 9 0 0 0 9 11 0 0 0
0 0 0 0 0 0 0 19 0 0 0 0 0 0 10 0 0 13 0 1 0 4 0 0 1 0 11 16 0 0 2 0 0 0 0 0 0 0 0 0 0 0 11 0 0 0 0 0 0 16 0 0 0 12 6 0 0 9 0 3 0 0 0 0 0 0 0 0 0 0 0 0 14 14 0
0 0 1 0 0 0 0 0 0 0 15 14 0 0 0 0 0 0 0 0 0 0 16 16 11 0 0 12 2 0 13 0 0 0 0 0 0 0 2 0 0 0 0 0 12 0 16 0 5 1 5 0 0 13 0 0 12 5 0 0 0 0 0 0 2 0 0 0 19 0 0 0 0 9 0
0 0 0 0 18 0 0 0 5 0 0 0 0 0 0 0 0 0 0 4 0 0 0 0 0 9 0 0 18 0 0 0 0 0 0 8 0 0 17 0 0 0 0 0 4 0 0 16 0 0 0 0 0 0 0 15 0 11 0 7 0 0 0 0 0 4 0 3 0 0 0 0 0 5 0
0 0 2 0 2 0 0 0 4 15 0 0 3 0 0 7 8 0 0 0 0 10 0 15 0 0 0 0 1 0 0 0 0 10 0 6 0 0 17 0 0 0 17 0 0 0 0 0 0 0 0 0 14 0 0 0 0 0 7 2 0 0 0 0 0 3 18 0 2 11 0 0 0 0 6
0 0 0 0 18 0 0 0 0 11 0 0 0 0 0 0 0 14 0 0 0 3 0 0 0 0 0 19 0 0 4 0 0 0 6 0 0 5 0 0 0 18 0 14 3 0 17 0 3 0 16 0 4 0 0 6 0 0 0 10 0 2 0 0 0 0 0 0 16 0 0 0 6 9 0
0 0 0 0 0 0 0 0 19 9 1 2 0 0 0 0 15 0 0 0 16 0 1 0 0 18 0 0 16 0 0 0 0 0 0 18 0 5 10 0 0 0 0 0 0 0 3 0 0 18 0 0 0 0 0 7 16 3 8 0 0 0 4 3 0 0 0 0 9 0 0 0 0 0 0
0 0 0 0 0 0 0 0 0 0 16 0 0 0 0 0 0 0 0 0 0 2 0 1 5 0 0 0 0 7 0 0 0 0 14 0 0 19 0 2 0 0 18 8 0 9 0 1 0 18 1 0 0 0 0 0 18 0 0 9 0 0 0 18 0 0 0 3 0 0 0 0 14 0 0
6 0 0 0 0 0 2 0 15 7 0 0 0 0 0 0 0 0 2 0 13 0 0 0 7 2 13 14 0 0 3 0 0 0 15 0 3 0 0 1 0 0 0 0 19 0 0 1 0 0 0 0 0 2 2 0 0 18 0 0 0 0 3 0 0 0 3 0 1 12 18 0 0 18 11
0 0 0 0 9 19 0 0 11 0 5 10 10 0 0 15 0 0 0 0 0 17 0 0 0 9 0 0 0 4 0 0 0 0 0 0 0 10 0 0 0 0 0 0 13 0 0 0 5 0 19 0 16 0 0 0 10 0 0 0 0 19 0 2 16 9 0 1 0 0 4 0 14 4 0
4 2 0 0 4 0 0 3 0 0 0 7 0 0 0 0 0 0 5 0 0 0 0 0 0 18 0 0 17 0 0 19 10 0 0 0 0 0 0 17 0 0 12 0 0 0 0 0 0 0 0 3 0 0 2 17 9 0 0 0 0 0 0 11 0 0 0 12 0 0 0 0 0 18 0
2 12 5 0 0 19 16 18 0 0 3 0 0 0 0 0 5 0 0 0 9 0 0 1 0 0 11 0 0 0 0 0 0 3 0 9 8 0 0 0 9 0 0 0 3 0 0 16 16 0 0 0 10 3 0 0 17 0 0 9 0 0 0 0 0 0 0 18 4 0 0 18 0 0 9
0 13 0 0 17 0 0 0 0 0 0 0 13 0 13 12 0 0 0 0 0 11 0 0 15 0 14 10 0 0 14 0 0 0 0 0 16 0 0 0 14 0 14 17 0 0 0 0 0 14 3 7 0 0 0 0 0 5 0 11 0 0 0 0 0 0 0 0 0 0 18 0 7 0 0
3 0 5 19 5 0 17 0 0 0 9 0 0 0 0 0 2 0 0 8 0 0 0 0 0 0 0 0 0 0 0 0 0 0 0 0 0 0 0 0 0 0 0 0 10 19 0 0 0 0 18 0 0 0 0 0 0 5 5 0 14 0 0 0 6 0 14 0 14 0 0 7 0 0 0
0 14 0 0 0 0 0 0 0 0 0 0 0 0 0 0 7 0 0 0 0 2 0 0 0 0 0 0 0 7 0 0 0 0 0 0 0 0 0 8 8 0 0 0 1 0 0 0 0 18 0 0 0 1 4 15 0 0 0 0 14 9 5 0 9 0 0 18 4 18 0 0 0 0 0
10 0 11 0 0 2 2 0 0 5 0 0 0 12 5 10 3 0 0 0 0 1 0 0 0 0 18 0 11 0 0 0 0 0 0 0 0 18 13 0 0 0 0 0 16 0 0 0 0 0 0 4 19 0 0 0 0 0 0 0 0 0 0 6 0 0 0 11 0 0 9 0 0 0 0
