75
50
0 15 9 4 13 10 9 14 17 7 0 6 3 19 18 19 15 11 1 17 5 16 19 13 15 14 3 4 17 14 9 1 15 16 6 0 13 2 5 3 19 19 11 6 4 12 19 6 19 2
15 0 3 15 15 4 0 2 15 3 4 13 17 3 15 9 0 8 6 3 18 4 18 8 12 16 9 9 2 19 14 5 3 6 12 4 6 13 2 13 0 7 9 10 14 4 17 17 5 9
9 3 0 5 19 10 1 12 15 8 10 17 1 8 11 11 18 12 17 3 10 16 6 15 11 14 8 1 13 4 18 19 0 8 4 4 8 0 12 17 14 4 7 14 8 0 6 11 3 17
4 15 5 0 2 19 8 14 7 9 15 10 6 3 12 2 16 17 6 6 15 18 2 12 7 14 10 9 0 16 16 9 0 7 18 11 11 8 14 14 15 7 11 14 6 14 17 4 2 13
13 15 19 2 0 4 0 3 14 5 5 11 0 7 13 16 12 2 3 16 13 3 3 9 1 2 4 12 5 10 6 18 12 5 16 9 15 19 9 12 11 11 1 12 7 18 12 16 9 19
10 4 10 19 4 0 2 15 10 0 15 9 7 11 12 18 4 7 4 7 7 13 7 14 17 12 3 9 15 5 16 14 14 3 10 7 16 9 12 8 17 16 3 9 1 1 15 2 14 6
9 0 1 8 0 2 0 19 13 9 17 0 3 5 11 1 2 7 17 19 4 15 2 0 0 0 3 1 9 12 16 7 10 2 16 12 15 6 14 9 17 19 1 0 3 14 19 17 7 10
14 2 12 14 3 15 19 0 1 12 15 15 3 8 0 6 1 16 1 2 8 16 0 2 2 4 1 4 3 12 15 4 2 14 18 14 12 0 18 14 0 11 5 5 7 10 16 17 5 13
17 15 15 7 14 10 13 1 0 15 16 6 11 0 11 14 1 4 15 18 13 14 17 14 10 18 10 19 2 3 14 16 11 11 10 12 0 7 10 0 0 6 0 14 6 12 14 10 9 17
7 3 8 9 5 0 9 12 15 0 6 19 9 16 1 12 7 18 19 6 11 17 12 12 3 16 9 13 7 0 12 7 9 7 1 1 11 2 17 2 2 7 13 18 18 11 1 16 17 13
0 4 10 15 5 15 17 15 16 6 0 17 19 12 15 1 19 18 0 3 8 5 6 5 10 8 2 19 18 2 6 13 0 14 13 13 8 14 19 18 12 0 8 18 4 14 7 15 10 16
6 13 17 10 11 9 0 15 6 19 17 0 0 9 11 7 11 17 1 0 4 16 9 9 3 6 14 17 1 15 12 6 13 14 7 4 0 16 6 7 9 7 7 10 2 18 13 16 17 14
3 17 1 6 0 7 3 3 11 9 19 0 0 2 9 4 11 19 6 4 6 10 3 5 12 14 8 3 14 18 15 10 9 15 8 8 5 0 15 3 17 10 1 8 17 18 0 4 11 2
19 3 8 3 7 11 5 8 0 16 12 9 2 0 9 0 3 3 2 7 7 1 16 3 11 0 5 6 9 4 0 8 6 18 10 13 11 3 8 3 1 19 5 4 1 10 19 19 13 3
18 15 11 12 13 12 11 0 11 1 15 11 9 9 0 19 7 15 0 2 6 6 0 18 3 17 19 7 0 5 19 16 0 15 8 3 13 3 9 0 5 16 19 4 8 5 6 11 3 2
19 9 11 2 16 18 1 6 14 12 1 7 4 0 19 0 18 6 13 13 7 0 6 19 9 7 8 18 12 6 14 13 5 2 14 18 13 1 18 14 5 12 11 13 10 0 1 7 17 13
15 0 18 16 12 4 2 1 1 7 19 11 11 3 7 18 0 3 12 2 16 3 5 16 15 10 1 9 1 19 9 2 15 2 18 7 12 3 12 8 8 13 3 19 7 11 19 1 0 8
11 8 12 17 2 7 7 16 4 18 18 17 19 3 15 6 3 0 11 4 11 17 13 2 6 2 15 6 5 3 1 12 7 8 13 9 16 14 10 16 9 2 12 17 4 14 0 3 12 17
1 6 17 6 3 4 17 1 15 19 0 1 6 2 0 13 12 11 0 0 7 6 9 11 10 2 10 10 1 15 15 3 4 6 11 19 6 10 3 15 10 3 5 12 8 19 18 1 8 5
17 3 3 6 16 7 19 2 18 6 3 0 4 7 2 13 2 4 0 0 11 13 15 18 8 6 6 18 3 5 14 15 2 10 17 15 7 0 11 9 17 14 17 12 1 19 8 12 15 15
5 18 10 15 13 7 4 8 13 11 8 4 6 7 6 7 16 11 7 11 0 16 3 7 14 8 10 5 10 11 3 6 7 17 10 1 18 10 4 10 9 3 16 3 14 9 0 2 3 9
16 4 16 18 3 13 15 16 14 17 5 16 10 1 6 0 3 17 6 13 16 0 7 13 6 9 8 2 8 3 18 18 11 8 19 0 4 0 17 7 16 5 2 3 12 9 14 2 0 14
19 18 6 2 3 7 2 0 17 12 6 9 3 16 0 6 5 13 9 15 3 7 0 16 6 13 4 15 12 5 16 16 17 18 17 9 7 7 16 2 0 13 11 18 16 9 11 4 4 15
13 8 15 12 9 14 0 2 14 12 5 9 5 3 18 19 16 2 11 18 7 13 16 0 19 17 3 0 5 6 3 13 1 2 15 4 7 16 0 9 4 14 14 9 15 17 8 11 15 8
15 12 11 7 1 17 0 2 10 3 10 3 12 11 3 9 15 6 10 8 14 6 6 19 0 8 2 6 5 2 3 12 0 19 9 1 10 12 8 19 13 18 7 11 18 13 14 15 11 3
14 16 14 14 2 12 0 4 18 16 8 6 14 0 17 7 10 2 2 6 8 9 13 17 8 0 5 2 10 16 13 2 0 12 11 6 17 7 5 7 19 2 6 9 14 2 6 18 8 12
3 9 8 10 4 3 3 1 10 9 2 14 8 5 19 8 1 15 10 6 10 8 4 3 2 5 0 9 1 12 3 16 12 17 16 19 0 14 5 14 17 10 4 11 14 6 7 14 17 6
4 9 1 9 12 9 1 4 19 13 19 17 3 6 7 18 9 6 10 18 5 2 15 0 6 2 9 0 11 4 14 13 13 12 12 15 13 14 16 9 9 13 16 19 5 14 15 6 18 5
17 2 13 0 5 15 9 3 2 7 18 1 14 9 0 12 1 5 1 3 10 8 12 5 5 10 1 11 0 17 7 4 8 5 12 3 10 15 4 3 10 9 2 16 0 7 1 2 13 13
14 19 4 16 10 5 12 12 3 0 2 15 18 4 5 6 19 3 15 5 11 3 5 6 2 16 12 4 17 0 6 6 11 12 11 19 16 6 6 13 8 5 2 6 18 19 16 16 0 16
9 14 18 16 6 16 16 15 14 12 6 12 15 0 19 14 9 1 15 14 3 18 16 3 3 13 3 14 7 6 0 1 4 13 9 11 17 8 6 18 12 0 3 10 10 10 6 13 1 16
1 5 19 9 18 14 7 4 16 7 13 6 10 8 16 13 2 12 3 15 6 18 16 13 12 2 16 13 4 6 1 0 14 4 8 17 5 15 19 14 18 14 11 5 2 12 17 16 11 0
15 3 0 0 12 14 10 2 11 9 0 13 9 6 0 5 15 7 4 2 7 11 17 1 0 0 12 13 8 11 4 14 0 18 1 10 12 5 0 19 0 5 5 8 3 10 11 9 10 6
16 6 8 7 5 3 2 14 11 7 14 14 15 18 15 2 2 8 6 10 17 8 18 2 19 12 17 12 5 12 13 4 18 0 19 17 15 14 0 17 3 1 18 4 5 18 15 6 5 12
6 12 4 18 16 10 16 18 10 1 13 7 8 10 8 14 18 13 11 17 10 19 17 15 9 11 16 12 12 11 9 8 1 19 0 11 17 13 15 7 1 18 2 4 11 7 13 18 11 2
0 4 4 11 9 7 12 14 12 1 13 4 8 13 3 18 7 9 19 15 1 0 9 4 1 6 19 15 3 19 11 17 10 17 11 0 6 18 18 10 16 14 15 5 8 18 4 6 0 9
13 6 8 11 15 16 15 12 0 11 8 0 5 11 13 13 12 16 6 7 18 4 7 7 10 17 0 13 10 16 17 5 12 15 17 6 0 13 0 15 7 18 1 18 7 12 9 13 12 4
2 13 0 8 19 9 6 0 7 2 14 16 0 3 3 1 3 14 10 0 10 0 7 16 12 7 14 14 15 6 8 15 5 14 13 18 13 0 9 3 8 4 5 12 0 14 15 17 15 4
5 2 12 14 9 12 14 18 10 17 19 6 15 8 9 18 12 10 3 11 4 17 16 0 8 5 5 16 4 6 6 19 0 0 15 18 0 9 0 16 18 1 18 13 14 16 14 17 6 7
3 13 17 14 12 8 9 14 0 2 18 7 3 3 0 14 8 16 15 9 10 7 2 9 19 7 14 9 3 13 18 14 19 17 7 10 15 3 16 0 3 0 9 2 1 18 17 7 11 16
19 0 14 15 11 17 17 0 0 2 12 9 17 1 5 5 8 9 10 17 9 16 0 4 13 19 17 9 10 8 12 18 0 3 1 16 7 8 18 3 0 13 10 18 10 5 5 18 6 8
19 7 4 7 11 16 19 11 6 7 0 7 10 19 16 12 13 2 3 14 3 5 13 14 18 2 10 13 9 5 0 14 5 1 18 14 18 4 1 0 13 0 4 7 14 12 2 15 1 8
11 9 7 11 1 3 1 5 0 13 8 7 1 5 19 11 3 12 5 17 16 2 11 14 7 6 4 16 2 2 3 11 5 18 2 15 1 5 18 9 10 4 0 1 8 17 19 5 5 1
6 10 14 14 12 9 0 5 14 18 18 10 8 4 4 13 19 17 12 12 3 3 18 9 11 9 11 19 16 6 10 5 8 4 4 5 18 12 13 2 18 7 1 0 7 3 14 8 11 6
4 14 8 6 7 1 3 7 6 18 4 2 17 1 8 10 7 4 8 1 14 12 16 15 18 14 14 5 0 18 10 2 3 5 11 8 7 0 14 1 10 14 8 7 0 19 9 3 19 15
12 4 0 14 18 1 14 10 12 11 14 18 18 10 5 0 11 14 19 19 9 9 9 17 13 2 6 14 7 19 10 12 10 18 7 18 12 14 16 18 5 12 17 3 19 0 14 16 2 2
19 17 6 17 12 15 19 16 14 1 7 13 0 19 6 1 19 0 18 8 0 14 11 8 14 6 7 15 1 16 6 17 11 15 13 4 9 15 14 17 5 2 19 14 9 14 0 10 17 10
6 17 11 4 16 2 17 17 10 16 15 16 4 19 11 7 1 3 1 12 2 2 4 11 15 18 14 6 2 16 13 16 9 6 18 6 13 17 17 7 18 15 5 8 3 16 10 0 5 16
19 5 3 2 9 14 7 5 9 17 10 17 11 13 3 17 0 12 8 15 3 0 4 15 11 8 17 18 13 0 1 11 10 5 11 0 12 15 6 11 6 1 5 11 19 2 17 5 0 1
2 9 17 13 19 6 10 13 17 13 16 14 2 3 2 13 8 17 5 15 9 14 15 8 3 12 6 5 13 16 16 0 6 12 2 9 4 4 7 16 8 8 1 6 15 2 10 16 1 0
