100
50
0 1 1 2 1 1 9 17 4 19 4 14 10 7 10 6 17 17 3 18 10 13 7 12 16 1 18 10 13 13 13 3 10 12 14 9 2 7 14 6 19 13 14 4 13 18 19 8 3 6
1 0 5 1 16 12 11 8 4 7 17 0 7 3 7 0 4 3 3 6 4 4 13 12 10 7 12 4 17 0 10 13 3 16 16 18 0 4 18 14 10 9 2 10 18 12 2 18 17 13
1 5 0 3 15 11 8 13 19 2 15 6 14 2 15 3 16 6 18 8 11 14 17 0 5 7 4 10 14 8 6 16 15 3 4 17 9 8 14 15 19 0 13 10 9 18 9 3 0 13
2 1 3 0 18 8 5 7 2 7 0 5 13 18 14 6 2 2 16 0 6 13 10 3 12 18 14 0 15 18 2 11 16 11 7 8 6 3 14 5 10 5 1 13 7 18 7 17 11 12
1 16 15 18 0 19 17 9 4 8 10 3 18 10 16 14 17 13 5 2 6 15 2 12 4 18 3 13 18 4 15 18 14 11 10 16 8 19 10 8 1 12 8 18 13 18 11 14 6 2
1 12 11 8 19 0 7 1 1 11 0 13 3 8 6 12 5 1 13 10 18 10 16 18 16 15 9 6 6 11 19 6 0 0 15 10 15 12 2 17 8 4 13 18 4 7 12 16 15 5
9 11 8 5 17 7 0 7 8 3 9 19 10 1 19 1 13 0 3 8 13 3 5 17 4 8 10 6 8 9 14 17 10 8 5 17 4 9 11 12 5 15 16 5 4 5 6 19 16 15
17 8 13 7 9 1 7 0 11 16 11 7 2 15 14 5 7 6 16 9 6 3 6 13 16 11 6 14 8 11 15 9 18 1 19 4 16 4 11 15 15 6 11 13 17 10 0 11 11 7
4 4 19 2 4 1 8 11 0 8 18 14 17 8 2 5 1 5 4 16 12 18 11 19 18 0 7 9 0 6 1 18 15 7 10 16 17 6 19 10 11 11 18 12 8 13 6 15 13 4
19 7 2 7 8 11 3 16 8 0 14 6 12 3 7 1 5 14 13 0 13 2 12 10 9 14 5 1 9 7 1 17 6 19 18 12 1 3 19 6 15 8 7 18 13 0 12 17 17 8
4 17 15 0 10 0 9 11 18 14 0 15 1 15 7 18 13 2 12 5 4 9 8 6 15 10 3 5 7 8 13 18 15 17 4 0 14 10 13 6 18 0 17 9 9 9 9 13 4 5
14 0 6 5 3 13 19 7 14 6 15 0 0 2 5 11 14 19 16 7 3 4 15 4 12 9 5 8 16 8 9 2 7 11 12 19 1 3 11 17 3 2 6 8 11 8 5 13 4 9
10 7 14 13 18 3 10 2 17 12 1 0 0 13 10 16 16 0 6 14 16 3 9 4 16 17 19 2 4 10 3 11 5 6 18 7 15 0 16 16 11 17 15 9 13 0 7 19 18 19
7 3 2 18 10 8 1 15 8 3 15 2 13 0 12 2 15 2 3 11 4 1 8 0 16 0 1 6 18 11 0 17 12 4 1 3 15 8 3 9 10 16 2 6 12 19 18 19 9 17
10 7 15 14 16 6 19 14 2 7 7 5 10 12 0 12 8 5 9 5 1 15 10 3 18 17 16 5 19 5 17 5 8 18 5 9 9 15 16 4 12 6 3 13 2 8 15 5 18 5
6 0 3 6 14 12 1 5 5 1 18 11 16 2 12 0 10 9 18 16 0 13 19 16 18 8 18 19 6 18 10 1 10 2 3 12 8 12 2 13 6 2 15 15 7 9 11 8 19 9
17 4 16 2 17 5 13 7 1 5 13 14 16 15 8 10 0 7 19 10 5 18 16 15 11 10 12 5 4 6 7 4 3 1 7 19 4 11 16 17 13 7 11 5 8 4 11 1 15 5
17 3 6 2 13 1 0 6 5 14 2 19 0 2 5 9 7 0 1 10 1 0 7 8 12 4 7 4 19 9 19 5 14 18 7 13 18 6 17 18 12 6 13 14 2 15 6 1 0 3
3 3 18 16 5 13 3 16 4 13 12 16 6 3 9 18 19 1 0 4 9 15 19 10 2 6 8 16 4 2 12 12 14 16 2 4 1 5 5 2 16 2 0 0 7 18 11 13 8 19
18 6 8 0 2 10 8 9 16 0 5 7 14 11 5 16 10 10 4 0 1 17 2 18 16 5 8 12 2 10 12 17 14 19 0 19 4 15 18 3 12 6 7 7 8 2 2 4 9 3
10 4 11 6 6 18 13 6 12 13 4 3 16 4 1 0 5 1 9 1 0 5 15 18 16 19 8 14 18 7 0 0 13 1 7 19 12 8 14 2 12 15 8 1 10 2 17 6 5 3
13 4 14 13 15 10 3 3 18 2 9 4 3 1 15 13 18 0 15 17 5 0 4 2 0 0 4 18 1 10 6 15 0 12 8 4 2 1 18 11 1 15 12 17 19 8 8 7 1 8
7 13 17 10 2 16 5 6 11 12 8 15 9 8 10 19 16 7 19 2 15 4 0 2 9 4 3 16 18 4 8 11 13 16 15 12 7 2 11 12 7 0 7 0 11 15 12 5 16 12
12 12 0 3 12 18 17 13 19 10 6 4 4 0 3 16 15 8 10 18 18 2 2 0 6 9 16 14 18 17 5 19 4 5 7 13 1 3 12 7 1 4 19 10 19 2 4 3 19 15
16 10 5 12 4 16 4 16 18 9 15 12 16 16 18 18 11 12 2 16 16 0 9 6 0 4 4 8 11 12 17 17 6 1 8 19 6 10 13 12 8 13 4 19 12 17 2 18 16 5
1 7 7 18 18 15 8 11 0 14 10 9 17 0 17 8 10 4 6 5 19 0 4 9 4 0 13 2 17 18 16 17 16 13 11 10 16 11 7 19 4 0 8 4 1 10 18 6 2 12
18 12 4 14 3 9 10 6 7 5 3 5 19 1 16 18 12 7 8 8 8 4 3 16 4 13 0 19 18 16 17 11 6 9 18 8 0 15 5 5 11 6 3 0 5 0 3 16 15 16
10 4 10 0 13 6 6 14 9 1 5 8 2 6 5 19 5 4 16 12 14 18 16 14 8 2 19 0 5 6 17 3 1 0 4 12 2 5 6 2 6 5 11 12 2 16 14 4 3 4
13 17 14 15 18 6 8 8 0 9 7 16 4 18 19 6 4 19 4 2 18 1 18 18 11 17 18 5 0 6 15 17 11 8 8 6 19 8 9 4 18 14 3 5 9 0 14 19 5 8
13 0 8 18 4 11 9 11 6 7 8 8 10 11 5 18 6 9 2 10 7 10 4 17 12 18 16 6 6 0 0 0 1 4 6 4 14 4 5 13 18 2 13 8 10 14 15 8 17 18
13 10 6 2 15 19 14 15 1 1 13 9 3 0 17 10 7 19 12 12 0 6 8 5 17 16 17 17 15 0 0 7 19 9 4 11 3 16 13 11 6 7 18 7 4 3 2 5 18 7
3 13 16 11 18 6 17 9 18 17 18 2 11 17 5 1 4 5 12 17 0 15 11 19 17 17 11 3 17 0 7 0 3 14 15 12 8 14 1 0 5 8 7 17 5 10 4 19 15 6
10 3 15 16 14 0 10 18 15 6 15 7 5 12 8 10 3 14 14 14 13 0 13 4 6 16 6 1 11 1 19 3 0 10 6 17 0 15 18 2 4 17 4 18 12 2 12 16 17 19
12 16 3 11 11 0 8 1 7 19 17 11 6 4 18 2 1 18 16 19 1 12 16 5 1 13 9 0 8 4 9 14 10 0 19 15 19 2 2 0 5 4 7 10 18 11 11 9 1 2
14 16 4 7 10 15 5 19 10 18 4 12 18 1 5 3 7 7 2 0 7 8 15 7 8 11 18 4 8 6 4 15 6 19 0 7 11 9 18 19 7 10 4 10 18 11 15 19 10 8
9 18 17 8 16 10 17 4 16 12 0 19 7 3 9 12 19 13 4 19 19 4 12 13 19 10 8 12 6 4 11 12 17 15 7 0 7 16 9 9 2 3 9 7 5 0 0 0 7 8
2 0 9 6 8 15 4 16 17 1 14 1 15 15 9 8 4 18 1 4 12 2 7 1 6 16 0 2 19 14 3 8 0 19 11 7 0 0 3 4 1 9 15 15 17 16 5 5 15 18
7 4 8 3 19 12 9 4 6 3 10 3 0 8 15 12 11 6 5 15 8 1 2 3 10 11 15 5 8 4 16 14 15 2 9 16 0 0 0 3 0 1 4 4 15 19 10 1 18 15
14 18 14 14 10 2 11 11 19 19 13 11 16 3 16 2 16 17 5 18 14 18 11 12 13 7 5 6 9 5 13 1 18 2 18 9 3 0 0 4 11 5 16 19 4 9 8 5 13 12
6 14 15 5 8 17 12 15 10 6 6 17 16 9 4 13 17 18 2 3 2 11 12 7 12 19 5 2 4 13 11 0 2 0 19 9 4 3 4 0 14 4 15 6 7 16 18 9 2 13
19 10 19 10 1 8 5 15 11 15 18 3 11 10 12 6 13 12 16 12 12 1 7 1 8 4 11 6 18 18 6 5 4 5 7 2 1 0 11 14 0 15 16 8 5 4 6 11 12 5
13 9 0 5 12 4 15 6 11 8 0 2 17 16 6 2 7 6 2 6 15 15 0 4 13 0 6 5 14 2 7 8 17 4 10 3 9 1 5 4 15 0 12 3 13 10 16 11 13 14
14 2 13 1 8 13 16 11 18 7 17 6 15 2 3 15 11 13 0 7 8 12 7 19 4 8 3 11 3 13 18 7 4 7 4 9 15 4 16 15 16 12 0 3 5 19 3 9 12 17
4 10 10 13 18 18 5 13 12 18 9 8 9 6 13 15 5 14 0 7 1 17 0 10 19 4 0 12 5 8 7 17 18 10 10 7 15 4 19 6 8 3 3 0 2 15 11 9 0 2
13 18 9 7 13 4 4 17 8 13 9 11 13 12 2 7 8 2 7 8 10 19 11 19 12 1 5 2 9 10 4 5 12 18 18 5 17 15 4 7 5 13 5 2 0 15 19 9 14 4
18 12 18 18 18 7 5 10 13 0 9 8 0 19 8 9 4 15 18 2 2 8 15 2 17 10 0 16 0 14 3 10 2 11 11 0 16 19 9 16 4 10 19 15 15 0 11 11 4 19
19 2 9 7 11 12 6 0 6 12 9 5 7 18 15 11 11 6 11 2 17 8 12 4 2 18 3 14 14 15 2 4 12 11 15 0 5 10 8 18 6 16 3 11 19 11 0 7 12 13
8 18 3 17 14 16 19 11 15 17 13 13 19 19 5 8 1 1 13 4 6 7 5 3 18 6 16 4 19 8 5 19 16 9 19 0 5 1 5 9 11 11 9 9 9 11 7 0 19 1
3 17 0 11 6 15 16 11 13 17 4 4 18 9 18 19 15 0 8 9 5 1 16 19 16 2 15 3 5 17 18 15 17 1 10 7 15 18 13 2 12 13 12 0 14 4 12 19 0 6
6 13 13 12 2 5 15 7 4 8 5 9 19 17 5 9 5 3 19 3 3 8 12 15 5 12 16 4 8 18 7 6 19 2 8 8 18 15 12 13 5 14 17 2 4 19 13 1 6 0
