50
50
0 0 0 19 0 0 0 0 0 0 0 0 0 0 12 0 0 0 0 0 0 0 0 0 0 0 17 0 0 0 7 17 0 0 0 0 0 0 0 0 4 0 2 0 0 0 19 0 0 10
0 0 0 5 11 0 12 0 0 0 0 4 11 0 17 10 0 0 0 0 5 0 1 0 0 0 0 0 0 0 0 12 0 0 0 0 0 1 0 0 0 13 0 1 0 0 0 0 0 0
0 0 0 0 0 0 0 0 0 0 0 1 0 0 0 0 0 13 0 0 0 0 0 15 0 2 10 0 0 0 0 8 4 0 0 0 0 9 0 0 0 0 0 0 0 0 3 1 0 0
19 5 0 0 3 0 0 0 0 0 11 0 17 13 18 0 1 4 0 0 0 5 0 0 0 0 0 0 13 11 0 0 0 0 0 0 0 0 0 0 0 14 0 0 0 7 3 0 0 15
0 11 0 3 0 0 0 0 0 0 0 0 14 11 3 0 18 3 0 0 0 0 0 0 0 0 0 0 0 0 0 18 0 0 14 0 0 1 0 0 0 0 0 0 0 1 6 0 7 16
0 0 0 0 0 0 0 0 0 0 0 0 0 0 0 0 0 0 0 0 15 0 0 0 0 0 0 9 0 0 0 0 18 0 0 0 11 0 0 0 15 0 0 0 15 0 0 0 11 0
0 12 0 0 0 0 0 0 0 0 11 0 14 0 0 0 0 0 0 17 16 3 0 0 7 0 0 14 0 2 0 0 0 0 0 0 3 6 0 0 0 0 0 19 0 0 0 10 0 0
0 0 0 0 0 0 0 0 0 0 0 0 5 0 0 11 1 0 0 0 11 0 0 0 0 0 0 0 0 0 15 0 0 0 0 8 0 0 0 4 3 12 15 16 0 11 1 0 16 0
0 0 0 0 0 0 0 0 0 10 0 0 0 0 0 0 5 0 7 0 0 0 0 18 0 0 0 0 0 0 0 12 0 0 19 9 0 0 0 2 0 10 0 4 0 16 0 0 0 0
0 0 0 0 0 0 0 0 10 0 7 13 0 0 0 0 0 10 0 14 15 0 0 0 8 16 0 4 0 0 0 0 0 0 0 0 0 0 0 0 0 16 0 1 14 0 0 0 0 19
0 0 0 11 0 0 11 0 0 7 0 0 0 0 0 0 0 1 0 5 0 0 0 0 0 0 0 0 0 0 0 12 0 12 0 5 0 0 0 0 12 0 0 0 0 10 4 0 19 0
0 4 1 0 0 0 0 0 0 13 0 0 0 0 16 0 0 0 0 0 19 3 8 13 2 0 12 0 0 6 0 0 0 4 0 0 0 0 0 0 0 0 0 0 0 0 12 0 0 11
0 11 0 17 14 0 14 5 0 0 0 0 0 0 4 0 0 0 0 0 0 0 0 0 0 2 0 0 0 4 0 14 0 0 0 18 0 0 0 0 0 4 0 0 18 0 12 0 0 0
0 0 0 13 11 0 0 0 0 0 0 0 0 0 0 0 17 1 4 0 4 0 4 0 0 0 17 0 0 17 0 0 0 13 0 0 0 18 0 0 10 0 0 11 0 17 6 0 4 0
12 17 0 18 3 0 0 0 0 0 0 16 4 0 0 4 0 0 15 0 6 3 0 0 8 8 0 0 0 0 0 0 0 0 0 0 0 18 10 0 11 16 0 12 0 17 0 0 0 0
0 10 0 0 0 0 0 11 0 0 0 0 0 0 4 0 3 0 2 14 0 0 10 0 0 0 3 18 0 0 0 0 0 0 0 0 0 0 0 0 0 0 0 0 0 15 3 0 0 8
0 0 0 1 18 0 0 1 5 0 0 0 0 17 0 3 0 0 0 0 0 0 0 7 0 16 0 8 0 7 0 0 0 0 0 5 0 0 0 7 0 0 0 4 0 0 7 0 0 0
0 0 13 4 3 0 0 0 0 10 1 0 0 1 0 0 0 0 0 0 0 0 0 0 10 0 0 8 0 0 8 0 11 0 6 0 0 8 0 0 0 0 0 0 12 0 6 0 0 3
0 0 0 0 0 0 0 0 7 0 0 0 0 4 15 2 0 0 0 0 0 0 19 13 0 8 0 0 0 0 0 0 3 0 7 19 17 17 14 0 0 0 6 5 0 0 0 0 0 15
0 0 0 0 0 0 17 0 0 14 5 0 0 0 0 14 0 0 0 0 0 12 0 6 0 0 0 0 0 0 9 0 16 0 0 13 0 0 18 19 0 0 0 5 0 0 0 0 0 0
0 5 0 0 0 15 16 11 0 15 0 19 0 4 6 0 0 0 0 0 0 0 0 0 0 0 0 0 13 0 19 12 0 0 15 0 14 3 0 0 0 0 0 18 0 0 0 9 0 0
0 0 0 5 0 0 3 0 0 0 0 3 0 0 3 0 0 0 0 12 0 0 0 0 12 0 17 0 0 4 15 0 0 11 19 15 0 10 0 0 0 5 0 0 15 0 4 4 14 0
0 1 0 0 0 0 0 0 0 0 0 8 0 4 0 10 0 0 19 0 0 0 0 0 18 0 0 11 0 16 0 1 0 0 0 0 0 18 0 0 0 0 0 17 0 0 14 0 15 0
0 0 15 0 0 0 0 0 18 0 0 13 0 0 0 0 7 0 13 6 0 0 0 0 10 2 1 0 0 0 11 0 0 5 0 0 0 0 0 0 0 10 0 10 0 0 0 0 0 0
0 0 0 0 0 0 7 0 0 8 0 2 0 0 8 0 0 10 0 0 0 12 18 10 0 0 0 0 0 0 19 0 0 0 0 0 7 0 0 4 0 0 0 13 0 0 0 2 0 0
0 0 2 0 0 0 0 0 0 16 0 0 2 0 8 0 16 0 8 0 0 0 0 2 0 0 16 0 0 7 9 2 1 1 2 3 0 0 0 0 14 0 0 0 0 13 16 0 0 0
17 0 10 0 0 0 0 0 0 0 0 12 0 17 0 3 0 0 0 0 0 17 0 1 0 16 0 0 0 0 16 0 7 0 0 0 0 0 0 0 0 13 18 0 0 0 0 0 0 0
0 0 0 0 0 9 14 0 0 4 0 0 0 0 0 18 8 8 0 0 0 0 11 0 0 0 0 0 0 0 0 2 0 8 18 0 0 4 0 0 5 5 0 18 0 0 0 1 3 16
0 0 0 13 0 0 0 0 0 0 0 0 0 0 0 0 0 0 0 0 13 0 0 0 0 0 0 0 0 0 10 0 15 0 11 0 0 0 0 0 0 0 0 0 0 0 0 0 10 7
0 0 0 11 0 0 2 0 0 0 0 6 4 17 0 0 7 0 0 0 0 4 16 0 0 7 0 0 0 0 0 0 0 11 0 11 0 18 0 2 8 0 0 0 6 0 0 18 0 6
7 0 0 0 0 0 0 15 0 0 0 0 0 0 0 0 0 8 0 9 19 15 0 11 19 9 16 0 10 0 0 13 0 0 9 12 0 0 0 0 0 0 12 0 0 10 6 1 6 0
17 12 8 0 18 0 0 0 12 0 12 0 14 0 0 0 0 0 0 0 12 0 1 0 0 2 0 2 0 0 13 0 0 0 0 0 15 0 0 16 0 1 0 14 5 0 0 0 0 0
0 0 4 0 0 18 0 0 0 0 0 0 0 0 0 0 0 11 3 16 0 0 0 0 0 1 7 0 15 0 0 0 0 0 16 0 0 0 0 15 0 11 3 0 0 13 4 0 6 18
0 0 0 0 0 0 0 0 0 0 12 4 0 13 0 0 0 0 0 0 0 11 0 5 0 1 0 8 0 11 0 0 0 0 0 0 0 0 0 0 0 6 0 2 4 0 16 0 19 0
0 0 0 0 14 0 0 0 19 0 0 0 0 0 0 0 0 6 7 0 15 19 0 0 0 2 0 18 11 0 9 0 16 0 0 0 7 0 0 0 0 0 0 0 0 0 6 0 6 0
0 0 0 0 0 0 0 8 9 0 5 0 18 0 0 0 5 0 19 13 0 15 0 0 0 3 0 0 0 11 12 0 0 0 0 0 13 0 0 0 0 0 7 0 0 0 1 0 5 15
0 0 0 0 0 11 3 0 0 0 0 0 0 0 0 0 0 0 17 0 14 0 0 0 7 0 0 0 0 0 0 15 0 0 7 13 0 0 0 0 0 0 0 1 0 0 0 0 0 0
0 1 9 0 1 0 6 0 0 0 0 0 0 18 18 0 0 8 17 0 3 10 18 0 0 0 0 4 0 18 0 0 0 0 0 0 0 0 6 1 8 0 0 0 4 0 0 0 0 0
0 0 0 0 0 0 0 0 0 0 0 0 0 0 10 0 0 0 14 18 0 0 0 0 0 0 0 0 0 0 0 0 0 0 0 0 0 6 0 3 16 2 0 0 13 11 0 19 0 0
0 0 0 0 0 0 0 4 2 0 0 0 0 0 0 0 7 0 0 19 0 0 0 0 4 0 0 0 0 2 0 16 15 0 0 0 0 1 3 0 0 0 0 0 0 12 0 0 15 0
4 0 0 0 0 15 0 3 0 0 12 0 0 10 11 0 0 0 0 0 0 0 0 0 0 14 0 5 0 8 0 0 0 0 0 0 0 8 16 0 0 6 0 8 16 16 11 0 0 0
0 13 0 14 0 0 0 12 10 16 0 0 4 0 16 0 0 0 0 0 0 5 0 10 0 0 13 5 0 0 0 1 11 6 0 0 0 0 2 0 6 0 7 0 0 0 18 0 0 12
2 0 0 0 0 0 0 15 0 0 0 0 0 0 0 0 0 0 6 0 0 0 0 0 0 0 18 0 0 0 12 0 3 0 0 7 0 0 0 0 0 7 0 0 0 0 0 1 0 1
0 1 0 0 0 0 19 16 4 1 0 0 0 11 12 0 4 0 5 5 18 0 17 10 13 0 0 18 0 0 0 14 0 2 0 0 1 0 0 0 8 0 0 0 0 0 0 0 13 0
0 0 0 0 0 15 0 0 0 14 0 0 18 0 0 0 0 12 0 0 0 15 0 0 0 0 0 0 0 6 0 5 0 4 0 0 0 4 13 0 16 0 0 0 0 4 0 0 0 0
0 0 0 7 1 0 0 11 16 0 10 0 0 17 17 15 0 0 0 0 0 0 0 0 0 13 0 0 0 0 10 0 13 0 0 0 0 0 11 12 16 0 0 0 4 0 0 0 0 0
19 0 3 3 6 0 0 1 0 0 4 12 12 6 0 3 7 6 0 0 0 4 14 0 0 16 0 0 0 0 6 0 4 16 6 1 0 0 0 0 11 18 0 0 0 0 0 14 19 0
0 0 1 0 0 0 10 0 0 0 0 0 0 0 0 0 0 0 0 0 9 4 0 0 2 0 0 1 0 18 1 0 0 0 0 0 0 0 19 0 0 0 1 0 0 0 14 0 0 0
0 0 0 0 7 11 0 16 0 0 19 0 0 4 0 0 0 0 0 0 0 14 15 0 0 0 0 3 10 0 6 0 6 19 6 5 0 0 0 15 0 0 0 13 0 0 19 0 0 2
10 0 0 15 16 0 0 0 0 19 0 11 0 0 0 8 0 3 15 0 0 0 0 0 0 0 0 16 7 6 0 0 18 0 0 15 0 0 0 0 0 12 1 0 0 0 0 0 2 0
