100
50
0 10 0 12 1 1 11 10 9 18 13 0 8 14 3 1 4 10 0 14 5 4 19 13 5 13 7 0 4 15 0 5 1 10 15 11 8 16 5 14 16 18 13 18 8 15 12 17 15 18
10 0 0 19 14 19 14 18 19 0 6 13 11 12 11 0 6 4 0 5 0 12 0 12 1 19 8 9 17 13 8 12 16 2 1 13 2 8 18 2 10 3 11 5 11 4 11 2 8 1
0 0 0 3 5 3 12 7 1 10 14 2 18 4 10 18 4 3 8 6 11 17 13 4 5 15 9 3 16 0 18 1 7 14 14 16 6 4 3 19 7 14 7 18 18 18 1 4 14 8
12 19 3 0 12 19 9 0 14 16 5 6 5 1 0 0 11 10 15 0 19 17 7 2 17 3 14 8 19 12 16 17 1 7 13 1 3 6 6 15 17 12 4 3 15 16 11 12 10 16
1 14 5 12 0 9 14 12 12 1 16 11 14 7 7 4 1 16 13 16 16 10 0 0 3 6 19 15 18 7 1 19 4 5 11 16 11 13 12 13 18 17 16 3 1 15 5 0 10 3
1 19 3 19 9 0 6 2 13 11 12 19 9 7 0 18 12 17 8 5 17 17 6 18 16 14 8 18 7 15 13 12 6 12 12 10 9 13 2 15 10 9 16 6 5 11 15 12 13 3
11 14 12 9 14 6 0 19 16 19 10 16 18 12 6 2 7 8 3 12 9 18 6 12 6 8 13 16 14 2 19 13 2 19 8 1 7 0 12 12 19 12 16 19 11 8 15 7 8 11
10 18 7 0 12 2 19 0 15 3 15 13 9 0 4 8 13 1 15 9 5 18 16 2 8 5 18 2 2 6 19 14 4 5 16 3 10 18 18 12 10 0 1 2 0 12 7 15 19 13
9 19 1 14 12 13 16 15 0 5 14 0 9 11 2 3 18 1 3 2 16 13 17 8 8 3 2 6 1 18 9 7 16 14 9 7 16 6 10 6 19 7 12 1 19 14 14 16 10 6
18 0 10 16 1 11 19 3 5 0 5 3 16 4 19 14 17 15 2 13 8 18 14 17 3 7 10 3 3 16 12 17 7 13 16 18 0 0 4 3 14 6 10 12 3 7 4 7 7 13
13 6 14 5 16 12 10 15 14 5 0 13 0 18 6 7 10 6 19 6 9 2 2 17 7 0 16 14 0 15 6 8 9 18 8 0 15 11 17 15 6 19 17 9 9 12 18 3 1 8
0 13 2 6 11 19 16 13 0 3 13 0 8 9 1 8 5 8 14 5 14 1 7 7 3 19 1 7 13 15 15 14 11 10 5 17 3 12 0 7 13 11 15 1 17 9 17 2 18 18
8 11 18 5 14 9 18 9 9 16 0 8 0 14 10 0 1 8 8 6 19 8 2 9 19 3 5 18 13 18 10 18 15 19 11 3 15 12 6 6 13 5 7 9 15 9 15 8 13 13
14 12 4 1 7 7 12 0 11 4 18 9 14 0 15 3 14 7 14 18 1 1 14 1 11 12 9 6 18 5 14 5 4 16 1 1 15 19 11 18 13 12 5 7 3 13 4 14 13 11
3 11 10 0 7 0 6 4 2 19 6 1 10 15 0 15 8 3 15 15 3 2 15 19 16 11 8 14 1 4 5 15 1 12 16 15 19 0 12 19 13 6 13 10 6 12 2 18 9 12
1 0 18 0 4 18 2 8 3 14 7 8 0 3 15 0 5 0 2 2 0 12 13 16 16 1 0 18 0 0 17 16 18 6 14 11 11 19 0 6 12 17 5 17 5 16 6 18 6 8
4 6 4 11 1 12 7 13 18 17 10 5 1 14 8 5 0 1 12 16 16 19 0 0 9 13 12 17 13 15 8 11 15 18 6 6 8 4 17 5 19 9 16 3 2 8 11 17 8 2
10 4 3 10 16 17 8 1 1 15 6 8 8 7 3 0 1 0 3 18 3 2 14 3 16 6 17 5 10 8 19 10 3 8 17 13 15 3 13 7 19 9 13 15 3 14 11 3 1 19
0 0 8 15 13 8 3 15 3 2 19 14 8 14 15 2 12 3 0 12 18 6 15 7 10 10 2 11 19 1 2 6 10 6 1 9 13 19 11 16 7 5 18 16 3 7 19 5 14 6
14 5 6 0 16 5 12 9 2 13 6 5 6 18 15 2 16 18 12 0 16 18 3 18 11 8 8 15 13 1 14 7 7 8 4 3 16 1 9 15 14 18 6 9 19 10 7 11 8 0
5 0 11 19 16 17 9 5 16 8 9 14 19 1 3 0 16 3 18 16 0 9 6 1 19 14 2 11 0 3 5 15 6 3 9 0 12 2 4 1 16 12 14 14 3 18 11 19 3 12
4 12 17 17 10 17 18 18 13 18 2 1 8 1 2 12 19 2 6 18 9 0 17 18 19 19 14 7 17 11 16 12 4 3 16 4 2 19 17 5 8 12 1 8 1 16 5 6 8 12
19 0 13 7 0 6 6 16 17 14 2 7 2 14 15 13 0 14 15 3 6 17 0 7 0 15 4 19 7 4 14 13 8 13 19 1 2 5 11 17 2 9 9 0 8 8 17 2 4 10
13 12 4 2 0 18 12 2 8 17 17 7 9 1 19 16 0 3 7 18 1 18 7 0 6 11 15 12 5 15 9 4 6 11 8 9 5 14 0 0 10 16 16 19 9 6 4 11 19 16
5 1 5 17 3 16 6 8 8 3 7 3 19 11 16 16 9 16 10 11 19 19 0 6 0 3 2 11 14 18 10 13 11 0 16 3 8 9 6 0 6 4 18 7 6 2 15 13 12 17
13 19 15 3 6 14 8 5 3 7 0 19 3 12 11 1 13 6 10 8 14 19 15 11 3 0 8 4 13 17 12 16 14 8 15 17 9 17 14 3 0 6 19 18 17 3 0 2 15 11
7 8 9 14 19 8 13 18 2 10 16 1 5 9 8 0 12 17 2 8 2 14 4 15 2 8 0 7 11 8 14 6 2 9 4 17 3 3 13 11 15 3 14 0 2 2 13 8 16 17
0 9 3 8 15 18 16 2 6 3 14 7 18 6 14 18 17 5 11 15 11 7 19 12 11 4 7 0 3 5 10 6 8 2 12 1 10 19 18 0 5 1 15 19 4 5 4 5 19 5
4 17 16 19 18 7 14 2 1 3 0 13 13 18 1 0 13 10 19 13 0 17 7 5 14 13 11 3 0 0 0 18 15 5 12 13 6 7 1 2 4 16 4 6 14 0 6 19 14 4
15 13 0 12 7 15 2 6 18 16 15 15 18 5 4 0 15 8 1 1 3 11 4 15 18 17 8 5 0 0 7 13 3 2 2 13 10 14 13 6 11 11 4 6 11 2 16 1 4 15
0 8 18 16 1 13 19 19 9 12 6 15 10 14 5 17 8 19 2 14 5 16 14 9 10 12 14 10 0 7 0 5 0 7 13 2 2 2 4 8 11 2 1 17 13 1 2 8 5 2
5 12 1 17 19 12 13 14 7 17 8 14 18 5 15 16 11 10 6 7 15 12 13 4 13 16 6 6 18 13 5 0 12 12 13 8 0 7 9 17 12 17 0 14 16 17 5 13 16 8
1 16 7 1 4 6 2 4 16 7 9 11 15 4 1 18 15 3 10 7 6 4 8 6 11 14 2 8 15 3 0 12 0 0 19 0 12 5 15 10 13 2 2 9 4 6 4 6 5 16
10 2 14 7 5 12 19 5 14 13 18 10 19 16 12 6 18 8 6 8 3 3 13 11 0 8 9 2 5 2 7 12 0 0 18 15 15 4 12 0 3 19 0 10 0 10 16 6 16 2
15 1 14 13 11 12 8 16 9 16 8 5 11 1 16 14 6 17 1 4 9 16 19 8 16 15 4 12 12 2 13 13 19 18 0 2 7 0 4 3 14 7 2 15 4 11 3 10 15 18
11 13 16 1 16 10 1 3 7 18 0 17 3 1 15 11 6 13 9 3 0 4 1 9 3 17 17 1 13 13 2 8 0 15 2 0 5 4 13 15 15 6 12 3 19 11 3 15 16 5
8 2 6 3 11 9 7 10 16 0 15 3 15 15 19 11 8 15 13 16 12 2 2 5 8 9 3 10 6 10 2 0 12 15 7 5 0 15 14 3 2 2 9 1 13 12 9 5 0 0
16 8 4 6 13 13 0 18 6 0 11 12 12 19 0 19 4 3 19 1 2 19 5 14 9 17 3 19 7 14 2 7 5 4 0 4 15 0 7 5 8 13 1 11 4 8 6 1 19 7
5 18 3 6 12 2 12 18 10 4 17 0 6 11 12 0 17 13 11 9 4 17 11 0 6 14 13 18 1 13 4 9 15 12 4 13 14 7 0 9 5 4 3 16 5 0 9 16 13 17
14 2 19 15 13 15 12 12 6 3 15 7 6 18 19 6 5 7 16 15 1 5 17 0 0 3 11 0 2 6 8 17 10 0 3 15 3 5 9 0 5 4 15 18 18 19 15 9 7 15
16 10 7 17 18 10 19 10 19 14 6 13 13 13 13 12 19 19 7 14 16 8 2 10 6 0 15 5 4 11 11 12 13 3 14 15 2 8 5 5 0 13 17 4 16 17 18 10 16 16
18 3 14 12 17 9 12 0 7 6 19 11 5 12 6 17 9 9 5 18 12 12 9 16 4 6 3 1 16 11 2 17 2 19 7 6 2 13 4 4 13 0 11 14 16 15 0 17 9 18
13 11 7 4 16 16 16 1 12 10 17 15 7 5 13 5 16 13 18 6 14 1 9 16 18 19 14 15 4 4 1 0 2 0 2 12 9 1 3 15 17 11 0 9 13 12 10 5 17 7
18 5 18 3 3 6 19 2 1 12 9 1 9 7 10 17 3 15 16 9 14 8 0 19 7 18 0 19 6 6 17 14 9 10 15 3 1 11 16 18 4 14 9 0 2 18 15 13 9 1
8 11 18 15 1 5 11 0 19 3 9 17 15 3 6 5 2 3 3 19 3 1 8 9 6 17 2 4 14 11 13 16 4 0 4 19 13 4 5 18 16 16 13 2 0 15 18 1 18 16
15 4 18 16 15 11 8 12 14 7 12 9 9 13 12 16 8 14 7 10 18 16 8 6 2 3 2 5 0 2 1 17 6 10 11 11 12 8 0 19 17 15 12 18 15 0 17 4 15 18
12 11 1 11 5 15 15 7 14 4 18 17 15 4 2 6 11 11 19 7 11 5 17 4 15 0 13 4 6 16 2 5 4 16 3 3 9 6 9 15 18 0 10 15 18 17 0 4 2 19
17 2 4 12 0 12 7 15 16 7 3 2 8 14 18 18 17 3 5 11 19 6 2 11 13 2 8 5 19 1 8 13 6 6 10 15 5 1 16 9 10 17 5 13 1 4 4 0 1 2
15 8 14 10 10 13 8 19 10 7 1 18 13 13 9 6 8 1 14 8 3 8 4 19 12 15 16 19 14 4 5 16 5 16 15 16 0 19 13 7 16 9 17 9 18 15 2 1 0 10
18 1 8 16 3 3 11 13 6 13 8 18 13 11 12 8 2 19 6 0 12 12 10 16 17 11 17 5 4 15 2 8 16 2 18 5 0 7 17 15 16 18 7 1 16 18 19 2 10 0
