50
50
0 4 4 17 8 12 11 5 0 1 19 15 5 2 14 5 14 0 5 15 19 5 2 2 4 7 14 0 7 6 13 11 14 16 9 9 19 4 12 11 7 6 9 0 11 4 9 7 0 11
4 0 19 11 5 7 11 0 3 4 18 3 7 6 14 8 6 17 6 5 13 11 7 0 2 18 1 2 17 12 2 0 14 19 15 15 11 11 11 1 0 4 7 19 7 9 3 12 0 11
4 19 0 15 17 8 17 15 2 9 10 12 10 19 6 19 8 3 18 16 17 15 13 7 19 17 19 4 14 18 17 14 4 6 6 17 0 15 5 1 12 12 14 17 19 15 19 16 9 5
17 11 15 0 4 3 17 12 5 13 17 4 6 0 16 2 9 10 3 3 16 14 3 19 3 9 8 4 15 17 10 9 15 18 17 14 6 2 2 6 15 5 18 2 15 11 4 0 11 11
8 5 17 4 0 6 9 11 10 13 8 18 1 1 18 18 3 3 2 4 8 7 11 6 12 9 6 18 16 16 4 7 2 15 19 15 11 6 11 12 10 7 1 13 2 19 13 18 8 18
12 7 8 3 6 0 8 0 14 18 18 16 8 3 1 15 18 14 15 3 17 4 1 17 5 12 17 16 11 15 0 2 14 9 10 7 13 7 12 1 3 16 9 14 5 8 16 15 11 9
11 11 17 17 9 8 0 10 12 5 18 12 7 5 10 5 9 4 19 4 3 7 10 4 6 2 6 0 7 13 0 7 17 4 6 12 13 15 8 18 14 4 9 13 0 19 12 13 13 2
5 0 15 12 11 0 10 0 10 1 15 19 15 7 12 8 18 1 9 5 11 12 17 4 11 0 12 8 2 16 5 7 18 5 11 11 9 1 0 1 7 15 13 15 5 7 2 8 3 2
0 3 2 5 10 14 12 10 0 12 3 1 0 4 10 13 18 5 0 5 17 18 18 4 1 18 6 14 11 1 12 14 1 7 12 7 12 5 7 8 14 2 17 9 11 13 4 19 1 13
1 4 9 13 13 18 5 1 12 0 16 14 6 12 0 16 19 5 1 9 0 9 14 17 9 4 14 1 7 15 13 19 1 16 17 13 8 14 16 15 8 7 2 12 3 2 3 10 13 13
19 18 10 17 8 18 18 15 3 16 0 16 14 3 13 11 7 6 9 17 9 17 5 7 19 10 4 4 10 17 2 6 5 13 7 10 13 12 18 9 9 4 9 9 7 0 7 14 0 3
15 3 12 4 18 16 12 19 1 14 16 0 10 8 0 15 17 12 11 5 9 10 3 11 5 17 14 17 15 0 1 8 16 16 15 0 9 1 10 10 2 8 1 13 6 5 5 17 17 10
5 7 10 6 1 8 7 15 0 6 14 10 0 14 16 7 2 10 11 0 7 17 14 1 14 13 15 4 7 10 10 18 19 12 8 17 1 3 15 16 9 0 18 17 3 19 2 4 8 2
2 6 19 0 1 3 5 7 4 12 3 8 14 0 17 1 8 6 19 17 13 2 1 1 5 9 5 3 17 14 5 6 15 5 14 16 16 5 12 0 9 8 11 11 3 7 12 0 9 15
14 14 6 16 18 1 10 12 10 0 13 0 16 17 0 6 17 9 9 4 8 10 5 0 18 15 17 14 13 3 10 12 2 15 1 7 16 10 18 8 19 7 7 6 17 11 15 15 15 5
5 8 19 2 18 15 5 8 13 16 11 15 7 1 6 0 2 15 6 9 0 12 17 8 18 8 15 8 4 2 5 4 12 5 5 2 5 7 14 10 9 7 3 13 17 9 0 15 18 6
14 6 8 9 3 18 9 18 18 19 7 17 2 8 17 2 0 18 9 14 1 7 18 15 14 1 15 16 18 17 13 8 5 19 16 14 1 15 14 1 13 15 6 14 4 15 16 3 15 15
0 17 3 10 3 14 4 1 5 5 6 12 10 6 9 15 18 0 18 2 3 14 4 16 10 3 14 0 10 19 5 16 12 10 4 18 4 14 5 6 4 0 11 17 7 6 15 19 2 15
5 6 18 3 2 15 19 9 0 1 9 11 11 19 9 6 9 18 0 13 8 9 9 11 14 2 4 3 2 11 4 17 0 14 19 3 4 14 8 5 5 9 8 2 7 1 5 1 11 18
15 5 16 3 4 3 4 5 5 9 17 5 0 17 4 9 14 2 13 0 7 14 12 15 2 11 3 4 0 11 1 14 16 13 11 8 9 16 1 11 3 8 16 1 19 18 10 15 4 2
19 13 17 16 8 17 3 11 17 0 9 9 7 13 8 0 1 3 8 7 0 14 18 4 18 1 16 3 7 13 11 1 8 19 14 14 6 4 19 19 7 12 3 4 4 14 4 15 12 10
5 11 15 14 7 4 7 12 18 9 17 10 17 2 10 12 7 14 9 14 14 0 3 1 9 3 6 9 7 11 17 6 2 13 6 0 0 19 5 7 16 0 2 13 13 8 12 1 11 17
2 7 13 3 11 1 10 17 18 14 5 3 14 1 5 17 18 4 9 12 18 3 0 8 3 16 7 10 5 12 18 2 10 13 10 4 16 16 4 11 3 8 0 6 10 0 18 7 12 2
2 0 7 19 6 17 4 4 4 17 7 11 1 1 0 8 15 16 11 15 4 1 8 0 8 18 5 1 1 5 6 2 12 1 18 0 7 14 16 6 14 9 6 19 6 3 14 10 12 6
4 2 19 3 12 5 6 11 1 9 19 5 14 5 18 18 14 10 14 2 18 9 3 8 0 19 15 11 15 1 19 0 17 5 2 17 11 15 12 1 17 0 10 1 16 19 9 5 14 15
7 18 17 9 9 12 2 0 18 4 10 17 13 9 15 8 1 3 2 11 1 3 16 18 19 0 10 6 6 12 12 4 1 8 5 2 4 15 18 8 9 7 0 12 8 15 10 10 5 19
14 1 19 8 6 17 6 12 6 14 4 14 15 5 17 15 15 14 4 3 16 6 7 5 15 10 0 19 16 1 3 13 3 10 13 16 8 18 16 16 13 13 17 8 15 15 14 18 6 8
0 2 4 4 18 16 0 8 14 1 4 17 4 3 14 8 16 0 3 4 3 9 10 1 11 6 19 0 14 3 12 6 16 11 7 1 18 13 12 1 1 16 13 19 4 3 14 7 7 3
7 17 14 15 16 11 7 2 11 7 10 15 7 17 13 4 18 10 2 0 7 7 5 1 15 6 16 14 0 2 13 4 18 12 13 5 1 4 10 16 0 9 12 9 17 2 2 0 10 15
6 12 18 17 16 15 13 16 1 15 17 0 10 14 3 2 17 19 11 11 13 11 12 5 1 12 1 3 2 0 0 19 7 1 1 5 6 7 3 5 8 6 14 1 1 6 11 1 4 16
13 2 17 10 4 0 0 5 12 13 2 1 10 5 10 5 13 5 4 1 11 17 18 6 19 12 3 12 13 0 0 12 8 7 16 19 19 7 7 8 3 9 1 11 11 2 2 7 14 2
11 0 14 9 7 2 7 7 14 19 6 8 18 6 12 4 8 16 17 14 1 6 2 2 0 4 13 6 4 19 12 0 0 0 5 16 6 10 14 9 1 9 7 13 6 15 7 1 17 15
14 14 4 15 2 14 17 18 1 1 5 16 19 15 2 12 5 12 0 16 8 2 10 12 17 1 3 16 18 7 8 0 0 0 6 7 19 10 18 1 12 6 5 18 6 14 13 9 7 1
16 19 6 18 15 9 4 5 7 16 13 16 12 5 15 5 19 10 14 13 19 13 13 1 5 8 10 11 12 1 7 0 0 0 16 12 5 16 16 18 11 17 6 0 17 1 0 0 9 19
9 15 6 17 19 10 6 11 12 17 7 15 8 14 1 5 16 4 19 11 14 6 10 18 2 5 13 7 13 1 16 5 6 16 0 19 16 7 19 5 13 15 10 2 2 5 0 4 17 17
9 15 17 14 15 7 12 11 7 13 10 0 17 16 7 2 14 18 3 8 14 0 4 0 17 2 16 1 5 5 19 16 7 12 19 0 18 12 10 10 17 19 11 17 5 9 8 10 18 9
19 11 0 6 11 13 13 9 12 8 13 9 1 16 16 5 1 4 4 9 6 0 16 7 11 4 8 18 1 6 19 6 19 5 16 18 0 4 5 5 14 18 10 12 12 11 14 0 15 13
4 11 15 2 6 7 15 1 5 14 12 1 3 5 10 7 15 14 14 16 4 19 16 14 15 15 18 13 4 7 7 10 10 16 7 12 4 0 6 14 17 19 10 10 19 15 13 11 10 16
12 11 5 2 11 12 8 0 7 16 18 10 15 12 18 14 14 5 8 1 19 5 4 16 12 18 16 12 10 3 7 14 18 16 19 10 5 6 0 16 4 4 3 10 8 2 13 16 8 10
11 1 1 6 12 1 18 1 8 15 9 10 16 0 8 10 1 6 5 11 19 7 11 6 1 8 16 1 16 5 8 9 1 18 5 10 5 14 16 0 3 11 13 2 19 14 0 13 16 19
7 0 12 15 10 3 14 7 14 8 9 2 9 9 19 9 13 4 5 3 7 16 3 14 17 9 13 1 0 8 3 1 12 11 13 17 14 17 4 3 0 8 18 11 16 10 1 13 15 19
6 4 12 5 7 16 4 15 2 7 4 8 0 8 7 7 15 0 9 8 12 0 8 9 0 7 13 16 9 6 9 9 6 17 15 19 18 19 4 11 8 0 0 8 13 19 16 3 3 7
9 7 14 18 1 9 9 13 17 2 9 1 18 11 7 3 6 11 8 16 3 2 0 6 10 0 17 13 12 14 1 7 5 6 10 11 10 10 3 13 18 0 0 1 9 1 18 8 7 13
0 19 17 2 13 14 13 15 9 12 9 13 17 11 6 13 14 17 2 1 4 13 6 19 1 12 8 19 9 1 11 13 18 0 2 17 12 10 10 2 11 8 1 0 6 15 2 12 9 9
11 7 19 15 2 5 0 5 11 3 7 6 3 3 17 17 4 7 7 19 4 13 10 6 16 8 15 4 17 1 11 6 6 17 2 5 12 19 8 19 16 13 9 6 0 18 11 2 10 18
4 9 15 11 19 8 19 7 13 2 0 5 19 7 11 9 15 6 1 18 14 8 0 3 19 15 15 3 2 6 2 15 14 1 5 9 11 15 2 14 10 19 1 15 18 0 15 14 3 9
9 3 19 4 13 16 12 2 4 3 7 5 2 12 15 0 16 15 5 10 4 12 18 14 9 10 14 14 2 11 2 7 13 0 0 8 14 13 13 0 1 16 18 2 11 15 0 12 17 18
7 12 16 0 18 15 13 8 19 10 14 17 4 0 15 15 3 19 1 15 15 1 7 10 5 10 18 7 0 1 7 1 9 0 4 10 0 11 16 13 13 3 8 12 2 14 12 0 2 9
0 0 9 11 8 11 13 3 1 13 0 17 8 9 15 18 15 2 11 4 12 11 12 12 14 5 6 7 10 4 14 17 7 9 17 18 15 10 8 16 15 3 7 9 10 3 17 2 0 1
11 11 5 11 18 9 2 2 13 13 3 10 2 15 5 6 15 15 18 2 10 17 2 6 15 19 8 3 15 16 2 15 1 19 17 9 13 16 10 19 19 7 13 9 18 9 18 9 1 0
