50
50
0 7 4 0 10 4 0 12 5 4 12 16 8 11 6 16 19 11 6 19 4 5 4 8 4 13 14 14 11 14 8 7 19 13 13 15 19 5 2 1 15 15 18 5 19 18 19 14 0 8
7 0 16 14 1 11 11 6 6 13 19 16 5 0 6 16 14 12 15 1 0 4 2 12 7 10 3 19 11 18 6 12 1 12 14 5 11 7 12 7 4 8 1 4 12 11 7 14 11 9
4 16 0 19 2 13 19 17 12 14 0 0 5 0 3 14 13 4 15 6 19 19 19 10 4 17 10 17 17 11 14 9 17 12 0 6 3 14 17 19 5 9 19 5 12 14 0 18 7 17
0 14 19 0 15 8 6 17 8 15 12 8 10 17 4 9 14 1 12 12 0 7 15 14 5 10 18 5 8 13 14 7 16 1 9 16 0 7 16 13 5 7 0 7 16 13 6 13 7 13
10 1 2 15 0 14 8 15 19 3 14 18 5 1 15 16 18 0 16 2 12 0 1 16 17 8 5 10 13 5 7 5 4 10 8 14 17 6 4 6 17 14 15 11 6 8 8 11 19 3
4 11 13 8 14 0 14 0 2 13 12 15 9 4 1 15 16 5 4 3 18 12 10 15 14 8 2 16 18 2 6 8 10 8 14 18 11 1 18 5 18 4 1 0 1 15 15 15 9 14
0 11 19 6 8 14 0 14 8 6 1 2 11 2 3 11 8 7 7 12 18 15 11 16 4 19 12 0 0 2 1 8 14 9 5 1 13 18 9 16 0 1 19 13 6 8 8 8 12 15
12 6 17 17 15 0 14 0 6 2 6 13 17 2 14 4 8 3 4 10 18 13 1 12 0 0 12 12 8 2 0 8 4 18 3 10 4 18 8 0 18 13 8 7 16 11 16 14 17 12
5 6 12 8 19 2 8 6 0 0 14 9 1 16 6 0 2 12 10 8 6 16 5 4 10 17 18 17 8 19 0 1 15 12 1 7 2 0 12 1 8 11 18 19 13 2 8 18 1 18
4 13 14 15 3 13 6 2 0 0 10 18 9 4 4 1 16 1 1 0 4 15 16 15 6 13 13 5 9 13 12 0 3 12 17 19 10 4 12 19 4 16 0 14 3 13 15 17 13 18
12 19 0 12 14 12 1 6 14 10 0 13 0 4 3 12 14 13 7 19 6 4 18 16 6 8 0 13 15 15 14 9 16 13 7 9 11 19 0 0 14 19 1 0 10 3 16 3 11 19
16 16 0 8 18 15 2 13 9 18 13 0 3 12 9 10 16 9 10 3 2 18 10 18 19 9 10 6 5 8 11 8 15 16 4 13 3 17 10 11 18 0 5 6 16 2 11 12 3 7
8 5 5 10 5 9 11 17 1 9 0 3 0 2 5 3 5 8 4 1 17 17 16 5 8 17 14 14 0 4 2 9 1 6 3 13 3 10 19 18 7 4 14 5 12 14 15 2 17 18
11 0 0 17 1 4 2 2 16 4 4 12 2 0 18 13 5 16 7 17 5 17 11 17 3 18 0 6 10 0 12 4 12 4 11 9 5 1 19 7 17 15 18 15 5 0 0 17 12 17
6 6 3 4 15 1 3 14 6 4 3 9 5 18 0 11 4 16 7 2 1 11 12 5 15 1 4 5 5 10 10 1 18 12 1 1 11 7 16 15 13 19 16 14 17 13 5 3 7 3
16 16 14 9 16 15 11 4 0 1 12 10 3 13 11 0 15 3 11 16 6 16 13 1 17 16 17 18 17 7 12 8 7 2 19 13 2 12 4 8 19 16 18 2 2 3 19 14 17 13
19 14 13 14 18 16 8 8 2 16 14 16 5 5 4 15 0 2 4 5 4 14 2 0 14 8 11 5 1 11 17 4 7 15 19 4 15 17 11 12 1 17 0 18 10 6 16 14 14 17
11 12 4 1 0 5 7 3 12 1 13 9 8 16 16 3 2 0 18 9 2 17 8 3 9 7 9 18 9 4 2 10 5 5 13 12 9 10 12 11 11 9 4 13 7 7 0 18 10 6
6 15 15 12 16 4 7 4 10 1 7 10 4 7 7 11 4 18 0 13 2 7 5 18 7 13 11 6 10 10 12 1 8 19 2 17 19 6 4 14 11 6 8 4 18 14 17 6 2 1
19 1 6 12 2 3 12 10 8 0 19 3 1 17 2 16 5 9 13 0 6 4 7 12 18 10 11 10 16 2 6 10 12 17 15 4 17 4 15 8 9 3 16 5 2 19 5 1 7 16
4 0 19 0 12 18 18 18 6 4 6 2 17 5 1 6 4 2 2 6 0 3 0 3 8 7 11 10 11 10 0 10 14 18 5 5 15 9 18 7 14 14 15 9 13 10 3 0 5 11
5 4 19 7 0 12 15 13 16 15 4 18 17 17 11 16 14 17 7 4 3 0 0 3 11 8 18 15 2 7 15 4 11 11 7 15 8 12 17 2 15 15 16 16 10 1 12 3 19 15
4 2 19 15 1 10 11 1 5 16 18 10 16 11 12 13 2 8 5 7 0 0 0 6 3 18 10 19 17 15 7 16 2 6 17 19 10 16 12 7 9 5 12 10 16 17 7 8 5 18
8 12 10 14 16 15 16 12 4 15 16 18 5 17 5 1 0 3 18 12 3 3 6 0 10 6 14 5 13 1 4 4 9 19 18 16 11 8 16 16 8 3 19 16 7 14 13 19 8 16
4 7 4 5 17 14 4 0 10 6 6 19 8 3 15 17 14 9 7 18 8 11 3 10 0 5 4 18 11 13 19 12 14 11 6 19 7 19 1 5 5 4 14 10 5 8 18 4 1 1
13 10 17 10 8 8 19 0 17 13 8 9 17 18 1 16 8 7 13 10 7 8 18 6 5 0 8 12 8 14 0 0 10 0 3 16 7 3 15 8 17 8 4 11 13 2 8 17 16 12
14 3 10 18 5 2 12 12 18 13 0 10 14 0 4 17 11 9 11 11 11 18 10 14 4 8 0 2 11 9 3 5 19 11 6 6 17 11 1 16 12 14 16 17 3 16 12 14 7 5
14 19 17 5 10 16 0 12 17 5 13 6 14 6 5 18 5 18 6 10 10 15 19 5 18 12 2 0 5 15 1 11 0 13 14 2 4 13 17 11 15 8 8 2 16 15 16 12 10 3
11 11 17 8 13 18 0 8 8 9 15 5 0 10 5 17 1 9 10 16 11 2 17 13 11 8 11 5 0 14 17 7 5 14 19 3 17 12 13 5 13 15 18 14 8 12 10 6 11 15
14 18 11 13 5 2 2 2 19 13 15 8 4 0 10 7 11 4 10 2 10 7 15 1 13 14 9 15 14 0 4 9 9 12 4 10 14 4 16 1 1 14 5 8 12 12 15 0 8 10
8 6 14 14 7 6 1 0 0 12 14 11 2 12 10 12 17 2 12 6 0 15 7 4 19 0 3 1 17 4 0 8 0 6 0 9 19 1 15 9 3 4 14 18 18 17 10 18 10 17
7 12 9 7 5 8 8 8 1 0 9 8 9 4 1 8 4 10 1 10 10 4 16 4 12 0 5 11 7 9 8 0 5 12 10 4 13 3 13 16 6 13 2 4 15 9 17 19 5 1
19 1 17 16 4 10 14 4 15 3 16 15 1 12 18 7 7 5 8 12 14 11 2 9 14 10 19 0 5 9 0 5 0 6 2 5 2 4 6 3 4 10 6 9 14 19 2 11 15 5
13 12 12 1 10 8 9 18 12 12 13 16 6 4 12 2 15 5 19 17 18 11 6 19 11 0 11 13 14 12 6 12 6 0 12 1 15 11 2 19 19 3 1 3 11 4 9 15 8 7
13 14 0 9 8 14 5 3 1 17 7 4 3 11 1 19 19 13 2 15 5 7 17 18 6 3 6 14 19 4 0 10 2 12 0 11 12 3 4 19 18 10 17 1 2 12 7 0 9 8
15 5 6 16 14 18 1 10 7 19 9 13 13 9 1 13 4 12 17 4 5 15 19 16 19 16 6 2 3 10 9 4 5 1 11 0 13 3 9 4 7 18 18 8 12 13 9 15 14 17
19 11 3 0 17 11 13 4 2 10 11 3 3 5 11 2 15 9 19 17 15 8 10 11 7 7 17 4 17 14 19 13 2 15 12 13 0 6 2 13 1 1 12 15 5 1 1 1 19 14
5 7 14 7 6 1 18 18 0 4 19 17 10 1 7 12 17 10 6 4 9 12 16 8 19 3 11 13 12 4 1 3 4 11 3 3 6 0 11 3 4 14 16 0 2 14 3 0 12 10
2 12 17 16 4 18 9 8 12 12 0 10 19 19 16 4 11 12 4 15 18 17 12 16 1 15 1 17 13 16 15 13 6 2 4 9 2 11 0 5 3 3 1 7 4 9 12 16 16 9
1 7 19 13 6 5 16 0 1 19 0 11 18 7 15 8 12 11 14 8 7 2 7 16 5 8 16 11 5 1 9 16 3 19 19 4 13 3 5 0 0 6 0 10 17 1 3 6 1 16
15 4 5 5 17 18 0 18 8 4 14 18 7 17 13 19 1 11 11 9 14 15 9 8 5 17 12 15 13 1 3 6 4 19 18 7 1 4 3 0 0 18 17 8 11 7 11 7 14 3
15 8 9 7 14 4 1 13 11 16 19 0 4 15 19 16 17 9 6 3 14 15 5 3 4 8 14 8 15 14 4 13 10 3 10 18 1 14 3 6 18 0 16 4 17 18 10 7 4 12
18 1 19 0 15 1 19 8 18 0 1 5 14 18 16 18 0 4 8 16 15 16 12 19 14 4 16 8 18 5 14 2 6 1 17 18 12 16 1 0 17 16 0 4 2 11 12 13 13 18
5 4 5 7 11 0 13 7 19 14 0 6 5 15 14 2 18 13 4 5 9 16 10 16 10 11 17 2 14 8 18 4 9 3 1 8 15 0 7 10 8 4 4 0 17 1 19 12 18 4
19 12 12 16 6 1 6 16 13 3 10 16 12 5 17 2 10 7 18 2 13 10 16 7 5 13 3 16 8 12 18 15 14 11 2 12 5 2 4 17 11 17 2 17 0 7 18 12 13 11
18 11 14 13 8 15 8 11 2 13 3 2 14 0 13 3 6 7 14 19 10 1 17 14 8 2 16 15 12 12 17 9 19 4 12 13 1 14 9 1 7 18 11 1 7 0 10 15 4 4
19 7 0 6 8 15 8 16 8 15 16 11 15 0 5 19 16 0 17 5 3 12 7 13 18 8 12 16 10 15 10 17 2 9 7 9 1 3 12 3 11 10 12 19 18 10 0 9 6 1
14 14 18 13 11 15 8 14 18 17 3 12 2 17 3 14 14 18 6 1 0 3 8 19 4 17 14 12 6 0 18 19 11 15 0 15 1 0 16 6 7 7 13 12 12 15 9 0 17 0
0 11 7 7 19 9 12 17 1 13 11 3 17 12 7 17 14 10 2 7 5 19 5 8 1 16 7 10 11 8 10 5 15 8 9 14 19 12 16 1 14 4 13 18 13 4 6 17 0 1
8 9 17 13 3 14 15 12 18 18 19 7 18 17 3 13 17 6 1 16 11 15 18 16 1 12 5 3 15 10 17 1 5 7 8 17 14 10 9 16 3 12 18 4 11 4 1 0 1 0
