75
50
0 0 0 8 0 5 0 0 0 7 0 17 0 12 0 0 0 12 12 8 0 3 0 0 0 0 3 0 0 0 10 16 0 14 15 0 15 0 0 0 0 0 0 0 0 0 7 0 0 5
0 0 12 0 18 0 0 0 0 10 0 16 15 0 0 3 0 0 0 0 18 9 0 0 8 0 0 0 0 0 0 0 0 0 0 13 4 0 17 0 5 16 0 0 0 0 0 0 9 10
0 12 0 7 0 0 0 0 0 0 0 0 0 16 14 19 0 0 0 0 10 0 10 0 0 0 0 0 0 0 0 0 11 9 0 0 0 0 0 0 0 0 0 0 0 15 15 0 0 2
8 0 7 0 0 0 12 7 0 0 0 0 0 9 0 0 7 0 0 0 0 0 0 0 2 8 0 0 0 0 0 0 14 14 0 2 0 19 0 14 0 6 0 0 0 0 0 0 0 9
0 18 0 0 0 10 0 0 0 0 11 13 0 0 0 0 0 1 0 0 0 0 0 0 0 0 0 0 0 0 0 0 0 0 0 14 0 0 6 0 4 0 9 0 14 3 0 0 0 2
5 0 0 0 10 0 0 0 0 0 0 0 0 0 0 0 6 0 0 9 9 2 0 0 9 0 0 19 12 0 5 10 2 0 0 0 3 0 7 5 0 0 1 0 0 0 16 0 0 7
0 0 0 12 0 0 0 0 0 0 0 0 0 7 0 14 0 0 0 0 9 0 0 0 0 0 0 0 15 0 0 0 0 0 0 0 0 0 0 0 0 10 0 0 0 2 0 0 4 0
0 0 0 7 0 0 0 0 0 0 4 17 0 1 0 19 1 13 9 0 0 0 0 0 19 9 0 0 0 0 0 0 17 0 0 13 12 4 15 0 0 0 3 0 7 0 0 0 4 0
0 0 0 0 0 0 0 0 0 1 0 0 0 12 0 0 0 0 14 16 0 19 0 0 0 17 4 13 0 3 18 0 0 0 0 13 19 10 0 0 0 0 0 0 0 5 0 0 0 0
7 10 0 0 0 0 0 0 1 0 0 0 0 0 0 0 0 2 0 4 0 9 0 0 0 0 0 0 14 0 5 0 0 0 0 0 0 0 19 0 0 0 0 0 0 0 2 0 0 0
0 0 0 0 11 0 0 4 0 0 0 17 0 0 0 0 0 0 0 0 0 0 0 16 3 0 0 0 0 0 0 0 0 0 0 0 0 0 0 0 10 0 0 11 0 0 16 0 10 0
17 16 0 0 13 0 0 17 0 0 17 0 0 0 0 0 0 4 15 0 0 0 0 0 0 0 19 0 0 0 0 4 0 0 12 0 3 19 0 0 0 0 0 0 0 0 0 0 0 12
0 15 0 0 0 0 0 0 0 0 0 0 0 0 0 6 0 0 0 17 0 0 0 0 16 0 0 0 0 0 0 0 0 0 0 13 0 0 0 0 0 0 0 12 0 2 14 0 0 0
12 0 16 9 0 0 7 1 12 0 0 0 0 0 0 0 3 0 0 10 15 0 0 0 6 0 3 0 2 0 0 0 0 8 0 19 0 18 0 9 0 0 0 0 0 11 0 0 17 0
0 0 14 0 0 0 0 0 0 0 0 0 0 0 0 0 10 18 0 12 14 0 17 0 0 16 0 0 19 9 0 3 13 0 0 0 0 0 0 15 17 0 0 0 15 0 0 10 0 18
0 3 19 0 0 0 14 19 0 0 0 0 6 0 0 0 0 0 0 0 0 0 7 0 0 14 0 2 0 5 0 0 14 0 0 17 0 16 4 0 0 0 0 2 0 0 9 2 0 0
0 0 0 7 0 6 0 1 0 0 0 0 0 3 10 0 0 0 0 9 0 3 0 4 0 16 3 0 0 0 0 17 0 13 0 0 0 0 0 0 0 1 0 12 0 0 0 17 0 0
12 0 0 0 1 0 0 13 0 2 0 4 0 0 18 0 0 0 0 0 0 0 14 0 0 0 0 0 16 0 0 0 0 0 17 3 0 0 0 7 0 0 0 17 0 0 17 0 0 16
12 0 0 0 0 0 0 9 14 0 0 15 0 0 0 0 0 0 0 0 0 0 0 1 0 0 0 0 0 5 0 17 0 2 18 0 0 0 0 4 13 0 0 14 0 0 0 0 0 6
8 0 0 0 0 9 0 0 16 4 0 0 17 10 12 0 9 0 0 0 0 0 0 0 19 5 0 0 0 0 0 0 0 0 0 0 0 6 0 0 0 11 8 10 0 0 0 0 3 0
0 18 10 0 0 9 9 0 0 0 0 0 0 15 14 0 0 0 0 0 0 0 14 0 0 1 9 0 0 0 1 0 0 0 4 0 0 16 6 0 19 17 0 0 0 11 0 0 17 0
3 9 0 0 0 2 0 0 19 9 0 0 0 0 0 0 3 0 0 0 0 0 0 0 0 0 0 9 13 0 13 0 0 16 0 0 0 1 1 0 0 0 0 0 0 0 5 13 0 0
0 0 10 0 0 0 0 0 0 0 0 0 0 0 17 7 0 14 0 0 14 0 0 0 0 6 0 0 6 0 0 0 0 2 13 0 0 0 0 8 5 8 0 0 18 0 0 0 0 0
0 0 0 0 0 0 0 0 0 0 16 0 0 0 0 0 4 0 1 0 0 0 0 0 18 0 2 0 0 10 0 0 0 0 0 1 0 0 0 0 0 0 3 0 7 0 0 2 0 13
0 8 0 2 0 9 0 19 0 0 3 0 16 6 0 0 0 0 0 19 0 0 0 18 0 0 0 4 0 4 9 16 17 0 0 0 0 0 0 7 0 12 9 7 13 7 0 0 0 0
0 0 0 8 0 0 0 9 17 0 0 0 0 0 16 14 16 0 0 5 1 0 6 0 0 0 0 0 0 0 0 0 7 0 0 0 0 0 0 2 0 0 0 19 0 0 0 0 0 0
3 0 0 0 0 0 0 0 4 0 0 19 0 3 0 0 3 0 0 0 9 0 0 2 0 0 0 2 0 13 14 0 0 0 0 0 0 1 0 0 16 0 0 0 0 19 0 18 0 0
0 0 0 0 0 19 0 0 13 0 0 0 0 0 0 2 0 0 0 0 0 9 0 0 4 0 2 0 1 0 2 0 7 0 0 0 0 0 0 3 0 13 0 4 0 0 0 0 0 0
0 0 0 0 0 12 15 0 0 14 0 0 0 2 19 0 0 16 0 0 0 13 6 0 0 0 0 1 0 4 0 0 19 0 0 0 0 0 0 7 0 0 0 0 0 0 0 1 14 0
0 0 0 0 0 0 0 0 3 0 0 0 0 0 9 5 0 0 5 0 0 0 0 10 4 0 13 0 4 0 7 0 2 0 3 0 11 19 0 19 0 0 0 0 16 14 4 0 0 0
10 0 0 0 0 5 0 0 18 5 0 0 0 0 0 0 0 0 0 0 1 13 0 0 9 0 14 2 0 7 0 0 0 0 1 0 0 0 0 0 0 17 0 16 0 0 3 11 0 0
16 0 0 0 0 10 0 0 0 0 0 4 0 0 3 0 17 0 17 0 0 0 0 0 16 0 0 0 0 0 0 0 0 0 0 0 7 0 0 9 0 9 0 0 0 0 19 0 0 0
0 0 11 14 0 2 0 17 0 0 0 0 0 0 13 14 0 0 0 0 0 0 0 0 17 7 0 7 19 2 0 0 0 0 0 0 0 0 0 8 0 3 0 0 0 5 0 0 7 15
14 0 9 14 0 0 0 0 0 0 0 0 0 8 0 0 13 0 2 0 0 16 2 0 0 0 0 0 0 0 0 0 0 0 19 2 0 11 0 2 7 8 0 0 0 0 7 3 0 4
15 0 0 0 0 0 0 0 0 0 0 12 0 0 0 0 0 17 18 0 4 0 13 0 0 0 0 0 0 3 1 0 0 19 0 0 6 0 0 10 0 0 16 12 0 0 0 0 0 0
0 13 0 2 14 0 0 13 13 0 0 0 13 19 0 17 0 3 0 0 0 0 0 1 0 0 0 0 0 0 0 0 0 2 0 0 10 0 0 14 0 19 0 0 0 0 0 0 0 0
15 4 0 0 0 3 0 12 19 0 0 3 0 0 0 0 0 0 0 0 0 0 0 0 0 0 0 0 0 11 0 7 0 0 6 10 0 12 0 18 5 5 0 0 0 0 0 0 0 0
0 0 0 19 0 0 0 4 10 0 0 19 0 18 0 16 0 0 0 6 16 1 0 0 0 0 1 0 0 19 0 0 0 11 0 0 12 0 0 0 0 8 16 0 0 2 0 0 8 0
0 17 0 0 6 7 0 15 0 19 0 0 0 0 0 4 0 0 0 0 6 1 0 0 0 0 0 0 0 0 0 0 0 0 0 0 0 0 0 0 1 0 0 0 0 0 0 0 0 0
0 0 0 14 0 5 0 0 0 0 0 0 0 9 15 0 0 7 4 0 0 0 8 0 7 2 0 3 7 19 0 9 8 2 10 14 18 0 0 0 15 0 0 0 5 0 0 11 0 0
0 5 0 0 4 0 0 0 0 0 10 0 0 0 17 0 0 0 13 0 19 0 5 0 0 0 16 0 0 0 0 0 0 7 0 0 5 0 1 15 0 0 0 0 0 0 0 15 0 14
0 16 0 6 0 0 10 0 0 0 0 0 0 0 0 0 1 0 0 11 17 0 8 0 12 0 0 13 0 0 17 9 3 8 0 19 5 8 0 0 0 0 2 0 3 0 8 11 0 0
0 0 0 0 9 1 0 3 0 0 0 0 0 0 0 0 0 0 0 8 0 0 0 3 9 0 0 0 0 0 0 0 0 0 16 0 0 16 0 0 0 2 0 2 0 10 0 0 0 0
0 0 0 0 0 0 0 0 0 0 11 0 12 0 0 2 12 17 14 10 0 0 0 0 7 19 0 4 0 0 16 0 0 0 12 0 0 0 0 0 0 0 2 0 0 0 0 0 0 0
0 0 0 0 14 0 0 7 0 0 0 0 0 0 15 0 0 0 0 0 0 0 18 7 13 0 0 0 0 16 0 0 0 0 0 0 0 0 0 5 0 3 0 0 0 0 0 0 12 7
0 0 15 0 3 0 2 0 5 0 0 0 2 11 0 0 0 0 0 0 11 0 0 0 7 0 19 0 0 14 0 0 5 0 0 0 0 2 0 0 0 0 10 0 0 0 0 16 0 0
7 0 15 0 0 16 0 0 0 2 16 0 14 0 0 9 0 17 0 0 0 5 0 0 0 0 0 0 0 4 3 19 0 7 0 0 0 0 0 0 0 8 0 0 0 0 0 14 0 18
0 0 0 0 0 0 0 0 0 0 0 0 0 0 10 2 17 0 0 0 0 13 0 2 0 0 18 0 1 0 11 0 0 3 0 0 0 0 0 11 15 11 0 0 0 16 14 0 0 0
0 9 0 0 0 0 4 4 0 0 10 0 0 17 0 0 0 0 0 3 17 0 0 0 0 0 0 0 14 0 0 0 7 0 0 0 0 8 0 0 0 0 0 0 12 0 0 0 0 0
5 10 2 9 2 7 0 0 0 0 0 12 0 0 18 0 0 16 6 0 0 0 0 13 0 0 0 0 0 0 0 0 15 4 0 0 0 0 0 0 14 0 0 0 7 0 18 0 0 0
