75
50
0 0 10 0 13 0 0 0 16 0 0 0 3 0 13 0 0 0 6 0 10 0 0 0 17 0 0 0 0 0 10 0 6 0 0 0 0 0 0 6 12 3 0 0 0 2 0 0 0 0
0 0 0 8 0 0 0 0 0 0 0 19 0 0 19 0 4 0 0 0 2 0 0 0 13 0 16 0 0 0 0 0 0 10 0 0 15 18 9 13 0 0 13 0 0 0 0 0 15 13
10 0 0 0 0 0 0 0 0 17 0 0 18 0 0 0 0 0 0 0 15 0 0 0 0 0 5 0 0 0 17 0 0 0 14 0 16 9 0 0 10 9 6 0 0 11 0 0 0 0
0 8 0 0 0 11 0 19 0 0 0 0 6 0 0 8 0 0 9 12 0 19 0 0 0 0 0 0 0 0 0 0 0 6 0 0 0 0 0 0 0 2 0 0 0 0 0 0 16 6
13 0 0 0 0 0 0 0 17 7 0 3 0 2 0 0 0 0 0 0 0 0 0 0 0 0 0 0 0 0 0 0 5 0 0 0 0 0 0 0 6 16 0 0 0 0 0 0 0 0
0 0 0 11 0 0 0 0 1 0 19 0 0 0 0 12 15 0 0 1 0 4 0 13 0 18 0 9 17 10 0 6 0 6 11 6 0 0 4 0 0 0 12 0 6 17 0 3 0 0
0 0 0 0 0 0 0 13 10 0 2 8 7 0 0 0 0 0 5 0 0 17 0 0 0 0 0 0 0 0 0 0 6 0 0 0 0 0 0 0 8 0 12 0 0 0 4 0 0 17
0 0 0 19 0 0 13 0 0 0 15 13 19 0 0 0 4 18 0 19 0 0 0 0 17 0 0 0 0 0 0 0 9 0 10 12 0 0 15 3 0 8 11 0 0 0 0 5 18 0
16 0 0 0 17 1 10 0 0 0 0 0 12 6 8 0 19 0 0 0 0 0 0 0 0 1 0 0 0 11 0 10 0 0 0 0 8 0 0 0 14 7 9 0 11 0 0 19 0 0
0 0 17 0 7 0 0 0 0 0 0 0 0 3 0 0 0 13 8 0 0 0 0 0 0 0 0 0 0 0 1 0 0 0 0 0 0 0 0 10 0 1 9 0 0 2 12 0 7 0
0 0 0 0 0 19 2 15 0 0 0 0 0 0 17 0 0 0 0 0 0 16 12 0 19 0 0 0 0 4 3 0 0 0 0 0 0 0 0 0 0 17 0 2 0 0 0 0 0 0
0 19 0 0 3 0 8 13 0 0 0 0 0 0 0 0 0 0 17 0 3 9 0 0 0 15 7 14 15 4 0 0 0 0 18 0 0 8 8 13 0 14 0 0 11 0 0 0 11 0
3 0 18 6 0 0 7 19 12 0 0 0 0 0 0 13 0 0 0 0 0 0 0 0 7 0 0 0 0 10 10 0 0 0 0 0 12 8 0 0 0 0 0 0 0 0 0 0 0 0
0 0 0 0 2 0 0 0 6 3 0 0 0 0 0 0 0 0 2 0 0 0 7 0 0 0 8 17 0 0 0 0 0 0 14 0 18 12 0 0 0 5 17 19 0 0 0 0 0 10
13 19 0 0 0 0 0 0 8 0 17 0 0 0 0 12 0 0 8 0 0 14 0 18 0 0 0 0 0 0 0 0 0 0 8 0 0 0 0 0 5 0 0 5 0 0 0 0 16 7
0 0 0 8 0 12 0 0 0 0 0 0 13 0 12 0 0 0 0 0 0 0 0 0 0 0 0 0 16 0 0 7 0 0 6 0 0 0 0 6 0 0 0 2 0 0 0 7 0 0
0 4 0 0 0 15 0 4 19 0 0 0 0 0 0 0 0 0 0 0 0 0 4 0 10 0 0 13 18 0 0 0 0 0 0 0 14 19 0 0 0 0 13 0 12 0 0 0 0 0
0 0 0 0 0 0 0 18 0 13 0 0 0 0 0 0 0 0 0 0 0 12 0 0 0 0 0 18 0 0 0 0 0 11 8 0 9 0 4 17 13 0 0 0 19 0 10 3 0 0
6 0 0 9 0 0 5 0 0 8 0 17 0 2 8 0 0 0 0 8 0 0 0 0 0 0 0 0 10 0 1 0 0 10 0 0 14 0 0 0 0 0 0 12 0 0 0 0 0 0
0 0 0 12 0 1 0 19 0 0 0 0 0 0 0 0 0 0 8 0 0 5 9 0 0 0 0 0 7 19 0 15 0 7 0 0 0 0 0 9 14 0 19 4 0 11 0 0 0 0
10 2 15 0 0 0 0 0 0 0 0 3 0 0 0 0 0 0 0 0 0 0 0 0 2 0 0 0 7 0 10 0 0 0 0 7 0 0 0 0 14 0 7 0 8 0 6 0 0 0
0 0 0 19 0 4 17 0 0 0 16 9 0 0 14 0 0 12 0 5 0 0 0 0 7 0 0 10 17 10 12 12 0 0 0 6 0 0 0 0 0 0 6 17 5 0 10 0 0 15
0 0 0 0 0 0 0 0 0 0 12 0 0 7 0 0 4 0 0 9 0 0 0 0 0 0 3 0 0 0 0 0 0 4 0 0 0 0 0 0 17 9 0 2 0 0 0 1 0 0
0 0 0 0 0 13 0 0 0 0 0 0 0 0 18 0 0 0 0 0 0 0 0 0 0 0 19 0 0 0 0 0 6 0 3 4 0 0 9 0 0 0 0 0 0 0 0 0 0 15
17 13 0 0 0 0 0 17 0 0 19 0 7 0 0 0 10 0 0 0 2 7 0 0 0 0 10 0 16 0 0 0 2 18 11 0 0 3 0 0 19 7 0 18 11 0 8 16 4 7
0 0 0 0 0 18 0 0 1 0 0 15 0 0 0 0 0 0 0 0 0 0 0 0 0 0 0 0 0 19 6 0 0 8 0 9 0 15 0 0 0 2 0 0 7 0 0 0 0 16
0 16 5 0 0 0 0 0 0 0 0 7 0 8 0 0 0 0 0 0 0 0 3 19 10 0 0 13 0 11 0 0 16 0 7 0 0 0 0 17 19 11 0 0 0 0 2 0 0 0
0 0 0 0 0 9 0 0 0 0 0 14 0 17 0 0 13 18 0 0 0 10 0 0 0 0 13 0 0 0 0 0 0 0 0 0 0 8 0 0 0 0 0 0 16 0 0 0 0 0
0 0 0 0 0 17 0 0 0 0 0 15 0 0 0 16 18 0 10 7 7 17 0 0 16 0 0 0 0 0 0 0 0 0 0 0 0 0 0 0 0 0 3 0 0 1 0 0 0 0
0 0 0 0 0 10 0 0 11 0 4 4 10 0 0 0 0 0 0 19 0 10 0 0 0 19 11 0 0 0 1 8 18 0 0 0 11 13 0 0 6 0 0 0 5 0 0 3 0 11
10 0 17 0 0 0 0 0 0 1 3 0 10 0 0 0 0 0 1 0 10 12 0 0 0 6 0 0 0 1 0 0 0 0 19 0 11 2 0 0 0 18 0 0 0 0 0 0 0 0
0 0 0 0 0 6 0 0 10 0 0 0 0 0 0 7 0 0 0 15 0 12 0 0 0 0 0 0 0 8 0 0 0 0 12 9 0 0 0 0 0 14 0 14 0 0 6 0 0 0
6 0 0 0 5 0 6 9 0 0 0 0 0 0 0 0 0 0 0 0 0 0 0 6 2 0 16 0 0 18 0 0 0 4 11 0 0 0 0 0 3 0 0 0 0 0 0 0 0 0
0 10 0 6 0 6 0 0 0 0 0 0 0 0 0 0 0 11 10 7 0 0 4 0 18 8 0 0 0 0 0 0 4 0 0 0 0 0 0 0 0 0 0 0 9 3 11 12 11 0
0 0 14 0 0 11 0 10 0 0 0 18 0 14 8 6 0 8 0 0 0 0 0 3 11 0 7 0 0 0 19 12 11 0 0 2 0 0 6 14 0 0 13 6 7 0 0 0 0 6
0 0 0 0 0 6 0 12 0 0 0 0 0 0 0 0 0 0 0 0 7 6 0 4 0 9 0 0 0 0 0 9 0 0 2 0 0 0 0 19 17 0 0 6 0 0 4 7 0 5
0 15 16 0 0 0 0 0 8 0 0 0 12 18 0 0 14 9 14 0 0 0 0 0 0 0 0 0 0 11 11 0 0 0 0 0 0 0 0 0 0 0 0 9 0 0 19 16 0 0
0 18 9 0 0 0 0 0 0 0 0 8 8 12 0 0 19 0 0 0 0 0 0 0 3 15 0 8 0 13 2 0 0 0 0 0 0 0 0 0 0 0 12 0 0 0 0 0 0 0
0 9 0 0 0 4 0 15 0 0 0 8 0 0 0 0 0 4 0 0 0 0 0 9 0 0 0 0 0 0 0 0 0 0 6 0 0 0 0 0 0 1 0 10 1 0 13 16 8 7
6 13 0 0 0 0 0 3 0 10 0 13 0 0 0 6 0 17 0 9 0 0 0 0 0 0 17 0 0 0 0 0 0 0 14 19 0 0 0 0 0 0 0 0 9 0 0 0 0 0
12 0 10 0 6 0 8 0 14 0 0 0 0 0 5 0 0 13 0 14 14 0 17 0 19 0 19 0 0 6 0 0 3 0 0 17 0 0 0 0 0 0 0 14 0 0 0 4 0 0
3 0 9 2 16 0 0 8 7 1 17 14 0 5 0 0 0 0 0 0 0 0 9 0 7 2 11 0 0 0 18 14 0 0 0 0 0 0 1 0 0 0 0 0 0 7 0 0 0 0
0 13 6 0 0 12 12 11 9 9 0 0 0 17 0 0 13 0 0 19 7 6 0 0 0 0 0 0 3 0 0 0 0 0 13 0 0 12 0 0 0 0 0 0 0 0 0 0 0 0
0 0 0 0 0 0 0 0 0 0 2 0 0 19 5 2 0 0 12 4 0 17 2 0 18 0 0 0 0 0 0 14 0 0 6 6 9 0 10 0 14 0 0 0 16 0 0 0 19 0
0 0 0 0 0 6 0 0 11 0 0 11 0 0 0 0 12 19 0 0 8 5 0 0 11 7 0 16 0 5 0 0 0 9 7 0 0 0 1 9 0 0 0 16 0 0 0 0 0 3
2 0 11 0 0 17 0 0 0 2 0 0 0 0 0 0 0 0 0 11 0 0 0 0 0 0 0 0 1 0 0 0 0 3 0 0 0 0 0 0 0 7 0 0 0 0 0 0 0 0
0 0 0 0 0 0 4 0 0 12 0 0 0 0 0 0 0 10 0 0 6 10 0 0 8 0 2 0 0 0 0 6 0 11 0 4 19 0 13 0 0 0 0 0 0 0 0 0 9 0
0 0 0 0 0 3 0 5 19 0 0 0 0 0 0 7 0 3 0 0 0 0 1 0 16 0 0 0 0 3 0 0 0 12 0 7 16 0 16 0 4 0 0 0 0 0 0 0 0 0
0 15 0 16 0 0 0 18 0 7 0 11 0 0 16 0 0 0 0 0 0 0 0 0 4 0 0 0 0 0 0 0 0 11 0 0 0 0 8 0 0 0 0 19 0 0 9 0 0 0
0 13 0 6 0 0 17 0 0 0 0 0 0 10 7 0 0 0 0 0 0 15 0 15 7 16 0 0 0 11 0 0 0 0 6 5 0 0 7 0 0 0 0 0 3 0 0 0 0 0
