100
50
0 3 6 18 19 13 17 3 11 17 5 13 19 15 0 7 7 14 9 18 7 11 3 1 14 8 7 4 2 12 19 2 0 11 10 7 18 5 18 13 11 4 6 3 3 3 15 12 0 0
3 0 19 15 4 2 2 1 16 8 8 14 6 14 19 7 1 13 18 4 13 2 15 2 10 1 11 4 16 4 7 4 12 19 15 13 19 10 18 1 19 16 10 5 7 10 15 0 17 5
6 19 0 9 8 15 6 0 6 10 12 17 14 12 9 13 8 1 18 8 14 1 18 16 7 19 5 9 17 0 17 1 17 2 5 4 4 17 17 7 12 8 17 17 11 13 13 9 9 10
18 15 9 0 0 13 13 3 10 0 17 1 7 14 0 1 6 9 18 0 17 12 16 2 18 17 15 2 6 5 2 1 17 17 4 11 14 15 11 10 16 9 0 5 12 5 19 5 14 1
19 4 8 0 0 1 13 17 17 1 18 18 12 1 13 16 16 15 9 4 7 8 13 6 12 13 16 10 0 14 18 11 10 2 17 18 16 15 9 8 6 14 1 2 11 11 10 17 18 4
13 2 15 13 1 0 2 3 11 2 4 9 1 2 9 11 6 15 5 16 18 16 8 9 4 15 1 0 4 12 18 18 18 17 6 5 6 3 17 11 15 16 15 0 4 0 9 1 5 18
17 2 6 13 13 2 0 2 12 4 17 1 1 2 18 17 12 19 1 9 15 12 8 12 10 4 19 1 12 15 8 16 6 0 10 13 3 7 17 14 3 8 13 10 9 3 6 15 10 13
3 1 0 3 17 3 2 0 14 18 1 17 8 0 8 4 8 12 4 15 2 6 4 13 19 9 4 9 13 9 2 10 2 17 18 7 13 3 9 7 0 5 14 7 0 14 4 1 9 1
11 16 6 10 17 11 12 14 0 9 11 5 12 1 13 10 19 5 9 13 0 2 15 19 2 9 7 15 19 1 15 1 18 15 11 16 15 19 19 11 18 1 0 2 2 13 14 10 17 2
17 8 10 0 1 2 4 18 9 0 2 19 14 4 9 12 0 3 13 0 13 10 18 9 9 8 10 16 4 12 0 17 19 14 12 2 12 9 12 10 4 2 17 1 8 5 9 2 12 11
5 8 12 17 18 4 17 1 11 2 0 0 14 16 5 13 8 3 7 16 0 3 2 15 7 18 12 10 16 13 9 16 7 18 10 16 14 0 13 19 8 0 13 10 2 8 5 13 19 14
13 14 17 1 18 9 1 17 5 19 0 0 13 15 8 18 0 6 10 13 13 2 0 5 1 0 11 5 9 1 9 14 16 8 9 12 16 19 10 16 19 17 1 3 13 14 10 8 17 9
19 6 14 7 12 1 1 8 12 14 14 13 0 17 0 15 7 15 7 1 10 0 1 18 9 7 4 3 12 14 1 11 5 8 18 1 8 4 11 2 6 18 12 14 13 7 18 1 3 10
15 14 12 14 1 2 2 0 1 4 16 15 17 0 8 9 10 1 2 13 15 8 4 5 3 16 9 11 17 1 8 3 10 13 0 13 4 1 18 16 6 0 16 6 8 7 9 18 6 17
0 19 9 0 13 9 18 8 13 9 5 8 0 8 0 17 11 19 1 18 19 17 16 0 13 18 12 5 6 2 13 10 14 7 5 18 14 13 17 12 11 17 11 7 2 13 7 12 6 17
7 7 13 1 16 11 17 4 10 12 13 18 15 9 17 0 6 17 4 5 19 1 7 7 10 12 14 13 7 1 15 0 2 6 18 0 11 11 17 13 10 13 15 15 8 6 12 13 1 1
7 1 8 6 16 6 12 8 19 0 8 0 7 10 11 6 0 14 14 14 4 6 9 7 5 5 18 12 10 19 12 5 13 3 4 12 6 13 10 3 17 1 11 10 11 14 15 13 16 14
14 13 1 9 15 15 19 12 5 3 3 6 15 1 19 17 14 0 12 10 0 5 2 12 12 1 1 4 8 9 19 12 13 0 4 9 11 16 19 6 17 4 1 12 19 18 5 16 4 12
9 18 18 18 9 5 1 4 9 13 7 10 7 2 1 4 14 12 0 7 1 1 15 19 3 19 18 15 16 4 6 10 9 8 6 19 4 7 3 16 1 19 9 1 14 3 4 16 10 18
18 4 8 0 4 16 9 15 13 0 16 13 1 13 18 5 14 10 7 0 16 7 16 19 5 5 8 6 11 10 12 11 19 6 0 5 5 12 7 9 1 2 11 19 17 14 6 1 1 7
7 13 14 17 7 18 15 2 0 13 0 13 10 15 19 19 4 0 1 16 0 18 19 1 4 16 4 11 3 14 18 4 10 5 12 3 12 19 5 18 12 2 6 7 2 16 16 1 0 11
11 2 1 12 8 16 12 6 2 10 3 2 0 8 17 1 6 5 1 7 18 0 19 10 10 1 15 12 8 9 7 13 13 2 0 16 3 3 2 0 0 0 14 17 19 11 6 16 9 1
3 15 18 16 13 8 8 4 15 18 2 0 1 4 16 7 9 2 15 16 19 19 0 18 14 6 0 2 1 8 18 18 2 13 9 4 14 19 11 6 13 7 7 19 3 11 12 4 3 1
1 2 16 2 6 9 12 13 19 9 15 5 18 5 0 7 7 12 19 19 1 10 18 0 5 7 7 2 19 12 6 13 15 12 13 8 11 17 3 11 8 6 14 5 9 4 10 15 18 6
14 10 7 18 12 4 10 19 2 9 7 1 9 3 13 10 5 12 3 5 4 10 14 5 0 4 0 9 19 1 3 10 7 6 15 8 3 5 10 6 7 1 7 4 13 6 9 3 1 2
8 1 19 17 13 15 4 9 9 8 18 0 7 16 18 12 5 1 19 5 16 1 6 7 4 0 14 18 2 8 15 9 7 7 1 13 8 3 8 10 4 9 19 5 13 16 5 19 10 1
7 11 5 15 16 1 19 4 7 10 12 11 4 9 12 14 18 1 18 8 4 15 0 7 0 14 0 15 13 10 15 14 11 8 3 5 17 6 14 11 13 2 13 17 13 7 2 6 14 8
4 4 9 2 10 0 1 9 15 16 10 5 3 11 5 13 12 4 15 6 11 12 2 2 9 18 15 0 2 4 16 17 18 13 1 16 17 18 15 10 7 9 11 17 9 7 10 3 2 2
2 16 17 6 0 4 12 13 19 4 16 9 12 17 6 7 10 8 16 11 3 8 1 19 19 2 13 2 0 13 16 10 13 13 10 6 14 2 4 15 3 15 7 2 8 7 9 3 7 3
12 4 0 5 14 12 15 9 1 12 13 1 14 1 2 1 19 9 4 10 14 9 8 12 1 8 10 4 13 0 6 6 18 6 3 10 1 7 7 0 3 15 14 13 14 13 13 12 15 10
19 7 17 2 18 18 8 2 15 0 9 9 1 8 13 15 12 19 6 12 18 7 18 6 3 15 15 16 16 6 0 12 12 18 4 6 6 12 1 7 6 19 3 2 0 5 11 8 7 7
2 4 1 1 11 18 16 10 1 17 16 14 11 3 10 0 5 12 10 11 4 13 18 13 10 9 14 17 10 6 12 0 6 14 8 18 11 18 2 14 5 18 8 18 4 12 12 7 12 19
0 12 17 17 10 18 6 2 18 19 7 16 5 10 14 2 13 13 9 19 10 13 2 15 7 7 11 18 13 18 12 6 0 5 17 15 10 18 8 6 15 6 14 11 2 11 1 2 9 19
11 19 2 17 2 17 0 17 15 14 18 8 8 13 7 6 3 0 8 6 5 2 13 12 6 7 8 13 13 6 18 14 5 0 13 13 18 10 16 12 17 16 14 4 14 19 0 2 2 13
10 15 5 4 17 6 10 18 11 12 10 9 18 0 5 18 4 4 6 0 12 0 9 13 15 1 3 1 10 3 4 8 17 13 0 14 8 7 5 3 19 0 2 7 0 19 10 4 10 16
7 13 4 11 18 5 13 7 16 2 16 12 1 13 18 0 12 9 19 5 3 16 4 8 8 13 5 16 6 10 6 18 15 13 14 0 8 9 2 3 4 12 4 4 5 17 2 19 16 19
18 19 4 14 16 6 3 13 15 12 14 16 8 4 14 11 6 11 4 5 12 3 14 11 3 8 17 17 14 1 6 11 10 18 8 8 0 19 18 11 18 3 9 11 16 12 7 19 1 9
5 10 17 15 15 3 7 3 19 9 0 19 4 1 13 11 13 16 7 12 19 3 19 17 5 3 6 18 2 7 12 18 18 10 7 9 19 0 13 0 16 2 9 12 5 11 16 3 13 11
18 18 17 11 9 17 17 9 19 12 13 10 11 18 17 17 10 19 3 7 5 2 11 3 10 8 14 15 4 7 1 2 8 16 5 2 18 13 0 2 2 14 10 15 19 11 17 12 18 3
13 1 7 10 8 11 14 7 11 10 19 16 2 16 12 13 3 6 16 9 18 0 6 11 6 10 11 10 15 0 7 14 6 12 3 3 11 0 2 0 11 6 9 14 10 8 14 16 15 9
11 19 12 16 6 15 3 0 18 4 8 19 6 6 11 10 17 17 1 1 12 0 13 8 7 4 13 7 3 3 6 5 15 17 19 4 18 16 2 11 0 15 10 19 11 6 14 19 6 9
4 16 8 9 14 16 8 5 1 2 0 17 18 0 17 13 1 4 19 2 2 0 7 6 1 9 2 9 15 15 19 18 6 16 0 12 3 2 14 6 15 0 10 15 9 14 19 1 10 7
6 10 17 0 1 15 13 14 0 17 13 1 12 16 11 15 11 1 9 11 6 14 7 14 7 19 13 11 7 14 3 8 14 14 2 4 9 9 10 9 10 10 0 9 12 9 14 17 19 15
3 5 17 5 2 0 10 7 2 1 10 3 14 6 7 15 10 12 1 19 7 17 19 5 4 5 17 17 2 13 2 18 11 4 7 4 11 12 15 14 19 15 9 0 12 8 3 15 2 19
3 7 11 12 11 4 9 0 2 8 2 13 13 8 2 8 11 19 14 17 2 19 3 9 13 13 13 9 8 14 0 4 2 14 0 5 16 5 19 10 11 9 12 12 0 6 11 4 7 5
3 10 13 5 11 0 3 14 13 5 8 14 7 7 13 6 14 18 3 14 16 11 11 4 6 16 7 7 7 13 5 12 11 19 19 17 12 11 11 8 6 14 9 8 6 0 5 9 1 9
15 15 13 19 10 9 6 4 14 9 5 10 18 9 7 12 15 5 4 6 16 6 12 10 9 5 2 10 9 13 11 12 1 0 10 2 7 16 17 14 14 19 14 3 11 5 0 9 9 1
12 0 9 5 17 1 15 1 10 2 13 8 1 18 12 13 13 16 16 1 1 16 4 15 3 19 6 3 3 12 8 7 2 2 4 19 19 3 12 16 19 1 17 15 4 9 9 0 16 12
0 17 9 14 18 5 10 9 17 12 19 17 3 6 6 1 16 4 10 1 0 9 3 18 1 10 14 2 7 15 7 12 9 2 10 16 1 13 18 15 6 10 19 2 7 1 9 16 0 5
0 5 10 1 4 18 13 1 2 11 14 9 10 17 17 1 14 12 18 7 11 1 1 6 2 1 8 2 3 10 7 19 19 13 16 19 9 11 3 9 9 7 15 19 5 9 1 12 5 0
