50
50
0 4 2 0 0 0 3 0 0 0 18 0 6 5 0 0 7 17 0 0 0 0 0 0 0 0 11 0 0 0 0 0 0 0 19 0 0 0 4 0 0 0 0 0 0 0 0 14 0 0
4 0 0 0 0 0 0 9 0 12 0 0 7 0 15 4 0 3 0 0 0 0 0 0 0 0 0 0 0 8 0 0 13 0 0 14 0 0 19 0 0 0 0 0 0 0 0 1 10 3
2 0 0 0 0 11 0 19 0 0 0 14 0 11 0 0 0 0 14 0 7 0 18 0 0 0 0 0 0 17 2 0 0 0 3 0 0 0 10 0 0 0 0 0 0 0 0 0 0 0
0 0 0 0 0 10 0 0 0 0 18 0 0 0 0 0 0 0 18 0 0 0 0 0 12 0 0 0 0 0 0 0 3 0 0 0 0 0 13 0 2 0 0 0 0 9 12 6 16 0
0 0 0 0 0 0 0 0 0 0 0 0 10 17 0 0 11 0 4 0 0 4 0 0 12 0 10 0 0 15 0 0 0 0 0 0 1 14 0 2 0 0 16 0 0 8 0 0 5 2
0 0 11 10 0 0 0 0 19 0 0 0 5 0 15 18 0 0 0 5 0 0 3 0 13 0 0 0 0 0 0 0 0 11 0 3 0 0 0 0 0 0 10 19 9 0 0 9 0 0
3 0 0 0 0 0 0 0 9 0 7 0 12 15 0 0 0 0 0 0 0 17 0 11 19 19 0 0 0 18 0 0 0 0 0 0 0 0 0 0 0 0 18 0 0 0 0 0 0 9
0 9 19 0 0 0 0 0 0 4 19 13 0 14 0 0 0 14 2 10 5 10 18 0 17 0 3 0 0 0 0 0 0 5 0 0 0 0 16 0 0 7 10 0 0 2 0 0 0 0
0 0 0 0 0 19 9 0 0 0 3 0 0 0 0 0 0 0 0 0 18 0 0 0 0 8 18 0 0 0 19 0 0 0 0 9 0 16 0 0 0 0 0 0 0 5 0 0 0 2
0 12 0 0 0 0 0 4 0 0 0 12 0 0 4 0 0 16 0 0 0 6 0 0 0 0 0 0 0 0 14 0 3 5 0 0 0 17 0 0 0 18 3 0 0 0 0 0 4 16
18 0 0 18 0 0 7 19 3 0 0 18 11 11 0 13 7 0 0 0 0 0 13 0 0 0 10 0 10 0 11 0 0 0 0 0 0 0 4 0 12 17 0 0 0 4 0 0 0 0
0 0 14 0 0 0 0 13 0 12 18 0 0 0 0 0 0 0 0 13 0 0 11 0 0 0 2 0 0 0 10 0 3 0 4 0 0 6 0 0 17 0 3 0 11 0 0 10 11 0
6 7 0 0 10 5 12 0 0 0 11 0 0 0 0 0 13 0 1 0 11 0 0 0 0 0 16 0 0 0 0 10 1 0 8 0 5 0 0 0 0 0 0 0 0 0 0 0 5 0
5 0 11 0 17 0 15 14 0 0 11 0 0 0 0 0 0 15 0 0 0 0 0 0 0 0 8 0 11 0 0 0 0 0 9 0 0 14 15 0 0 15 0 0 0 0 0 0 0 7
0 15 0 0 0 15 0 0 0 4 0 0 0 0 0 14 9 0 0 0 0 9 0 0 8 0 7 0 0 15 4 0 0 0 17 0 9 0 0 18 0 0 0 17 14 19 10 0 0 0
0 4 0 0 0 18 0 0 0 0 13 0 0 0 14 0 0 0 0 0 0 0 0 0 0 0 0 0 0 0 0 0 0 0 0 19 0 13 0 10 0 0 0 9 0 12 0 0 5 0
7 0 0 0 11 0 0 0 0 0 7 0 13 0 9 0 0 0 0 15 0 16 0 0 0 0 7 0 0 16 2 17 0 0 0 0 5 10 0 0 0 0 0 0 0 0 0 0 0 0
17 3 0 0 0 0 0 14 0 16 0 0 0 15 0 0 0 0 0 0 1 12 0 0 13 0 0 4 0 2 0 0 0 7 14 0 0 0 0 19 0 0 4 0 0 0 0 0 7 0
0 0 14 18 4 0 0 2 0 0 0 0 1 0 0 0 0 0 0 0 0 0 0 10 0 8 0 17 0 0 0 0 0 0 16 0 8 0 0 7 0 0 0 0 8 0 0 0 0 12
0 0 0 0 0 5 0 10 0 0 0 13 0 0 0 0 15 0 0 0 0 0 0 0 0 2 0 18 8 17 0 0 6 0 0 13 0 0 0 0 0 12 10 0 0 0 5 0 5 0
0 0 7 0 0 0 0 5 18 0 0 0 11 0 0 0 0 1 0 0 0 0 12 0 14 0 0 0 8 0 0 0 0 0 8 16 0 0 0 0 10 15 0 0 0 0 0 0 0 0
0 0 0 0 4 0 17 10 0 6 0 0 0 0 9 0 16 12 0 0 0 0 0 0 0 0 0 0 12 12 11 0 10 0 0 15 0 0 0 0 0 0 0 0 0 0 4 0 0 0
0 0 18 0 0 3 0 18 0 0 13 11 0 0 0 0 0 0 0 0 12 0 0 2 0 0 10 4 1 0 0 4 0 9 16 0 0 9 0 0 0 0 0 0 14 7 0 0 0 0
0 0 0 0 0 0 11 0 0 0 0 0 0 0 0 0 0 0 10 0 0 0 2 0 0 0 17 0 0 0 0 0 12 5 15 0 0 0 0 0 0 0 0 0 0 0 0 0 0 0
0 0 0 12 12 13 19 17 0 0 0 0 0 0 8 0 0 13 0 0 14 0 0 0 0 16 0 0 11 0 0 0 0 8 0 0 0 0 0 17 0 0 8 0 0 0 3 3 0 0
0 0 0 0 0 0 19 0 8 0 0 0 0 0 0 0 0 0 8 2 0 0 0 0 16 0 7 0 0 0 10 0 0 0 0 0 18 0 0 8 6 12 0 11 0 0 0 0 0 2
11 0 0 0 10 0 0 3 18 0 10 2 16 8 7 0 7 0 0 0 0 0 10 17 0 7 0 0 17 7 0 0 3 0 0 17 0 12 12 7 0 0 0 8 3 0 0 4 0 0
0 0 0 0 0 0 0 0 0 0 0 0 0 0 0 0 0 4 17 18 0 0 4 0 0 0 0 0 0 18 0 0 0 19 6 5 2 0 4 0 0 0 0 16 13 0 12 17 0 10
0 0 0 0 0 0 0 0 0 0 10 0 0 11 0 0 0 0 0 8 8 12 1 0 11 0 17 0 0 5 0 0 0 0 0 0 0 19 0 0 0 0 14 10 0 1 0 0 12 0
0 8 17 0 15 0 18 0 0 0 0 0 0 0 15 0 16 2 0 17 0 12 0 0 0 0 7 18 5 0 0 0 0 0 0 0 0 7 0 0 0 4 0 0 0 0 9 0 0 18
0 0 2 0 0 0 0 0 19 14 11 10 0 0 4 0 2 0 0 0 0 11 0 0 0 10 0 0 0 0 0 0 13 0 0 0 0 3 5 0 0 0 2 0 0 13 18 0 0 0
0 0 0 0 0 0 0 0 0 0 0 0 10 0 0 0 17 0 0 0 0 0 4 0 0 0 0 0 0 0 0 0 13 0 0 0 0 0 0 0 18 2 0 4 0 10 0 0 0 14
0 13 0 3 0 0 0 0 0 3 0 3 1 0 0 0 0 0 0 6 0 10 0 12 0 0 3 0 0 0 13 13 0 0 0 2 0 0 15 0 0 0 19 0 0 8 6 18 0 0
0 0 0 0 0 11 0 5 0 5 0 0 0 0 0 0 0 7 0 0 0 0 9 5 8 0 0 19 0 0 0 0 0 0 1 17 0 0 14 0 0 0 0 12 3 15 0 0 1 14
19 0 3 0 0 0 0 0 0 0 0 4 8 9 17 0 0 14 16 0 8 0 16 15 0 0 0 6 0 0 0 0 0 1 0 0 0 0 19 17 0 9 13 0 10 6 0 0 0 0
0 14 0 0 0 3 0 0 9 0 0 0 0 0 0 19 0 0 0 13 16 15 0 0 0 0 17 5 0 0 0 0 2 17 0 0 0 0 0 0 1 0 18 0 0 0 0 18 0 0
0 0 0 0 1 0 0 0 0 0 0 0 5 0 9 0 5 0 8 0 0 0 0 0 0 18 0 2 0 0 0 0 0 0 0 0 0 0 0 0 0 0 0 0 0 0 0 0 0 10
0 0 0 0 14 0 0 0 16 17 0 6 0 14 0 13 10 0 0 0 0 0 9 0 0 0 12 0 19 7 3 0 0 0 0 0 0 0 0 0 8 0 0 0 0 0 0 0 0 14
4 19 10 13 0 0 0 16 0 0 4 0 0 15 0 0 0 0 0 0 0 0 0 0 0 0 12 4 0 0 5 0 15 14 19 0 0 0 0 0 0 0 0 0 0 0 0 0 0 2
0 0 0 0 2 0 0 0 0 0 0 0 0 0 18 10 0 19 7 0 0 0 0 0 17 8 7 0 0 0 0 0 0 0 17 0 0 0 0 0 0 0 0 0 0 12 0 0 0 0
0 0 0 2 0 0 0 0 0 0 12 17 0 0 0 0 0 0 0 0 10 0 0 0 0 6 0 0 0 0 0 18 0 0 0 1 0 8 0 0 0 0 0 0 4 0 1 0 0 0
0 0 0 0 0 0 0 7 0 18 17 0 0 15 0 0 0 0 0 12 15 0 0 0 0 12 0 0 0 4 0 2 0 0 9 0 0 0 0 0 0 0 0 0 18 0 6 0 0 0
0 0 0 0 16 10 18 10 0 3 0 3 0 0 0 0 0 4 0 10 0 0 0 0 8 0 0 0 14 0 2 0 19 0 13 18 0 0 0 0 0 0 0 0 17 0 17 0 0 0
0 0 0 0 0 19 0 0 0 0 0 0 0 0 17 9 0 0 0 0 0 0 0 0 0 11 8 16 10 0 0 4 0 12 0 0 0 0 0 0 0 0 0 0 0 0 13 0 0 0
0 0 0 0 0 9 0 0 0 0 0 11 0 0 14 0 0 0 8 0 0 0 14 0 0 0 3 13 0 0 0 0 0 3 10 0 0 0 0 0 4 18 17 0 0 0 9 0 10 0
0 0 0 9 8 0 0 2 5 0 4 0 0 0 19 12 0 0 0 0 0 0 7 0 0 0 0 0 1 0 13 10 8 15 6 0 0 0 0 12 0 0 0 0 0 0 16 17 0 10
0 0 0 12 0 0 0 0 0 0 0 0 0 0 10 0 0 0 0 5 0 4 0 0 3 0 0 12 0 9 18 0 6 0 0 0 0 0 0 0 1 6 17 13 9 16 0 0 0 0
14 1 0 6 0 9 0 0 0 0 0 10 0 0 0 0 0 0 0 0 0 0 0 0 3 0 4 17 0 0 0 0 18 0 0 18 0 0 0 0 0 0 0 0 0 17 0 0 0 16
0 10 0 16 5 0 0 0 0 4 0 11 5 0 0 5 0 7 0 5 0 0 0 0 0 0 0 0 12 0 0 0 0 1 0 0 0 0 0 0 0 0 0 0 10 0 0 0 0 0
0 3 0 0 2 0 9 0 2 16 0 0 0 7 0 0 0 0 12 0 0 0 0 0 0 2 0 10 0 18 0 14 0 14 0 0 10 14 2 0 0 0 0 0 0 10 0 16 0 0
