75
50
0 2 2 7 9 15 5 6 2 10 13 2 10 18 9 16 4 4 11 9 7 8 19 0 2 14 0 6 6 14 3 10 19 11 13 1 14 13 6 18 6 11 4 7 13 0 18 11 0 9
2 0 1 19 4 19 11 3 0 14 5 4 12 13 13 16 18 16 8 15 16 12 8 0 15 0 18 13 17 14 1 2 8 10 17 3 7 5 11 17 11 6 12 1 10 17 18 16 6 10
2 1 0 0 13 17 19 9 3 11 19 6 15 19 19 14 16 9 2 3 11 9 10 7 18 7 9 14 11 8 19 9 2 13 19 9 2 13 18 18 10 17 2 4 1 18 8 14 4 0
7 19 0 0 16 16 5 15 8 5 10 6 17 9 17 14 10 4 4 6 13 4 17 1 0 11 8 13 10 6 4 10 17 17 10 9 12 1 5 13 17 4 10 13 2 16 10 8 15 4
9 4 13 16 0 9 17 15 0 14 15 7 0 0 19 6 0 12 19 7 15 14 11 16 18 17 13 0 5 16 5 9 1 0 7 11 8 3 3 4 13 10 4 17 4 6 10 1 9 12
15 19 17 16 9 0 16 19 8 4 4 18 2 1 8 12 11 1 8 10 8 11 9 7 1 0 7 3 9 17 19 12 6 4 14 3 16 13 5 12 10 8 14 3 7 10 6 10 12 2
5 11 19 5 17 16 0 15 2 9 3 6 7 3 3 18 19 1 0 13 15 11 7 16 13 11 16 3 7 13 6 5 0 5 4 13 1 15 5 10 17 13 3 1 1 19 1 6 19 9
6 3 9 15 15 19 15 0 0 10 15 9 15 12 0 10 8 2 0 16 14 8 13 5 12 3 16 1 5 10 4 7 2 5 2 14 13 11 19 8 10 6 19 16 5 8 15 10 2 19
2 0 3 8 0 8 2 0 0 8 9 0 17 17 14 16 19 9 11 8 15 11 15 16 0 12 6 6 3 17 4 3 4 19 15 14 1 19 13 15 4 16 10 18 15 18 14 5 10 8
10 14 11 5 14 4 9 10 8 0 7 18 14 15 0 1 3 11 8 6 7 4 19 18 11 16 0 19 18 10 13 4 5 17 11 14 15 5 15 3 16 3 14 13 13 17 11 15 12 14
13 5 19 10 15 4 3 15 9 7 0 13 3 2 1 8 11 7 18 19 15 5 17 6 7 16 19 2 17 8 5 19 13 18 2 10 3 12 16 10 0 0 8 9 5 2 3 1 13 8
2 4 6 6 7 18 6 9 0 18 13 0 5 17 12 15 11 7 16 1 5 10 15 19 12 6 19 12 4 1 19 16 2 14 10 0 16 14 13 8 7 16 1 18 8 6 7 3 14 8
10 12 15 17 0 2 7 15 17 14 3 5 0 10 5 17 5 5 19 7 18 5 7 18 2 14 6 18 19 19 7 17 6 17 1 12 19 2 10 5 0 8 11 18 15 12 9 7 7 6
18 13 19 9 0 1 3 12 17 15 2 17 10 0 13 5 14 17 16 17 2 8 5 0 19 9 18 3 18 19 16 0 0 17 10 3 1 9 19 2 14 19 0 16 12 11 11 9 0 17
9 13 19 17 19 8 3 0 14 0 1 12 5 13 0 8 10 5 4 17 18 8 12 12 3 1 3 12 17 18 14 16 15 13 8 0 13 8 19 4 17 11 19 3 8 9 9 6 0 4
16 16 14 14 6 12 18 10 16 1 8 15 17 5 8 0 15 10 5 3 8 6 19 6 12 2 7 11 11 18 19 1 11 6 5 13 14 11 13 5 4 7 15 2 11 11 9 18 16 0
4 18 16 10 0 11 19 8 19 3 11 11 5 14 10 15 0 6 7 10 9 0 8 0 7 3 9 17 12 10 7 9 5 15 7 15 8 19 2 9 16 14 3 19 11 11 3 16 17 7
4 16 9 4 12 1 1 2 9 11 7 7 5 17 5 10 6 0 8 2 4 5 4 12 7 8 0 0 12 9 5 0 7 12 3 15 19 7 7 3 2 0 2 15 0 8 4 1 11 0
11 8 2 4 19 8 0 0 11 8 18 16 19 16 4 5 7 8 0 12 8 19 10 2 6 10 5 0 5 15 12 8 14 9 12 3 12 5 13 19 15 8 19 17 12 13 12 10 12 19
9 15 3 6 7 10 13 16 8 6 19 1 7 17 17 3 10 2 12 0 13 9 14 7 8 11 14 11 10 5 0 12 11 15 13 11 14 8 17 16 12 1 1 7 3 0 1 8 3 13
7 16 11 13 15 8 15 14 15 7 15 5 18 2 18 8 9 4 8 13 0 18 0 7 11 11 11 18 6 4 12 12 19 1 16 8 2 18 0 2 7 9 12 12 5 18 11 15 1 13
8 12 9 4 14 11 11 8 11 4 5 10 5 8 8 6 0 5 19 9 18 0 12 18 14 7 1 7 4 10 11 18 10 10 1 5 3 15 19 16 6 13 14 17 5 14 5 0 18 5
19 8 10 17 11 9 7 13 15 19 17 15 7 5 12 19 8 4 10 14 0 12 0 4 13 13 8 11 19 9 6 1 8 7 4 17 10 19 9 19 19 12 6 6 12 0 19 4 15 2
0 0 7 1 16 7 16 5 16 18 6 19 18 0 12 6 0 12 2 7 7 18 4 0 16 18 7 14 19 12 19 18 13 0 10 1 18 1 1 5 5 2 16 0 15 19 2 14 12 9
2 15 18 0 18 1 13 12 0 11 7 12 2 19 3 12 7 7 6 8 11 14 13 16 0 0 11 4 9 6 17 12 7 9 9 2 9 11 16 11 16 13 13 10 6 11 14 17 1 12
14 0 7 11 17 0 11 3 12 16 16 6 14 9 1 2 3 8 10 11 11 7 13 18 0 0 0 11 12 7 7 6 7 15 1 1 17 4 6 9 17 7 14 4 10 8 8 15 10 5
0 18 9 8 13 7 16 16 6 0 19 19 6 18 3 7 9 0 5 14 11 1 8 7 11 0 0 12 17 7 2 13 16 19 19 4 3 2 9 3 7 11 10 4 13 7 1 2 17 12
6 13 14 13 0 3 3 1 6 19 2 12 18 3 12 11 17 0 0 11 18 7 11 14 4 11 12 0 5 0 15 13 16 3 10 2 12 10 18 8 19 15 9 0 19 5 11 1 4 16
6 17 11 10 5 9 7 5 3 18 17 4 19 18 17 11 12 12 5 10 6 4 19 19 9 12 17 5 0 16 7 12 18 6 3 17 12 14 8 12 10 11 5 7 12 13 9 6 16 12
14 14 8 6 16 17 13 10 17 10 8 1 19 19 18 18 10 9 15 5 4 10 9 12 6 7 7 0 16 0 2 4 3 16 19 3 4 0 18 2 2 3 15 2 16 8 7 4 12 1
3 1 19 4 5 19 6 4 4 13 5 19 7 16 14 19 7 5 12 0 12 11 6 19 17 7 2 15 7 2 0 19 13 4 15 13 9 14 8 10 6 3 10 5 7 2 6 19 10 5
10 2 9 10 9 12 5 7 3 4 19 16 17 0 16 1 9 0 8 12 12 18 1 18 12 6 13 13 12 4 19 0 6 14 6 2 13 18 2 14 1 10 15 5 4 17 18 1 2 19
19 8 2 17 1 6 0 2 4 5 13 2 6 0 15 11 5 7 14 11 19 10 8 13 7 7 16 16 18 3 13 6 0 12 19 4 4 17 15 13 10 5 15 2 6 9 9 2 9 8
11 10 13 17 0 4 5 5 19 17 18 14 17 17 13 6 15 12 9 15 1 10 7 0 9 15 19 3 6 16 4 14 12 0 4 2 16 12 13 10 15 10 17 2 3 6 18 1 15 14
13 17 19 10 7 14 4 2 15 11 2 10 1 10 8 5 7 3 12 13 16 1 4 10 9 1 19 10 3 19 15 6 19 4 0 9 18 2 18 19 15 13 3 15 17 16 2 19 2 5
1 3 9 9 11 3 13 14 14 14 10 0 12 3 0 13 15 15 3 11 8 5 17 1 2 1 4 2 17 3 13 2 4 2 9 0 15 13 8 1 9 12 4 11 0 8 7 8 4 15
14 7 2 12 8 16 1 13 1 15 3 16 19 1 13 14 8 19 12 14 2 3 10 18 9 17 3 12 12 4 9 13 4 16 18 15 0 9 15 17 0 15 11 4 12 2 8 0 8 19
13 5 13 1 3 13 15 11 19 5 12 14 2 9 8 11 19 7 5 8 18 15 19 1 11 4 2 10 14 0 14 18 17 12 2 13 9 0 6 4 15 17 19 13 10 15 16 7 10 9
6 11 18 5 3 5 5 19 13 15 16 13 10 19 19 13 2 7 13 17 0 19 9 1 16 6 9 18 8 18 8 2 15 13 18 8 15 6 0 6 17 6 7 7 16 8 16 9 9 12
18 17 18 13 4 12 10 8 15 3 10 8 5 2 4 5 9 3 19 16 2 16 19 5 11 9 3 8 12 2 10 14 13 10 19 1 17 4 6 0 11 18 15 4 12 4 3 4 8 17
6 11 10 17 13 10 17 10 4 16 0 7 0 14 17 4 16 2 15 12 7 6 19 5 16 17 7 19 10 2 6 1 10 15 15 9 0 15 17 11 0 9 12 11 13 9 2 12 14 12
11 6 17 4 10 8 13 6 16 3 0 16 8 19 11 7 14 0 8 1 9 13 12 2 13 7 11 15 11 3 3 10 5 10 13 12 15 17 6 18 9 0 11 14 18 6 19 10 1 14
4 12 2 10 4 14 3 19 10 14 8 1 11 0 19 15 3 2 19 1 12 14 6 16 13 14 10 9 5 15 10 15 15 17 3 4 11 19 7 15 12 11 0 0 19 8 12 7 12 4
7 1 4 13 17 3 1 16 18 13 9 18 18 16 3 2 19 15 17 7 12 17 6 0 10 4 4 0 7 2 5 5 2 2 15 11 4 13 7 4 11 14 0 0 3 4 19 8 4 7
13 10 1 2 4 7 1 5 15 13 5 8 15 12 8 11 11 0 12 3 5 5 12 15 6 10 13 19 12 16 7 4 6 3 17 0 12 10 16 12 13 18 19 3 0 6 6 14 5 6
0 17 18 16 6 10 19 8 18 17 2 6 12 11 9 11 11 8 13 0 18 14 0 19 11 8 7 5 13 8 2 17 9 6 16 8 2 15 8 4 9 6 8 4 6 0 3 5 19 12
18 18 8 10 10 6 1 15 14 11 3 7 9 11 9 9 3 4 12 1 11 5 19 2 14 8 1 11 9 7 6 18 9 18 2 7 8 16 16 3 2 19 12 19 6 3 0 16 5 3
11 16 14 8 1 10 6 10 5 15 1 3 7 9 6 18 16 1 10 8 15 0 4 14 17 15 2 1 6 4 19 1 2 1 19 8 0 7 9 4 12 10 7 8 14 5 16 0 15 11
0 6 4 15 9 12 19 2 10 12 13 14 7 0 0 16 17 11 12 3 1 18 15 12 1 10 17 4 16 12 10 2 9 15 2 4 8 10 9 8 14 1 12 4 5 19 5 15 0 13
9 10 0 4 12 2 9 19 8 14 8 8 6 17 4 0 7 0 19 13 13 5 2 9 12 5 12 16 12 1 5 19 8 14 5 15 19 9 12 17 12 14 4 7 6 12 3 11 13 0
