50
50
0 0 4 0 0 0 0 0 0 6 0 0 0 5 11 0 0 0 0 2 10 0 19 0 0 0 9 0 0 0 0 0 0 0 15 0 0 2 0 6 0 0 1 10 0 0 0 0 0 0
0 0 0 0 0 0 0 0 0 0 10 0 5 0 10 0 0 0 16 8 0 0 0 17 0 0 0 0 0 0 2 14 0 0 0 0 0 0 11 0 0 10 0 0 0 11 0 0 0 0
4 0 0 0 0 0 0 0 0 0 15 0 0 9 0 8 16 0 0 0 6 0 0 0 0 0 5 0 0 0 0 0 9 2 0 13 9 0 0 0 0 0 0 3 18 0 0 0 0 0
0 0 0 0 19 0 0 0 0 8 0 0 0 13 0 0 5 0 17 19 0 0 0 8 6 0 0 0 0 0 0 0 0 0 0 4 0 0 0 17 0 7 0 0 0 0 0 0 0 10
0 0 0 19 0 0 0 0 0 3 0 5 0 18 16 0 7 4 0 0 0 15 0 0 5 19 9 0 0 0 14 0 0 0 0 18 14 17 0 0 0 13 11 0 14 1 0 0 0 0
0 0 0 0 0 0 0 0 0 0 0 0 0 0 12 0 3 0 0 0 0 7 0 0 7 17 0 10 0 0 10 0 0 2 0 0 0 0 0 0 0 0 0 0 0 0 0 0 8 0
0 0 0 0 0 0 0 4 0 0 0 8 0 0 3 0 0 0 3 2 0 5 0 17 0 4 0 0 0 8 0 0 0 0 0 3 0 9 16 0 3 0 0 0 10 0 0 5 19 0
0 0 0 0 0 0 4 0 3 0 0 0 6 4 12 0 0 0 0 0 0 0 1 0 0 16 7 0 0 0 17 0 0 18 0 0 0 0 19 0 16 0 16 14 0 14 0 0 0 0
0 0 0 0 0 0 0 3 0 0 0 18 0 0 0 12 15 0 0 0 0 0 0 0 0 11 17 3 13 2 10 18 14 0 0 0 0 0 0 0 0 1 7 0 0 5 7 0 0 2
6 0 0 8 3 0 0 0 0 0 0 0 0 4 6 0 0 0 0 13 0 0 0 0 3 0 0 0 0 0 0 15 0 0 7 0 0 0 0 0 0 13 0 0 0 12 0 1 0 0
0 10 15 0 0 0 0 0 0 0 0 0 0 0 0 0 0 9 0 0 0 6 0 17 10 7 0 0 0 6 0 0 0 0 0 0 11 0 0 3 0 4 0 12 0 0 0 0 0 0
0 0 0 0 5 0 8 0 18 0 0 0 0 1 0 0 0 0 5 0 0 17 0 0 0 16 7 0 0 0 0 0 5 0 19 0 0 0 0 0 0 0 0 0 0 0 8 0 0 19
0 5 0 0 0 0 0 6 0 0 0 0 0 0 9 0 0 0 0 7 13 0 0 0 0 0 0 0 0 0 2 0 0 0 0 0 0 0 14 0 0 0 19 0 0 0 0 7 0 0
5 0 9 13 18 0 0 4 0 4 0 1 0 0 0 0 0 17 18 0 0 0 18 14 0 0 0 0 0 18 0 0 0 19 14 0 18 0 0 0 0 0 1 6 0 0 0 3 13 0
11 10 0 0 16 12 3 12 0 6 0 0 9 0 0 0 0 0 0 0 12 0 0 0 0 0 0 0 0 0 0 11 9 13 3 0 0 0 0 7 0 0 0 0 0 0 3 0 3 9
0 0 8 0 0 0 0 0 12 0 0 0 0 0 0 0 0 0 0 11 12 8 0 0 5 0 2 1 0 0 0 0 0 0 0 0 0 0 0 0 0 0 10 3 15 0 12 0 0 0
0 0 16 5 7 3 0 0 15 0 0 0 0 0 0 0 0 13 7 0 12 13 0 0 0 0 0 0 0 0 0 9 0 0 12 0 0 0 0 0 0 0 0 0 14 16 0 0 0 0
0 0 0 0 4 0 0 0 0 0 9 0 0 17 0 0 13 0 0 0 14 0 0 0 0 0 0 7 3 0 0 0 7 0 0 0 0 0 0 0 0 3 0 0 0 0 16 0 0 0
0 16 0 17 0 0 3 0 0 0 0 5 0 18 0 0 7 0 0 0 0 15 14 0 0 0 0 0 6 12 3 0 2 18 0 8 0 13 2 0 0 0 2 0 0 0 1 0 6 0
2 8 0 19 0 0 2 0 0 13 0 0 7 0 0 11 0 0 0 0 1 0 3 15 3 14 0 0 0 0 1 5 0 5 0 0 0 0 19 0 0 4 0 0 0 0 2 0 0 14
10 0 6 0 0 0 0 0 0 0 0 0 13 0 12 12 12 14 0 1 0 0 3 0 0 13 0 4 15 0 0 0 0 9 0 0 0 0 17 0 0 15 0 0 0 0 0 0 11 0
0 0 0 0 15 7 5 0 0 0 6 17 0 0 0 8 13 0 15 0 0 0 0 0 16 0 0 0 0 0 0 0 0 0 0 0 0 0 0 16 0 0 6 0 0 6 0 15 0 0
19 0 0 0 0 0 0 1 0 0 0 0 0 18 0 0 0 0 14 3 3 0 0 0 0 0 0 0 2 0 0 0 0 0 0 0 0 0 0 11 0 0 0 0 0 0 0 0 19 3
0 17 0 8 0 0 17 0 0 0 17 0 0 14 0 0 0 0 0 15 0 0 0 0 4 0 19 0 4 4 15 0 0 0 3 11 7 10 0 0 0 0 0 0 0 0 0 0 0 0
0 0 0 6 5 7 0 0 0 3 10 0 0 0 0 5 0 0 0 3 0 16 0 4 0 0 0 0 0 0 0 16 0 0 16 8 0 3 0 6 0 0 0 5 18 0 0 0 0 0
0 0 0 0 19 17 4 16 11 0 7 16 0 0 0 0 0 0 0 14 13 0 0 0 0 0 0 0 0 0 0 19 0 10 0 0 0 19 0 0 0 13 0 0 0 0 0 0 7 0
9 0 5 0 9 0 0 7 17 0 0 7 0 0 0 2 0 0 0 0 0 0 0 19 0 0 0 5 2 12 0 0 4 0 0 0 0 10 0 0 0 0 0 11 0 0 0 0 0 0
0 0 0 0 0 10 0 0 3 0 0 0 0 0 0 1 0 7 0 0 4 0 0 0 0 0 5 0 0 12 9 11 0 0 0 0 3 0 0 0 0 0 12 0 17 0 12 0 1 8
0 0 0 0 0 0 0 0 13 0 0 0 0 0 0 0 0 3 6 0 15 0 2 4 0 0 2 0 0 18 0 15 0 0 0 0 0 0 13 8 0 0 0 0 0 0 0 0 13 0
0 0 0 0 0 0 8 0 2 0 6 0 0 18 0 0 0 0 12 0 0 0 0 4 0 0 12 12 18 0 6 0 0 0 10 0 0 7 0 5 10 0 0 0 0 3 11 5 4 1
0 2 0 0 14 10 0 17 10 0 0 0 2 0 0 0 0 0 3 1 0 0 0 15 0 0 0 9 0 6 0 0 0 15 10 0 11 0 0 0 0 0 0 17 0 11 0 0 0 0
0 14 0 0 0 0 0 0 18 15 0 0 0 0 11 0 9 0 0 5 0 0 0 0 16 19 0 11 15 0 0 0 0 3 0 0 0 0 0 16 12 0 0 0 0 0 1 0 17 0
0 0 9 0 0 0 0 0 14 0 0 5 0 0 9 0 0 7 2 0 0 0 0 0 0 0 4 0 0 0 0 0 0 0 0 4 0 0 0 0 3 13 0 0 0 0 0 0 0 0
0 0 2 0 0 2 0 18 0 0 0 0 0 19 13 0 0 0 18 5 9 0 0 0 0 10 0 0 0 0 15 3 0 0 0 0 7 0 0 0 0 0 0 0 0 0 14 18 0 0
15 0 0 0 0 0 0 0 0 7 0 19 0 14 3 0 12 0 0 0 0 0 0 3 16 0 0 0 0 10 10 0 0 0 0 0 0 0 0 14 7 17 0 0 0 0 16 0 6 1
0 0 13 4 18 0 3 0 0 0 0 0 0 0 0 0 0 0 8 0 0 0 0 11 8 0 0 0 0 0 0 0 4 0 0 0 0 0 0 0 0 7 0 15 14 0 8 0 15 16
0 0 9 0 14 0 0 0 0 0 11 0 0 18 0 0 0 0 0 0 0 0 0 7 0 0 0 3 0 0 11 0 0 7 0 0 0 10 4 14 0 0 0 0 0 10 0 3 0 0
2 0 0 0 17 0 9 0 0 0 0 0 0 0 0 0 0 0 13 0 0 0 0 10 3 19 10 0 0 7 0 0 0 0 0 0 10 0 0 14 0 4 0 0 19 19 0 0 7 0
0 11 0 0 0 0 16 19 0 0 0 0 14 0 0 0 0 0 2 19 17 0 0 0 0 0 0 0 13 0 0 0 0 0 0 0 4 0 0 16 0 0 0 2 0 0 0 0 0 0
6 0 0 17 0 0 0 0 0 0 3 0 0 0 7 0 0 0 0 0 0 16 11 0 6 0 0 0 8 5 0 16 0 0 14 0 14 14 16 0 8 0 12 0 0 0 0 0 0 0
0 0 0 0 0 0 3 16 0 0 0 0 0 0 0 0 0 0 0 0 0 0 0 0 0 0 0 0 0 10 0 12 3 0 7 0 0 0 0 8 0 0 12 0 0 0 10 0 0 0
0 10 0 7 13 0 0 0 1 13 4 0 0 0 0 0 0 3 0 4 15 0 0 0 0 13 0 0 0 0 0 0 13 0 17 7 0 4 0 0 0 0 0 16 0 13 0 0 4 18
1 0 0 0 11 0 0 16 7 0 0 0 19 1 0 10 0 0 2 0 0 6 0 0 0 0 0 12 0 0 0 0 0 0 0 0 0 0 0 12 12 0 0 0 0 8 0 9 0 9
10 0 3 0 0 0 0 14 0 0 12 0 0 6 0 3 0 0 0 0 0 0 0 0 5 0 11 0 0 0 17 0 0 0 0 15 0 0 2 0 0 16 0 0 0 0 4 15 0 4
0 0 18 0 14 0 10 0 0 0 0 0 0 0 0 15 14 0 0 0 0 0 0 0 18 0 0 17 0 0 0 0 0 0 0 14 0 19 0 0 0 0 0 0 0 0 11 12 0 0
0 11 0 0 1 0 0 14 5 12 0 0 0 0 0 0 16 0 0 0 0 6 0 0 0 0 0 0 0 3 11 0 0 0 0 0 10 19 0 0 0 13 8 0 0 0 14 18 19 0
0 0 0 0 0 0 0 0 7 0 0 8 0 0 3 12 0 16 1 2 0 0 0 0 0 0 0 12 0 11 0 1 0 14 16 8 0 0 0 0 10 0 0 4 11 14 0 0 0 3
0 0 0 0 0 0 5 0 0 1 0 0 7 3 0 0 0 0 0 0 0 15 0 0 0 0 0 0 0 5 0 0 0 18 0 0 3 0 0 0 0 0 9 15 12 18 0 0 0 0
0 0 0 0 0 8 19 0 0 0 0 0 0 13 3 0 0 0 6 0 11 0 19 0 0 7 0 1 13 4 0 17 0 0 6 15 0 7 0 0 0 4 0 0 0 19 0 0 0 3
0 0 0 10 0 0 0 0 2 0 0 19 0 0 9 0 0 0 0 14 0 0 3 0 0 0 0 8 0 1 0 0 0 0 1 16 0 0 0 0 0 18 9 4 0 0 3 0 3 0
