100
50
0 18 6 2 15 3 17 3 14 2 15 14 15 11 9 12 13 19 8 14 17 17 7 3 16 7 7 3 5 1 10 3 14 13 1 3 12 3 13 10 3 9 13 8 9 4 16 3 2 12
18 0 8 3 4 10 13 1 15 14 8 14 8 16 16 4 5 9 0 6 1 18 14 12 6 18 8 3 11 2 2 5 13 17 10 6 12 5 10 14 10 13 12 7 13 4 12 1 1 18
6 8 0 4 15 6 9 16 3 6 18 19 9 17 12 12 0 5 9 17 9 19 0 17 2 0 8 5 6 0 19 2 9 17 7 4 12 19 18 10 17 1 3 4 9 18 8 10 12 6
2 3 4 0 11 18 0 3 18 9 15 0 16 14 12 2 12 15 10 4 9 8 15 11 15 18 0 12 2 18 1 5 4 11 8 7 11 2 19 12 5 8 0 12 7 17 10 6 7 1
15 4 15 11 0 13 5 14 9 14 15 17 6 19 12 6 9 3 6 12 6 3 12 5 16 18 11 2 0 12 18 8 15 6 13 5 4 18 13 1 3 16 11 19 15 17 11 19 1 16
3 10 6 18 13 0 19 17 12 0 9 16 4 6 6 11 19 2 13 13 8 0 3 18 11 4 14 16 18 7 0 0 18 14 17 17 15 15 0 13 12 16 6 2 5 16 10 14 14 19
17 13 9 0 5 19 0 17 6 9 6 19 7 14 3 11 8 19 8 17 11 14 10 17 15 1 14 14 6 16 6 14 0 8 14 15 11 2 3 4 14 6 8 17 12 5 10 14 7 13
3 1 16 3 14 17 17 0 5 7 5 17 15 4 7 13 6 13 3 16 17 6 2 12 15 2 19 18 1 11 12 14 11 16 17 10 14 12 13 13 4 16 0 5 19 6 19 8 5 15
14 15 3 18 9 12 6 5 0 9 6 14 0 5 0 8 12 10 12 14 7 5 9 9 15 16 6 19 4 3 4 0 15 12 14 3 16 4 12 16 16 11 16 10 12 4 0 19 11 17
2 14 6 9 14 0 9 7 9 0 4 15 2 0 7 17 1 13 8 17 1 19 4 10 6 7 16 19 0 2 11 19 0 15 18 9 16 18 3 16 17 14 11 19 16 11 13 14 14 1
15 8 18 15 15 9 6 5 6 4 0 0 15 7 15 13 4 12 5 17 14 14 3 5 3 16 14 18 12 2 15 11 2 10 0 9 9 7 4 12 17 16 3 10 16 7 4 4 18 8
14 14 19 0 17 16 19 17 14 15 0 0 17 5 14 12 12 4 11 6 18 7 13 10 7 14 14 11 3 15 3 7 10 5 15 19 2 3 10 7 5 7 14 11 1 16 6 15 8 5
15 8 9 16 6 4 7 15 0 2 15 17 0 18 7 16 13 11 11 3 11 19 1 6 11 4 15 4 2 11 4 9 16 1 4 0 6 2 19 2 12 1 16 17 7 9 7 5 6 15
11 16 17 14 19 6 14 4 5 0 7 5 18 0 10 9 10 11 17 19 16 17 7 6 13 18 9 8 12 5 5 9 17 19 16 1 13 2 16 19 14 2 18 11 2 14 19 18 4 15
9 16 12 12 12 6 3 7 0 7 15 14 7 10 0 9 14 16 7 16 0 10 18 8 19 7 6 10 9 11 18 10 1 11 19 16 3 14 17 2 17 7 16 14 11 3 4 7 0 2
12 4 12 2 6 11 11 13 8 17 13 12 16 9 9 0 10 7 10 1 7 17 2 4 8 4 4 13 13 0 7 10 5 3 19 8 14 11 0 14 6 0 9 15 10 10 11 15 19 10
13 5 0 12 9 19 8 6 12 1 4 12 13 10 14 10 0 16 6 1 10 6 11 16 15 7 13 4 17 8 12 4 2 17 16 6 8 7 0 12 10 11 4 4 3 15 3 18 4 10
19 9 5 15 3 2 19 13 10 13 12 4 11 11 16 7 16 0 1 15 16 15 16 1 1 14 18 14 12 3 14 12 1 19 13 13 14 10 7 13 3 17 5 5 12 19 18 4 0 8
8 0 9 10 6 13 8 3 12 8 5 11 11 17 7 10 6 1 0 7 9 1 3 9 11 8 0 2 16 12 16 14 5 15 15 5 10 12 7 11 14 9 7 12 9 6 4 18 12 5
14 6 17 4 12 13 17 16 14 17 17 6 3 19 16 1 1 15 7 0 3 10 5 19 13 14 5 11 16 7 2 6 11 19 6 0 13 16 9 16 17 18 17 6 1 14 2 3 7 6
17 1 9 9 6 8 11 17 7 1 14 18 11 16 0 7 10 16 9 3 0 18 13 13 9 11 7 11 10 19 15 2 6 19 3 5 9 8 0 11 16 12 13 16 9 11 11 4 12 19
17 18 19 8 3 0 14 6 5 19 14 7 19 17 10 17 6 15 1 10 18 0 5 2 3 6 0 7 6 17 3 2 2 11 18 16 0 12 8 1 3 17 1 10 2 15 4 0 0 14
7 14 0 15 12 3 10 2 9 4 3 13 1 7 18 2 11 16 3 5 13 5 0 8 17 9 11 19 17 11 9 15 11 0 12 4 10 2 8 6 7 14 14 11 6 19 19 16 19 17
3 12 17 11 5 18 17 12 9 10 5 10 6 6 8 4 16 1 9 19 13 2 8 0 17 17 2 12 5 12 5 1 17 5 5 4 1 8 15 5 3 10 5 10 14 14 12 17 17 5
16 6 2 15 16 11 15 15 15 6 3 7 11 13 19 8 15 1 11 13 9 3 17 17 0 16 2 4 19 19 13 1 18 8 10 19 6 17 5 17 2 16 10 16 14 9 11 15 17 14
7 18 0 18 18 4 1 2 16 7 16 14 4 18 7 4 7 14 8 14 11 6 9 17 16 0 19 18 15 7 6 19 7 3 11 8 3 3 15 0 8 1 18 8 5 12 5 10 11 1
7 8 8 0 11 14 14 19 6 16 14 14 15 9 6 4 13 18 0 5 7 0 11 2 2 19 0 17 2 16 3 0 17 7 11 3 7 6 11 6 1 18 1 8 2 3 4 10 7 2
3 3 5 12 2 16 14 18 19 19 18 11 4 8 10 13 4 14 2 11 11 7 19 12 4 18 17 0 17 16 13 16 0 13 0 3 12 19 17 3 0 17 13 4 3 7 5 5 3 10
5 11 6 2 0 18 6 1 4 0 12 3 2 12 9 13 17 12 16 16 10 6 17 5 19 15 2 17 0 1 3 6 6 11 16 3 10 12 4 11 7 1 0 17 19 19 2 7 15 0
1 2 0 18 12 7 16 11 3 2 2 15 11 5 11 0 8 3 12 7 19 17 11 12 19 7 16 16 1 0 6 13 19 1 7 19 2 13 10 6 13 12 10 15 17 16 19 19 10 3
10 2 19 1 18 0 6 12 4 11 15 3 4 5 18 7 12 14 16 2 15 3 9 5 13 6 3 13 3 6 0 19 0 7 9 2 2 13 2 15 15 17 3 16 1 14 3 4 6 19
3 5 2 5 8 0 14 14 0 19 11 7 9 9 10 10 4 12 14 6 2 2 15 1 1 19 0 16 6 13 19 0 17 5 0 11 6 5 10 8 9 15 3 19 16 4 17 9 18 7
14 13 9 4 15 18 0 11 15 0 2 10 16 17 1 5 2 1 5 11 6 2 11 17 18 7 17 0 6 19 0 17 0 19 0 10 13 16 9 7 17 19 5 6 3 10 13 8 1 18
13 17 17 11 6 14 8 16 12 15 10 5 1 19 11 3 17 19 15 19 19 11 0 5 8 3 7 13 11 1 7 5 19 0 15 3 7 0 3 3 17 2 10 14 6 14 13 17 9 14
1 10 7 8 13 17 14 17 14 18 0 15 4 16 19 19 16 13 15 6 3 18 12 5 10 11 11 0 16 7 9 0 0 15 0 4 3 17 2 8 7 14 8 3 16 7 12 15 8 0
3 6 4 7 5 17 15 10 3 9 9 19 0 1 16 8 6 13 5 0 5 16 4 4 19 8 3 3 3 19 2 11 10 3 4 0 9 9 17 17 3 15 4 4 4 0 2 2 0 3
12 12 12 11 4 15 11 14 16 16 9 2 6 13 3 14 8 14 10 13 9 0 10 1 6 3 7 12 10 2 2 6 13 7 3 9 0 15 19 2 1 8 17 12 16 6 16 19 17 17
3 5 19 2 18 15 2 12 4 18 7 3 2 2 14 11 7 10 12 16 8 12 2 8 17 3 6 19 12 13 13 5 16 0 17 9 15 0 4 0 0 2 6 6 7 16 5 18 19 19
13 10 18 19 13 0 3 13 12 3 4 10 19 16 17 0 0 7 7 9 0 8 8 15 5 15 11 17 4 10 2 10 9 3 2 17 19 4 0 2 11 13 19 3 7 0 2 1 6 14
10 14 10 12 1 13 4 13 16 16 12 7 2 19 2 14 12 13 11 16 11 1 6 5 17 0 6 3 11 6 15 8 7 3 8 17 2 0 2 0 12 14 1 19 13 14 19 13 17 7
3 10 17 5 3 12 14 4 16 17 17 5 12 14 17 6 10 3 14 17 16 3 7 3 2 8 1 0 7 13 15 9 17 17 7 3 1 0 11 12 0 19 1 19 6 1 9 18 6 18
9 13 1 8 16 16 6 16 11 14 16 7 1 2 7 0 11 17 9 18 12 17 14 10 16 1 18 17 1 12 17 15 19 2 14 15 8 2 13 14 19 0 0 8 5 18 17 4 2 11
13 12 3 0 11 6 8 0 16 11 3 14 16 18 16 9 4 5 7 17 13 1 14 5 10 18 1 13 0 10 3 3 5 10 8 4 17 6 19 1 1 0 0 8 16 6 19 19 10 6
8 7 4 12 19 2 17 5 10 19 10 11 17 11 14 15 4 5 12 6 16 10 11 10 16 8 8 4 17 15 16 19 6 14 3 4 12 6 3 19 19 8 8 0 15 1 16 0 12 14
9 13 9 7 15 5 12 19 12 16 16 1 7 2 11 10 3 12 9 1 9 2 6 14 14 5 2 3 19 17 1 16 3 6 16 4 16 7 7 13 6 5 16 15 0 3 13 9 0 10
4 4 18 17 17 16 5 6 4 11 7 16 9 14 3 10 15 19 6 14 11 15 19 14 9 12 3 7 19 16 14 4 10 14 7 0 6 16 0 14 1 18 6 1 3 0 15 2 7 5
16 12 8 10 11 10 10 19 0 13 4 6 7 19 4 11 3 18 4 2 11 4 19 12 11 5 4 5 2 19 3 17 13 13 12 2 16 5 2 19 9 17 19 16 13 15 0 3 7 15
3 1 10 6 19 14 14 8 19 14 4 15 5 18 7 15 18 4 18 3 4 0 16 17 15 10 10 5 7 19 4 9 8 17 15 2 19 18 1 13 18 4 19 0 9 2 3 0 15 11
2 1 12 7 1 14 7 5 11 14 18 8 6 4 0 19 4 0 12 7 12 0 19 17 17 11 7 3 15 10 6 18 1 9 8 0 17 19 6 17 6 2 10 12 0 7 7 15 0 14
12 18 6 1 16 19 13 15 17 1 8 5 15 15 2 10 10 8 5 6 19 14 17 5 14 1 2 10 0 3 19 7 18 14 0 3 17 19 14 7 18 11 6 14 10 5 15 11 14 0
