100
75
0 7 0 0 0 4 0 0 0 0 17 0 11 0 0 0 0 0 10 0 0 0 1 0 0 11 0 17 0 0 0 0 0 0 1 0 13 0 0 14 10 13 0 0 0 16 0 12 0 0 0 0 0 0 17 0 0 0 14 0 0 19 0 12 10 0 2 0 0 0 0 0 0 0 0
7 0 5 0 3 0 0 0 0 0 0 0 10 14 0 0 19 0 0 7 0 16 0 0 0 16 0 10 4 12 19 1 0 10 0 0 0 6 0 0 0 19 0 12 5 0 19 0 0 16 5 0 0 0 0 8 5 0 13 2 0 0 0 6 0 0 0 0 0 5 0 0 4 0 0
0 5 0 1 0 0 0 0 9 7 0 0 0 0 0 0 0 0 11 0 5 0 0 0 0 0 0 9 0 0 0 0 0 13 19 0 0 7 0 0 0 2 0 0 8 0 0 0 0 14 0 0 0 0 0 0 0 0 0 0 0 17 0 0 12 0 0 17 0 0 0 0 1 0 10
0 0 1 0 7 5 0 7 0 0 0 0 0 0 0 0 0 15 0 0 0 0 4 13 0 0 2 0 0 11 12 0 0 9 0 0 0 0 17 0 0 0 17 0 9 0 0 0 0 0 14 0 0 0 5 2 0 0 0 0 0 0 11 0 0 17 0 0 0 11 0 0 0 14 19
0 3 0 7 0 0 0 0 0 0 0 0 17 0 0 0 0 2 0 0 0 0 0 11 0 17 0 0 0 0 0 13 0 0 0 0 0 0 0 0 0 0 0 7 0 0 11 19 0 0 0 0 7 0 0 0 0 0 0 0 18 0 0 0 0 17 1 0 0 0 0 6 10 0 7
4 0 0 5 0 0 15 13 0 18 0 0 0 15 0 9 0 0 0 0 0 0 0 15 0 0 0 5 11 0 15 0 0 9 0 0 0 0 0 0 3 0 0 0 0 0 8 0 0 12 0 0 0 14 0 0 0 0 3 0 0 3 18 0 11 0 0 0 0 2 10 13 0 0 17
0 0 0 0 0 15 0 0 0 0 0 11 0 0 0 14 0 0 7 5 0 0 0 0 0 0 5 0 0 0 9 0 0 0 0 0 0 16 0 0 0 0 0 0 15 5 0 0 0 11 0 0 0 2 0 0 3 0 0 0 0 0 0 1 10 0 0 0 11 0 4 0 0 10 0
0 0 0 7 0 13 0 0 0 0 0 0 0 0 16 0 11 13 0 13 0 15 0 0 0 0 11 0 0 10 0 0 1 0 0 19 0 0 0 3 0 13 17 0 8 0 0 0 0 0 3 0 0 0 1 0 0 19 17 18 0 0 0 0 9 0 2 0 0 0 0 0 0 0 0
0 0 9 0 0 0 0 0 0 0 10 0 0 0 16 4 0 0 0 0 0 0 0 0 0 0 0 0 0 0 10 0 12 0 0 0 0 14 0 18 0 0 10 0 16 0 0 0 0 15 0 0 18 8 0 0 0 0 0 12 0 0 0 0 0 4 14 0 0 0 0 14 0 19 0
0 0 7 0 0 18 0 0 0 0 0 0 0 0 0 0 0 0 0 0 0 0 19 0 16 10 0 0 0 0 0 0 0 14 4 4 0 0 13 0 0 0 0 0 1 19 0 19 0 0 0 0 0 0 0 0 0 0 0 0 0 0 0 0 0 15 0 16 2 9 0 0 0 14 0
17 0 0 0 0 0 0 0 10 0 0 0 0 18 0 0 0 0 0 0 0 0 0 0 5 0 0 0 3 0 0 0 0 0 0 0 0 18 19 13 0 0 10 0 0 4 12 0 0 8 0 0 0 0 0 0 0 5 7 0 0 2 0 0 0 0 0 1 0 0 0 2 1 0 11
0 0 0 0 0 0 11 0 0 0 0 0 0 7 0 0 0 0 10 4 14 6 18 0 5 8 0 0 14 0 0 1 0 0 0 0 15 0 0 0 12 0 0 12 0 0 0 0 0 0 5 0 5 19 0 5 0 0 0 0 6 0 0 0 11 0 0 0 8 19 0 0 5 0 5
11 10 0 0 17 0 0 0 0 0 0 0 0 0 8 0 0 0 0 0 0 0 0 19 0 0 9 0 0 0 0 0 5 0 0 3 0 0 0 10 0 0 10 0 0 0 0 0 0 0 0 0 0 0 0 19 0 0 0 0 0 0 0 3 0 0 19 0 0 0 0 11 0 7 4
0 14 0 0 0 15 0 0 0 0 18 7 0 0 0 9 0 0 0 0 0 0 0 0 7 12 10 0 0 0 0 0 18 0 0 1 0 0 0 0 6 0 0 16 6 0 0 0 0 0 18 0 0 0 0 3 16 0 0 5 0 0 7 12 0 2 3 0 0 0 0 11 0 0 7
0 0 0 0 0 0 0 16 16 0 0 0 8 0 0 0 3 15 12 0 0 0 0 3 0 0 0 0 0 0 0 17 0 0 0 12 9 7 8 0 0 7 0 0 0 0 0 2 0 0 19 0 0 0 18 4 19 0 0 1 0 0 0 0 0 13 0 0 9 14 0 10 18 0 0
0 0 0 0 0 9 14 0 4 0 0 0 0 9 0 0 0 0 0 0 15 0 11 0 6 0 14 0 0 0 0 0 0 0 0 0 0 0 0 4 13 0 0 0 0 0 0 4 0 0 4 0 0 0 0 10 0 0 0 0 0 0 0 0 0 0 17 15 0 0 0 0 18 0 6
0 19 0 0 0 0 0 11 0 0 0 0 0 0 3 0 0 11 6 0 12 0 0 0 2 0 0 10 0 0 0 0 0 0 0 0 0 0 9 0 0 0 0 0 0 0 0 11 0 11 16 11 12 0 0 10 0 0 18 0 0 0 0 0 0 13 1 0 0 0 0 0 0 7 0
0 0 0 15 2 0 0 13 0 0 0 0 0 0 15 0 11 0 0 0 0 0 0 11 16 0 0 9 8 8 0 11 0 0 0 16 0 7 0 0 19 0 0 0 0 0 0 0 0 0 0 0 6 8 0 2 0 0 0 0 0 17 2 0 0 0 0 0 0 2 0 0 8 3 10
10 0 11 0 0 0 7 0 0 0 0 10 0 0 12 0 6 0 0 0 0 0 13 15 0 0 0 1 0 0 0 6 13 2 0 9 0 0 0 0 0 0 2 0 0 0 12 0 0 0 0 0 0 0 0 0 0 0 14 0 0 17 0 0 9 0 0 0 0 0 6 0 0 8 0
0 7 0 0 0 0 5 13 0 0 0 4 0 0 0 0 0 0 0 0 0 0 1 0 0 0 0 0 0 2 7 3 3 0 0 10 12 10 0 0 0 0 0 0 5 1 19 0 0 0 0 0 0 0 5 0 0 16 0 0 0 0 0 0 8 0 0 0 0 0 0 0 7 0 12
0 0 5 0 0 0 0 0 0 0 0 14 0 0 0 15 12 0 0 0 0 0 6 0 0 9 0 0 14 0 0 0 0 3 0 4 0 0 9 0 0 6 11 5 0 0 0 0 14 0 0 0 0 0 0 0 0 0 0 0 0 0 0 0 18 0 0 0 10 4 0 0 0 0 5
0 16 0 0 0 0 0 15 0 0 0 6 0 0 0 0 0 0 0 0 0 0 0 10 0 0 4 0 0 0 1 9 0 0 0 0 0 3 0 0 0 2 0 19 0 0 7 0 0 12 0 9 7 0 0 0 0 0 3 0 0 0 0 0 12 0 3 3 0 0 0 0 0 0 0
1 0 0 4 0 0 0 0 0 19 0 18 0 0 0 11 0 0 13 1 6 0 0 0 18 0 0 7 3 1 6 0 0 0 12 0 12 11 12 0 0 0 5 2 0 0 0 0 10 0 0 16 0 11 8 0 0 11 5 9 18 0 15 9 8 17 0 0 0 0 0 2 1 0 7
0 0 0 13 11 15 0 0 0 0 0 0 19 0 3 0 0 11 15 0 0 10 0 0 0 12 0 0 0 0 0 0 0 0 0 0 0 0 0 0 13 11 0 0 13 0 0 0 15 15 0 3 0 0 0 2 0 0 0 15 0 0 0 0 6 0 0 0 0 0 0 0 0 0 0
0 0 0 0 0 0 0 0 0 16 5 5 0 7 0 6 2 16 0 0 0 0 18 0 0 9 0 10 10 0 0 0 0 17 0 2 0 0 0 1 5 9 0 0 0 9 13 17 0 0 0 17 0 0 19 0 0 0 0 0 0 0 0 0 2 1 0 0 0 0 9 15 0 0 0
11 16 0 0 17 0 0 0 0 10 0 8 0 12 0 0 0 0 0 0 9 0 0 12 9 0 0 14 0 15 1 13 0 0 0 0 0 0 0 0 0 14 15 0 7 0 0 0 14 0 0 0 0 0 0 0 0 0 0 0 0 0 0 0 0 12 0 0 2 0 1 17 0 0 0
0 0 0 2 0 0 5 11 0 0 0 0 9 10 0 14 0 0 0 0 0 4 0 0 0 0 0 0 0 0 0 0 9 0 0 0 0 0 16 0 0 0 0 0 2 6 4 0 13 10 0 0 14 9 0 0 0 0 0 0 5 16 0 0 0 0 0 10 11 0 17 0 0 0 0
17 10 9 0 0 5 0 0 0 0 0 0 0 0 0 0 10 9 1 0 0 0 7 0 10 14 0 0 0 0 0 0 0 0 0 0 0 0 0 0 0 0 0 0 0 1 0 12 18 0 0 0 10 0 17 0 5 0 0 0 0 7 0 0 0 0 0 0 0 0 0 0 6 0 15
0 4 0 0 0 11 0 0 0 0 3 14 0 0 0 0 0 8 0 0 14 0 3 0 10 0 0 0 0 0 0 0 0 0 16 0 0 0 0 0 0 0 0 0 14 15 0 0 0 0 0 0 3 16 2 0 1 0 12 0 0 1 14 0 18 0 12 7 0 13 0 19 16 12 0
0 12 0 11 0 0 0 10 0 0 0 0 0 0 0 0 0 8 0 2 0 0 1 0 0 15 0 0 0 0 9 0 0 0 0 0 0 0 0 0 0 11 2 0 0 0 3 11 0 0 7 0 0 0 19 17 0 0 11 19 0 1 0 0 0 0 0 11 16 0 0 15 0 0 0
0 19 0 12 0 15 9 0 10 0 0 0 0 0 0 0 0 0 0 7 0 1 6 0 0 1 0 0 0 9 0 0 0 19 0 0 0 0 0 0 0 14 0 0 15 0 3 0 19 0 0 0 0 5 0 0 17 18 0 0 0 5 0 7 0 4 0 7 13 0 13 0 0 0 7
0 1 0 0 13 0 0 0 0 0 0 1 0 0 17 0 0 11 6 3 0 9 0 0 0 13 0 0 0 0 0 0 0 0 10 0 0 1 0 0 0 0 0 0 0 0 0 5 0 0 0 0 0 0 18 0 0 0 15 0 0 9 0 0 0 0 3 1 0 0 0 0 0 0 0
0 0 0 0 0 0 0 1 12 0 0 0 5 18 0 0 0 0 13 3 0 0 0 0 0 0 9 0 0 0 0 0 0 0 0 0 0 0 0 0 16 0 0 0 0 0 0 0 0 17 18 0 0 0 0 6 0 0 11 7 0 1 9 0 9 3 8 0 3 0 0 15 10 0 3
0 10 13 9 0 9 0 0 0 14 0 0 0 0 0 0 0 0 2 0 3 0 0 0 17 0 0 0 0 0 19 0 0 0 0 0 0 0 0 13 0 12 0 0 0 0 0 0 7 15 0 0 0 0 0 8 0 0 0 2 0 15 17 0 0 0 0 0 0 0 0 0 0 0 0
1 0 19 0 0 0 0 0 0 4 0 0 0 0 0 0 0 0 0 0 0 0 12 0 0 0 0 0 16 0 0 10 0 0 0 0 11 0 0 0 0 7 0 0 0 0 14 2 11 0 0 0 5 2 0 0 0 0 0 0 0 0 4 0 16 0 0 0 0 0 13 0 0 0 0
0 0 0 0 0 0 0 19 0 4 0 0 3 1 12 0 0 16 9 10 4 0 0 0 2 0 0 0 0 0 0 0 0 0 0 0 0 10 15 3 0 0 0 0 18 0 0 0 0 16 0 0 0 0 0 4 0 0 0 0 0 17 0 19 5 0 0 0 0 0 0 0 0 0 0
13 0 0 0 0 0 0 0 0 0 0 15 0 0 9 0 0 0 0 12 0 0 12 0 0 0 0 0 0 0 0 0 0 0 11 0 0 0 8 0 0 0 0 10 0 0 0 0 0 0 0 0 0 10 13 0 7 0 6 6 0 0 2 0 10 9 0 15 0 0 0 0 0 9 0
0 6 7 0 0 0 16 0 14 0 18 0 0 0 7 0 0 7 0 10 0 3 11 0 0 0 0 0 0 0 0 1 0 0 0 10 0 0 0 0 1 8 0 7 0 0 0 0 15 0 0 15 0 1 0 0 0 0 0 2 0 0 0 14 0 0 0 0 0 0 0 0 0 0 0
0 0 0 17 0 0 0 0 0 13 19 0 0 0 8 0 9 0 0 0 9 0 12 0 0 0 16 0 0 0 0 0 0 0 0 15 8 0 0 0 0 0 0 0 0 0 0 0 19 0 0 6 0 0 2 15 0 0 0 0 0 0 0 9 0 3 0 9 0 0 0 0 0 0 0
14 0 0 0 0 0 0 3 18 0 13 0 10 0 0 4 0 0 0 0 0 0 0 0 1 0 0 0 0 0 0 0 0 13 0 3 0 0 0 0 0 0 0 1 0 0 0 0 7 0 17 10 0 2 17 0 16 0 0 11 0 18 0 0 0 0 0 0 0 0 0 0 0 0 0
10 0 0 0 0 3 0 0 0 0 0 12 0 6 0 13 0 19 0 0 0 0 0 13 5 0 0 0 0 0 0 0 16 0 0 0 0 1 0 0 0 0 0 17 15 0 0 16 0 0 0 0 0 0 0 0 0 0 0 0 0 0 13 5 3 0 0 12 0 0 0 5 15 18 0
13 19 2 0 0 0 0 13 0 0 0 0 0 0 7 0 0 0 0 0 6 2 0 11 9 14 0 0 0 11 14 0 0 12 7 0 0 8 0 0 0 0 0 17 0 0 0 0 0 0 0 0 14 0 0 0 0 0 0 0 17 0 0 0 0 12 0 0 0 0 0 15 0 16 0
0 0 0 17 0 0 0 17 10 0 10 0 10 0 0 0 0 0 2 0 11 0 5 0 0 15 0 0 0 2 0 0 0 0 0 0 0 0 0 0 0 0 0 0 16 0 0 0 18 0 0 0 0 0 0 0 14 0 0 12 0 0 0 0 15 0 0 0 0 0 0 0 15 0 0
0 12 0 0 7 0 0 0 0 0 0 12 0 16 0 0 0 0 0 0 5 19 2 0 0 0 0 0 0 0 0 0 0 0 0 0 10 7 0 1 17 17 0 0 0 0 9 0 0 0 12 0 0 0 0 18 0 0 6 0 0 0 0 0 0 0 2 0 0 0 0 0 0 0 0
0 5 8 9 0 0 15 8 16 1 0 0 0 6 0 0 0 0 0 5 0 0 0 13 0 7 2 0 14 0 15 0 0 0 0 18 0 0 0 0 15 0 16 0 0 0 3 9 0 0 0 0 0 0 0 0 0 3 11 0 0 0 0 0 18 0 0 0 16 0 0 0 0 0 0
16 0 0 0 0 0 5 0 0 19 4 0 0 0 0 0 0 0 0 1 0 0 0 0 9 0 6 1 15 0 0 0 0 0 0 0 0 0 0 0 0 0 0 0 0 0 19 0 12 2 0 10 0 0 8 0 0 16 5 0 0 15 0 1 0 0 0 19 0 12 0 10 0 0 0
0 19 0 0 11 8 0 0 0 0 12 0 0 0 0 0 0 0 12 19 0 7 0 0 13 0 4 0 0 3 3 0 0 0 14 0 0 0 0 0 0 0 0 9 3 19 0 0 0 0 6 11 0 0 4 17 0 13 0 0 5 0 17 3 0 2 0 0 0 0 0 0 0 10 0
12 0 0 0 19 0 0 0 0 19 0 0 0 0 2 4 11 0 0 0 0 0 0 0 17 0 0 12 0 11 0 5 0 0 2 0 0 0 0 0 16 0 0 0 9 0 0 0 8 0 0 6 5 15 0 0 6 0 0 0 12 10 0 0 0 0 0 0 19 0 0 12 0 0 0
0 0 0 0 0 0 0 0 0 0 0 0 0 0 0 0 0 0 0 0 14 0 10 15 0 14 13 18 0 0 19 0 0 7 11 0 0 15 19 7 0 0 18 0 0 12 0 8 0 0 0 0 13 0 0 0 0 0 1 5 3 0 0 0 0 8 0 1 0 0 0 0 0 0 0
0 16 14 0 0 12 11 0 15 0 8 0 0 0 0 0 11 0 0 0 0 12 0 15 0 0 10 0 0 0 0 0 17 15 0 16 0 0 0 0 0 0 0 0 0 2 0 0 0 0 0 0 0 0 0 0 0 0 0 0 3 0 0 0 2 13 0 0 5 8 0 0 0 1 0
0 5 0 14 0 0 0 3 0 0 0 5 0 18 19 4 16 0 0 0 0 0 0 0 0 0 0 0 0 7 0 0 18 0 0 0 0 0 0 17 0 0 0 12 0 0 6 0 0 0 0 0 0 0 0 0 5 0 0 0 19 0 0 0 0 12 0 0 0 0 0 3 0 0 0
0 0 0 0 0 0 0 0 0 0 0 0 0 0 0 0 11 0 0 0 0 9 16 3 17 0 0 0 0 0 0 0 0 0 0 0 0 15 6 10 0 0 0 0 0 10 11 6 0 0 0 0 0 0 0 11 0 17 0 8 16 18 15 0 13 0 13 0 0 0 15 0 0 0 19
0 0 0 0 7 0 0 0 18 0 0 5 0 0 0 0 12 6 0 0 0 7 0 0 0 0 14 10 3 0 0 0 0 0 5 0 0 0 0 0 0 14 0 0 0 0 0 5 13 0 0 0 0 14 0 0 14 6 0 10 0 0 0 0 0 0 0 0 8 0 0 3 0 0 12
0 0 0 0 0 14 2 0 8 0 0 19 0 0 0 0 0 8 0 0 0 0 11 0 0 0 9 0 16 0 5 0 0 0 2 0 10 1 0 2 0 0 0 0 0 0 0 15 0 0 0 0 14 0 0 0 0 0 6 0 0 0 0 0 0 12 17 1 0 0 0 0 8 0 0
17 0 0 5 0 0 0 1 0 0 0 0 0 0 18 0 0 0 0 5 0 0 8 0 19 0 0 17 2 19 0 18 0 0 0 0 13 0 2 17 0 0 0 0 0 8 4 0 0 0 0 0 0 0 0 0 0 7 0 0 11 0 0 0 16 0 0 0 0 0 0 0 0 0 0
0 8 0 2 0 0 0 0 0 0 0 5 19 3 4 10 10 2 0 0 0 0 0 2 0 0 0 0 0 17 0 0 6 8 0 4 0 0 15 0 0 0 0 18 0 0 17 0 0 0 0 11 0 0 0 0 0 16 0 0 0 0 1 0 8 14 0 0 0 0 0 0 0 0 0
0 5 0 0 0 0 3 0 0 0 0 0 0 16 19 0 0 0 0 0 0 0 0 0 0 0 0 5 1 0 17 0 0 0 0 0 7 0 0 16 0 0 14 0 0 0 0 6 0 0 5 0 14 0 0 0 0 0 0 0 0 0 16 19 0 0 0 0 10 0 0 0 0 0 0
0 0 0 0 0 0 0 19 0 0 5 0 0 0 0 0 0 0 0 16 0 0 11 0 0 0 0 0 0 0 18 0 0 0 0 0 0 0 0 0 0 0 0 0 3 16 13 0 0 0 0 17 6 0 7 16 0 0 0 0 0 5 0 0 12 0 2 15 5 11 0 10 0 0 0
14 13 0 0 0 3 0 17 0 0 7 0 0 0 0 0 18 0 14 0 0 3 5 0 0 0 0 0 12 11 0 15 11 0 0 0 6 0 0 0 0 0 0 6 11 5 0 0 1 0 0 0 0 6 0 0 0 0 0 0 0 16 13 0 0 7 12 0 0 0 0 0 5 0 0
0 2 0 0 0 0 0 18 12 0 0 0 0 5 1 0 0 0 0 0 0 0 9 15 0 0 0 0 0 19 0 0 7 2 0 0 6 2 0 11 0 0 12 0 0 0 0 0 5 0 0 8 10 0 0 0 0 0 0 0 0 0 0 0 9 0 0 0 13 0 0 0 0 0 0
0 0 0 0 18 0 0 0 0 0 0 6 0 0 0 0 0 0 0 0 0 0 18 0 0 0 5 0 0 0 0 0 0 0 0 0 0 0 0 0 0 17 0 0 0 0 5 12 3 3 19 16 0 0 11 0 0 0 0 0 0 0 0 0 0 0 10 4 0 0 0 0 0 0 0
19 0 17 0 0 3 0 0 0 0 2 0 0 0 0 0 0 17 17 0 0 0 0 0 0 0 16 7 1 1 5 9 1 15 0 17 0 0 0 18 0 0 0 0 0 15 0 10 0 0 0 18 0 0 0 0 0 5 16 0 0 0 0 0 0 0 15 0 0 0 0 0 13 4 2
0 0 0 11 0 18 0 0 0 0 0 0 0 7 0 0 0 2 0 0 0 0 15 0 0 0 0 0 14 0 0 0 9 17 4 0 2 0 0 0 13 0 0 0 0 0 17 0 0 0 0 15 0 0 0 1 16 0 13 0 0 0 0 0 7 0 0 0 16 0 0 0 0 0 0
12 6 0 0 0 0 1 0 0 0 0 0 3 12 0 0 0 0 0 0 0 0 9 0 0 0 0 0 0 0 7 0 0 0 0 19 0 14 9 0 5 0 0 0 0 1 3 0 0 0 0 0 0 0 0 0 19 0 0 0 0 0 0 0 0 2 0 16 0 0 1 12 0 1 8
10 0 12 0 0 11 10 9 0 0 0 11 0 0 0 0 0 0 9 8 18 12 8 6 2 0 0 0 18 0 0 0 9 0 16 5 10 0 0 0 3 0 15 0 18 0 0 0 0 2 0 13 0 0 16 8 0 12 0 9 0 0 7 0 0 0 0 0 0 0 5 0 0 0 0
0 0 0 17 17 0 0 0 4 15 0 0 0 2 13 0 13 0 0 0 0 0 17 0 1 12 0 0 0 0 4 0 3 0 0 0 9 0 3 0 0 12 0 0 0 0 2 0 8 13 12 0 0 12 0 14 0 0 7 0 0 0 0 2 0 0 0 0 15 0 0 0 0 2 15
2 0 0 0 1 0 0 2 14 0 0 0 19 3 0 17 1 0 0 0 0 3 0 0 0 0 0 0 12 0 0 3 8 0 0 0 0 0 0 0 0 0 0 2 0 0 0 0 0 0 0 13 0 17 0 0 0 2 12 0 10 15 0 0 0 0 0 0 0 4 0 0 0 2 9
0 0 17 0 0 0 0 0 0 16 1 0 0 0 0 15 0 0 0 0 0 3 0 0 0 0 10 0 7 11 7 1 0 0 0 0 15 0 9 0 12 0 0 0 0 19 0 0 1 0 0 0 0 1 0 0 0 15 0 0 4 0 0 16 0 0 0 0 18 0 0 0 11 0 13
0 0 0 0 0 0 11 0 0 2 0 8 0 0 9 0 0 0 0 0 10 0 0 0 0 2 11 0 0 16 13 0 3 0 0 0 0 0 0 0 0 0 0 0 16 0 0 19 0 5 0 0 8 0 0 0 10 5 0 13 0 0 16 0 0 15 0 18 0 13 12 0 18 10 0
0 5 0 11 0 2 0 0 0 9 0 19 0 0 14 0 0 2 0 0 4 0 0 0 0 0 0 0 13 0 0 0 0 0 0 0 0 0 0 0 0 0 0 0 0 12 0 0 0 8 0 0 0 0 0 0 0 11 0 0 0 0 0 0 0 0 4 0 13 0 0 0 0 0 0
0 0 0 0 0 10 4 0 0 0 0 0 0 0 0 0 0 0 6 0 0 0 0 0 9 1 17 0 0 0 13 0 0 0 13 0 0 0 0 0 0 0 0 0 0 0 0 0 0 0 0 15 0 0 0 0 0 0 0 0 0 0 0 1 5 0 0 0 12 0 0 0 13 0 0
0 0 0 0 6 13 0 0 14 0 2 0 11 11 10 0 0 0 0 0 0 0 2 0 15 17 0 0 19 15 0 0 15 0 0 0 0 0 0 0 5 15 0 0 0 10 0 12 0 0 3 0 3 0 0 0 0 10 0 0 0 0 0 12 0 0 0 0 0 0 0 0 15 13 18
0 4 1 0 10 0 0 0 0 0 1 5 0 0 18 18 0 8 0 7 0 0 1 0 0 0 0 6 16 0 0 0 10 0 0 0 0 0 0 0 15 0 15 0 0 0 0 0 0 0 0 0 0 8 0 0 0 0 5 0 0 13 0 0 0 0 0 11 18 0 13 15 0 0 0
0 0 0 14 0 0 10 0 19 14 0 0 7 0 0 0 7 3 8 0 0 0 0 0 0 0 0 0 12 0 0 0 0 0 0 0 9 0 0 0 18 16 0 0 0 0 10 0 0 1 0 0 0 0 0 0 0 0 0 0 0 4 0 1 0 2 2 0 10 0 0 13 0 0 0
0 0 10 19 7 17 0 0 0 0 11 5 4 7 0 6 0 10 0 12 5 0 7 0 0 0 0 15 0 0 7 0 3 0 0 0 0 0 0 0 0 0 0 0 0 0 0 0 0 0 0 19 12 0 0 0 0 0 0 0 0 2 0 8 0 15 9 13 0 0 0 18 0 0 0
