50
50
0 0 0 0 0 0 0 0 0 19 0 0 0 0 16 17 11 5 6 0 0 0 0 11 16 0 0 0 14 15 0 19 0 0 0 0 1 0 0 0 0 0 11 0 0 16 0 0 14 0
0 0 0 9 0 0 0 0 13 0 0 0 2 0 13 1 0 0 0 0 0 0 0 11 10 0 2 0 10 0 0 3 0 0 10 19 0 12 5 0 14 2 9 0 0 0 0 0 0 2
0 0 0 5 0 0 0 0 0 0 15 0 18 0 0 0 0 0 0 0 17 0 5 0 0 0 0 0 0 0 0 19 8 0 18 0 0 0 0 8 0 2 0 16 13 13 0 16 0 4
0 9 5 0 15 0 0 5 12 0 7 0 0 0 0 0 0 16 0 0 0 6 0 0 0 18 9 0 0 0 0 5 0 0 0 0 5 0 0 14 0 0 0 2 0 0 14 4 0 0
0 0 0 15 0 0 0 16 9 3 15 0 0 0 0 0 0 0 17 0 0 15 0 0 16 0 0 0 16 0 8 0 0 0 0 0 0 0 3 9 0 0 0 0 0 0 0 0 0 0
0 0 0 0 0 0 4 0 0 0 1 0 0 0 0 9 19 18 0 0 0 0 0 0 0 0 0 0 3 7 0 3 0 9 0 0 0 0 0 0 0 8 0 0 0 1 0 0 0 8
0 0 0 0 0 4 0 6 0 0 0 8 0 0 0 0 0 0 13 0 0 0 0 0 0 0 6 14 0 0 0 3 0 0 0 0 0 14 14 0 0 0 0 0 0 0 0 0 0 0
0 0 0 5 16 0 6 0 0 2 16 15 16 0 1 0 0 0 0 14 0 0 0 2 15 0 3 11 0 0 15 0 0 2 2 12 0 17 0 0 0 0 0 0 0 0 0 0 5 7
0 13 0 12 9 0 0 0 0 19 0 1 6 0 0 0 10 12 0 0 0 0 0 0 0 14 5 0 0 4 0 0 11 11 0 0 0 1 0 12 0 0 16 0 0 18 0 0 0 0
19 0 0 0 3 0 0 2 19 0 0 0 0 0 0 0 0 5 0 0 0 0 12 0 0 0 0 5 0 0 0 11 9 0 0 0 5 17 0 0 0 0 0 0 11 0 0 0 0 1
0 0 15 7 15 1 0 16 0 0 0 0 0 19 7 17 0 0 0 5 0 0 0 0 0 0 7 0 0 0 0 0 18 7 0 0 13 0 0 13 0 0 19 12 0 0 0 0 0 0
0 0 0 0 0 0 8 15 1 0 0 0 0 16 0 0 0 0 13 15 0 9 17 0 0 0 0 0 0 12 0 14 0 8 0 0 8 0 0 0 0 0 0 0 0 0 5 0 0 12
0 2 18 0 0 0 0 16 6 0 0 0 0 14 0 0 0 0 4 0 0 0 0 0 5 7 0 0 0 0 0 0 0 0 0 15 19 9 13 0 0 4 0 0 0 0 0 0 14 0
0 0 0 0 0 0 0 0 0 0 19 16 14 0 15 0 5 0 0 0 0 0 0 11 0 8 0 0 16 6 0 8 5 0 0 0 0 12 10 11 0 0 16 0 0 3 5 0 0 0
16 13 0 0 0 0 0 1 0 0 7 0 0 15 0 0 0 19 0 18 0 0 0 0 19 0 0 7 0 10 0 18 0 0 0 18 0 0 0 0 0 1 0 18 0 0 6 5 6 0
17 1 0 0 0 9 0 0 0 0 17 0 0 0 0 0 0 0 0 0 13 0 0 0 15 0 17 0 0 0 1 0 2 0 0 0 17 0 0 17 1 0 5 4 0 0 0 0 0 2
11 0 0 0 0 19 0 0 10 0 0 0 0 5 0 0 0 0 0 0 6 0 12 17 0 0 0 0 9 6 0 0 0 0 0 17 0 0 13 6 0 7 0 16 0 0 19 10 18 0
5 0 0 16 0 18 0 0 12 5 0 0 0 0 19 0 0 0 0 0 0 0 0 0 0 2 0 0 0 0 2 4 0 0 0 15 8 0 17 0 0 14 0 2 0 0 19 0 0 0
6 0 0 0 17 0 13 0 0 0 0 13 4 0 0 0 0 0 0 11 0 0 1 0 0 0 0 0 0 0 0 0 18 0 0 0 0 0 14 0 0 0 0 0 0 0 19 1 0 0
0 0 0 0 0 0 0 14 0 0 5 15 0 0 18 0 0 0 11 0 0 1 9 0 0 8 0 0 0 0 19 0 0 0 0 0 0 0 10 0 0 11 0 18 0 0 0 0 0 0
0 0 17 0 0 0 0 0 0 0 0 0 0 0 0 13 6 0 0 0 0 4 0 0 0 12 17 7 0 0 0 1 12 12 0 0 14 0 0 0 6 0 13 14 0 0 19 0 13 4
0 0 0 6 15 0 0 0 0 0 0 9 0 0 0 0 0 0 0 1 4 0 0 0 0 13 5 4 0 11 0 0 0 0 0 19 0 0 0 0 0 0 0 0 0 0 0 0 16 0
0 0 5 0 0 0 0 0 0 12 0 17 0 0 0 0 12 0 1 9 0 0 0 3 3 0 0 0 0 0 4 0 0 0 0 0 0 0 5 19 0 0 13 0 7 0 5 0 0 17
11 11 0 0 0 0 0 2 0 0 0 0 0 11 0 0 17 0 0 0 0 0 3 0 0 0 0 0 0 0 0 0 0 0 0 0 0 12 0 4 8 8 0 0 0 0 0 19 0 19
16 10 0 0 16 0 0 15 0 0 0 0 5 0 19 15 0 0 0 0 0 0 3 0 0 0 14 0 0 0 15 0 0 4 0 5 16 0 0 0 14 0 18 2 19 0 0 0 0 0
0 0 0 18 0 0 0 0 14 0 0 0 7 8 0 0 0 2 0 8 12 13 0 0 0 0 7 0 0 0 0 0 2 0 0 0 0 11 0 0 0 15 0 3 7 4 0 1 16 0
0 2 0 9 0 0 6 3 5 0 7 0 0 0 0 17 0 0 0 0 17 5 0 0 14 7 0 0 1 0 0 0 0 0 0 0 0 0 0 0 0 7 0 0 0 19 0 0 0 0
0 0 0 0 0 0 14 11 0 5 0 0 0 0 7 0 0 0 0 0 7 4 0 0 0 0 0 0 0 0 0 0 0 0 1 5 0 0 0 0 0 3 0 0 0 0 0 0 0 0
14 10 0 0 16 3 0 0 0 0 0 0 0 16 0 0 9 0 0 0 0 0 0 0 0 0 1 0 0 0 0 0 1 0 0 0 8 6 8 0 0 0 9 0 13 0 10 0 0 4
15 0 0 0 0 7 0 0 4 0 0 12 0 6 10 0 6 0 0 0 0 11 0 0 0 0 0 0 0 0 0 0 0 0 10 0 0 10 0 0 0 18 0 0 0 2 0 0 0 0
0 0 0 0 8 0 0 15 0 0 0 0 0 0 0 1 0 2 0 19 0 0 4 0 15 0 0 0 0 0 0 0 0 0 18 0 0 0 0 0 0 0 0 6 17 0 0 0 19 0
19 3 19 5 0 3 3 0 0 11 0 14 0 8 18 0 0 4 0 0 1 0 0 0 0 0 0 0 0 0 0 0 7 0 0 0 0 10 0 19 0 0 0 0 6 0 0 0 0 16
0 0 8 0 0 0 0 0 11 9 18 0 0 5 0 2 0 0 18 0 12 0 0 0 0 2 0 0 1 0 0 7 0 11 0 11 0 0 0 0 0 0 0 0 0 0 12 0 0 6
0 0 0 0 0 9 0 2 11 0 7 8 0 0 0 0 0 0 0 0 12 0 0 0 4 0 0 0 0 0 0 0 11 0 8 0 18 6 0 0 0 0 12 18 13 0 9 14 0 11
0 10 18 0 0 0 0 2 0 0 0 0 0 0 0 0 0 0 0 0 0 0 0 0 0 0 0 1 0 10 18 0 0 8 0 0 0 0 0 0 0 0 1 5 0 0 0 0 0 0
0 19 0 0 0 0 0 12 0 0 0 0 15 0 18 0 17 15 0 0 0 19 0 0 5 0 0 5 0 0 0 0 11 0 0 0 0 0 5 0 6 0 0 17 0 0 10 0 1 0
1 0 0 5 0 0 0 0 0 5 13 8 19 0 0 17 0 8 0 0 14 0 0 0 16 0 0 0 8 0 0 0 0 18 0 0 0 16 9 0 0 17 0 0 0 0 0 0 0 0
0 12 0 0 0 0 14 17 1 17 0 0 9 12 0 0 0 0 0 0 0 0 0 12 0 11 0 0 6 10 0 10 0 6 0 0 16 0 0 0 0 0 6 0 0 0 0 0 0 0
0 5 0 0 3 0 14 0 0 0 0 0 13 10 0 0 13 17 14 10 0 0 5 0 0 0 0 0 8 0 0 0 0 0 0 5 9 0 0 0 4 1 0 0 0 0 12 0 5 0
0 0 8 14 9 0 0 0 12 0 13 0 0 11 0 17 6 0 0 0 0 0 19 4 0 0 0 0 0 0 0 19 0 0 0 0 0 0 0 0 0 0 0 0 0 11 14 0 0 0
0 14 0 0 0 0 0 0 0 0 0 0 0 0 0 1 0 0 0 0 6 0 0 8 14 0 0 0 0 0 0 0 0 0 0 6 0 0 4 0 0 0 0 0 0 18 0 0 17 0
0 2 2 0 0 8 0 0 0 0 0 0 4 0 1 0 7 14 0 11 0 0 0 8 0 15 7 3 0 18 0 0 0 0 0 0 17 0 1 0 0 0 0 0 0 0 0 0 0 0
11 9 0 0 0 0 0 0 16 0 19 0 0 16 0 5 0 0 0 0 13 0 13 0 18 0 0 0 9 0 0 0 0 12 1 0 0 6 0 0 0 0 0 15 0 0 0 0 0 4
0 0 16 2 0 0 0 0 0 0 12 0 0 0 18 4 16 2 0 18 14 0 0 0 2 3 0 0 0 0 6 0 0 18 5 17 0 0 0 0 0 0 15 0 0 2 0 0 0 9
0 0 13 0 0 0 0 0 0 11 0 0 0 0 0 0 0 0 0 0 0 0 7 0 19 7 0 0 13 0 17 6 0 13 0 0 0 0 0 0 0 0 0 0 0 0 0 0 0 0
16 0 13 0 0 1 0 0 18 0 0 0 0 3 0 0 0 0 0 0 0 0 0 0 0 4 19 0 0 2 0 0 0 0 0 0 0 0 0 11 18 0 0 2 0 0 0 11 0 0
0 0 0 14 0 0 0 0 0 0 0 5 0 5 6 0 19 19 19 0 19 0 5 0 0 0 0 0 10 0 0 0 12 9 0 10 0 0 12 14 0 0 0 0 0 0 0 0 0 0
0 0 16 4 0 0 0 0 0 0 0 0 0 0 5 0 10 0 1 0 0 0 0 19 0 1 0 0 0 0 0 0 0 14 0 0 0 0 0 0 0 0 0 0 0 11 0 0 0 0
14 0 0 0 0 0 0 5 0 0 0 0 14 0 6 0 18 0 0 0 13 16 0 0 0 16 0 0 0 0 19 0 0 0 0 1 0 0 5 0 17 0 0 0 0 0 0 0 0 0
0 2 4 0 0 8 0 7 0 1 0 12 0 0 0 2 0 0 0 0 4 0 17 19 0 0 0 0 4 0 0 16 6 11 0 0 0 0 0 0 0 0 4 9 0 0 0 0 0 0
