50
50
0 3 12 17 9 11 14 12 19 12 17 14 7 6 19 13 13 5 2 2 5 11 19 19 6 14 10 2 10 17 17 3 14 14 3 16 19 12 7 10 19 7 12 15 9 11 11 2 12 0
3 0 12 2 3 3 18 17 17 14 10 8 3 19 1 7 8 10 9 4 0 12 2 12 13 17 19 6 13 14 1 1 14 13 4 1 0 5 10 10 10 13 1 11 4 17 16 11 7 2
12 12 0 2 0 12 2 19 19 0 13 9 2 6 6 18 11 19 10 9 3 4 11 18 18 8 17 5 17 14 1 4 9 11 1 2 4 13 1 7 17 7 11 5 18 15 7 17 2 3
17 2 2 0 5 19 13 0 5 10 8 19 17 7 5 1 2 9 3 17 9 16 3 15 1 5 1 0 0 16 13 15 2 8 7 18 1 0 4 0 9 4 4 1 11 13 11 19 17 9
9 3 0 5 0 9 12 12 5 0 1 2 6 18 6 13 3 8 8 5 18 2 19 19 3 5 11 1 16 6 6 7 14 10 17 5 7 12 10 1 9 3 13 11 5 10 3 1 12 17
11 3 12 19 9 0 2 10 1 2 4 6 17 2 8 10 17 0 16 19 0 12 3 14 19 4 6 2 1 18 0 6 19 16 4 5 12 5 15 12 11 4 3 4 6 13 11 15 18 9
14 18 2 13 12 2 0 18 1 10 0 2 8 11 19 6 16 4 19 0 11 8 12 18 11 19 16 13 19 18 18 2 4 4 10 8 15 4 18 18 2 16 2 10 18 7 0 6 19 5
12 17 19 0 12 10 18 0 4 7 0 8 12 4 7 8 1 9 17 6 6 4 0 10 18 7 10 16 5 15 12 8 6 5 4 6 14 18 9 4 1 16 16 19 13 11 6 4 15 11
19 17 19 5 5 1 1 4 0 14 3 12 14 10 3 14 6 9 9 4 4 16 12 1 7 0 11 7 3 5 5 11 8 2 15 6 4 2 9 18 4 15 16 11 10 8 13 12 2 17
12 14 0 10 0 2 10 7 14 0 2 8 12 14 2 13 18 5 4 3 10 1 6 8 11 5 13 12 6 9 7 2 5 6 7 1 1 0 9 14 5 13 9 4 16 2 3 13 0 18
17 10 13 8 1 4 0 0 3 2 0 4 15 15 13 3 4 6 17 3 11 10 14 14 16 4 18 19 1 18 8 8 1 12 0 9 15 14 12 16 11 4 0 15 15 5 19 12 10 19
14 8 9 19 2 6 2 8 12 8 4 0 6 2 3 13 8 6 11 12 15 7 1 12 13 6 17 2 18 5 0 19 5 10 13 11 8 14 19 7 14 17 3 8 2 4 17 16 0 4
7 3 2 17 6 17 8 12 14 12 15 6 0 16 1 0 9 15 17 13 16 11 7 3 8 18 16 9 7 0 14 15 1 18 6 17 7 19 3 14 6 16 14 0 17 15 9 15 17 7
6 19 6 7 18 2 11 4 10 14 15 2 16 0 17 18 14 6 2 17 1 8 12 1 2 7 17 11 11 12 5 3 3 3 5 8 10 5 12 5 6 19 8 13 6 18 3 3 11 7
19 1 6 5 6 8 19 7 3 2 13 3 1 17 0 19 18 6 4 4 14 17 13 2 0 1 12 9 4 12 9 3 2 14 2 14 3 3 12 16 14 13 3 5 2 0 5 9 10 1
13 7 18 1 13 10 6 8 14 13 3 13 0 18 19 0 0 18 3 4 10 12 8 11 8 5 14 12 13 1 8 16 3 16 15 14 2 4 2 17 0 17 5 0 17 10 3 4 16 4
13 8 11 2 3 17 16 1 6 18 4 8 9 14 18 0 0 19 3 11 9 4 12 9 5 19 2 3 17 15 10 19 11 1 9 10 6 16 3 14 0 10 7 16 1 16 1 19 16 13
5 10 19 9 8 0 4 9 9 5 6 6 15 6 6 18 19 0 18 6 15 3 4 1 11 13 2 1 4 9 19 8 9 3 9 13 12 0 3 16 17 10 14 16 10 15 15 6 8 3
2 9 10 3 8 16 19 17 9 4 17 11 17 2 4 3 3 18 0 16 10 5 19 12 17 5 12 4 4 4 13 15 19 10 5 4 2 17 10 12 0 12 9 7 11 4 11 9 8 4
2 4 9 17 5 19 0 6 4 3 3 12 13 17 4 4 11 6 16 0 13 16 0 17 0 18 10 3 18 13 13 8 12 8 3 10 8 4 12 7 6 13 2 16 11 16 13 12 12 4
5 0 3 9 18 0 11 6 4 10 11 15 16 1 14 10 9 15 10 13 0 18 5 18 12 18 18 6 6 12 10 0 15 6 6 0 4 8 18 15 18 11 0 19 3 9 4 18 19 3
11 12 4 16 2 12 8 4 16 1 10 7 11 8 17 12 4 3 5 16 18 0 16 17 14 0 0 6 13 15 16 7 9 5 10 0 12 12 11 19 17 4 17 3 3 7 0 11 3 0
19 2 11 3 19 3 12 0 12 6 14 1 7 12 13 8 12 4 19 0 5 16 0 7 7 10 0 17 5 14 10 3 10 9 14 4 13 19 19 13 2 13 9 6 8 7 18 10 18 17
19 12 18 15 19 14 18 10 1 8 14 12 3 1 2 11 9 1 12 17 18 17 7 0 13 3 18 14 4 4 9 17 19 5 15 0 5 1 18 18 9 1 5 18 12 1 10 16 2 7
6 13 18 1 3 19 11 18 7 11 16 13 8 2 0 8 5 11 17 0 12 14 7 13 0 0 18 10 14 6 8 19 14 17 0 16 7 16 15 8 12 3 6 6 0 5 12 3 15 12
14 17 8 5 5 4 19 7 0 5 4 6 18 7 1 5 19 13 5 18 18 0 10 3 0 0 15 15 4 12 15 8 1 12 6 7 16 7 4 8 15 18 5 19 8 2 10 0 0 7
10 19 17 1 11 6 16 10 11 13 18 17 16 17 12 14 2 2 12 10 18 0 0 18 18 15 0 4 6 0 2 12 1 9 0 14 9 0 10 17 1 17 11 5 14 4 6 6 19 17
2 6 5 0 1 2 13 16 7 12 19 2 9 11 9 12 3 1 4 3 6 6 17 14 10 15 4 0 16 13 5 6 8 9 5 6 5 7 1 9 9 1 8 19 4 5 3 5 14 12
10 13 17 0 16 1 19 5 3 6 1 18 7 11 4 13 17 4 4 18 6 13 5 4 14 4 6 16 0 18 5 8 18 19 11 10 16 15 1 17 8 11 16 9 18 7 11 16 2 4
17 14 14 16 6 18 18 15 5 9 18 5 0 12 12 1 15 9 4 13 12 15 14 4 6 12 0 13 18 0 15 12 6 16 1 11 6 18 7 15 11 2 6 17 0 1 0 4 12 11
17 1 1 13 6 0 18 12 5 7 8 0 14 5 9 8 10 19 13 13 10 16 10 9 8 15 2 5 5 15 0 7 2 7 17 15 14 13 9 2 8 19 15 1 14 4 14 3 19 12
3 1 4 15 7 6 2 8 11 2 8 19 15 3 3 16 19 8 15 8 0 7 3 17 19 8 12 6 8 12 7 0 17 16 13 0 10 16 7 19 5 17 10 10 8 5 10 12 10 1
14 14 9 2 14 19 4 6 8 5 1 5 1 3 2 3 11 9 19 12 15 9 10 19 14 1 1 8 18 6 2 17 0 1 5 8 8 11 8 11 3 11 1 19 11 6 17 3 13 3
14 13 11 8 10 16 4 5 2 6 12 10 18 3 14 16 1 3 10 8 6 5 9 5 17 12 9 9 19 16 7 16 1 0 10 11 12 18 18 14 17 15 14 14 14 14 16 9 14 9
3 4 1 7 17 4 10 4 15 7 0 13 6 5 2 15 9 9 5 3 6 10 14 15 0 6 0 5 11 1 17 13 5 10 0 14 12 12 12 12 0 3 10 10 8 9 12 8 2 8
16 1 2 18 5 5 8 6 6 1 9 11 17 8 14 14 10 13 4 10 0 0 4 0 16 7 14 6 10 11 15 0 8 11 14 0 2 2 5 11 8 13 12 10 16 10 7 3 1 11
19 0 4 1 7 12 15 14 4 1 15 8 7 10 3 2 6 12 2 8 4 12 13 5 7 16 9 5 16 6 14 10 8 12 12 2 0 2 9 2 9 11 1 18 12 16 2 1 10 2
12 5 13 0 12 5 4 18 2 0 14 14 19 5 3 4 16 0 17 4 8 12 19 1 16 7 0 7 15 18 13 16 11 18 12 2 2 0 13 3 13 1 7 17 12 4 11 12 9 9
7 10 1 4 10 15 18 9 9 9 12 19 3 12 12 2 3 3 10 12 18 11 19 18 15 4 10 1 1 7 9 7 8 18 12 5 9 13 0 1 1 19 15 11 11 17 13 15 3 3
10 10 7 0 1 12 18 4 18 14 16 7 14 5 16 17 14 16 12 7 15 19 13 18 8 8 17 9 17 15 2 19 11 14 12 11 2 3 1 0 2 9 0 19 7 2 4 11 16 7
19 10 17 9 9 11 2 1 4 5 11 14 6 6 14 0 0 17 0 6 18 17 2 9 12 15 1 9 8 11 8 5 3 17 0 8 9 13 1 2 0 12 14 2 15 18 18 4 2 15
7 13 7 4 3 4 16 16 15 13 4 17 16 19 13 17 10 10 12 13 11 4 13 1 3 18 17 1 11 2 19 17 11 15 3 13 11 1 19 9 12 0 17 13 5 5 17 17 5 16
12 1 11 4 13 3 2 16 16 9 0 3 14 8 3 5 7 14 9 2 0 17 9 5 6 5 11 8 16 6 15 10 1 14 10 12 1 7 15 0 14 17 0 10 8 7 1 2 2 13
15 11 5 1 11 4 10 19 11 4 15 8 0 13 5 0 16 16 7 16 19 3 6 18 6 19 5 19 9 17 1 10 19 14 10 10 18 17 11 19 2 13 10 0 14 14 18 5 10 5
9 4 18 11 5 6 18 13 10 16 15 2 17 6 2 17 1 10 11 11 3 3 8 12 0 8 14 4 18 0 14 8 11 14 8 16 12 12 11 7 15 5 8 14 0 16 16 12 2 5
11 17 15 13 10 13 7 11 8 2 5 4 15 18 0 10 16 15 4 16 9 7 7 1 5 2 4 5 7 1 4 5 6 14 9 10 16 4 17 2 18 5 7 14 16 0 2 3 6 19
11 16 7 11 3 11 0 6 13 3 19 17 9 3 5 3 1 15 11 13 4 0 18 10 12 10 6 3 11 0 14 10 17 16 12 7 2 11 13 4 18 17 1 18 16 2 0 3 5 15
2 11 17 19 1 15 6 4 12 13 12 16 15 3 9 4 19 6 9 12 18 11 10 16 3 0 6 5 16 4 3 12 3 9 8 3 1 12 15 11 4 17 2 5 12 3 3 0 16 16
12 7 2 17 12 18 19 15 2 0 10 0 17 11 10 16 16 8 8 12 19 3 18 2 15 0 19 14 2 12 19 10 13 14 2 1 10 9 3 16 2 5 2 10 2 6 5 16 0 2
0 2 3 9 17 9 5 11 17 18 19 4 7 7 1 4 13 3 4 4 3 0 17 7 12 7 17 12 4 11 12 1 3 9 8 11 2 9 3 7 15 16 13 5 5 19 15 16 2 0
