75
50
0 0 0 3 0 8 6 14 0 15 0 0 0 18 3 0 15 0 0 0 0 0 0 0 0 0 18 0 0 0 0 0 0 16 0 0 0 10 0 5 0 0 0 0 10 0 0 0 0 0
0 0 0 4 0 0 0 0 0 0 0 0 0 0 17 4 0 18 17 0 0 16 19 0 4 0 0 0 19 5 0 0 11 12 0 18 0 0 0 0 0 0 11 0 0 0 18 8 0 11
0 0 0 0 0 0 0 15 0 1 0 0 0 0 3 9 0 19 0 0 0 0 13 0 0 0 0 0 3 0 4 8 0 5 0 0 0 0 0 0 0 0 0 0 0 0 0 0 0 16
3 4 0 0 15 0 0 0 0 0 0 0 0 0 4 18 10 14 0 0 0 0 0 0 13 9 0 0 1 0 16 0 0 0 12 0 0 0 0 0 0 0 17 0 0 0 0 0 0 0
0 0 0 15 0 0 0 0 0 0 0 0 11 0 0 9 5 0 0 0 0 0 0 0 0 0 0 0 0 16 0 0 0 2 0 0 3 19 0 0 0 0 0 0 16 0 0 0 0 0
8 0 0 0 0 0 0 0 0 10 0 0 0 0 0 0 11 3 0 0 19 16 0 0 16 0 15 0 0 0 13 0 0 0 0 0 0 0 18 0 0 0 9 3 0 0 0 0 16 9
6 0 0 0 0 0 0 0 0 11 8 5 18 0 16 0 0 5 0 0 2 0 0 17 0 0 0 10 0 0 12 0 7 3 0 0 8 0 0 0 2 0 0 0 12 0 0 17 0 5
14 0 15 0 0 0 0 0 1 0 0 0 0 19 0 17 13 16 14 0 0 0 0 19 6 0 0 0 0 3 0 0 16 0 8 0 10 0 0 0 10 0 0 0 0 0 0 0 0 1
0 0 0 0 0 0 0 1 0 0 0 0 0 0 9 0 0 0 0 10 0 0 0 18 0 0 0 0 11 0 0 0 0 0 0 0 0 6 0 0 14 15 0 0 0 3 11 0 0 0
15 0 1 0 0 10 11 0 0 0 0 0 16 18 0 1 6 0 0 0 0 3 0 6 0 0 0 15 0 2 0 12 0 15 0 0 0 0 0 0 0 0 0 0 3 0 0 0 16 0
0 0 0 0 0 0 8 0 0 0 0 0 0 15 0 13 11 0 0 0 0 12 0 11 2 0 0 6 0 0 0 0 0 0 0 6 6 0 0 0 0 0 0 0 1 2 0 0 0 6
0 0 0 0 0 0 5 0 0 0 0 0 0 0 5 19 14 6 0 0 0 9 13 12 0 0 0 0 8 1 0 17 0 0 2 7 0 0 8 16 0 0 0 0 0 10 0 0 0 0
0 0 0 0 11 0 18 0 0 16 0 0 0 0 0 0 0 17 0 3 0 0 0 10 4 18 6 0 0 0 0 16 0 13 0 0 0 0 0 1 0 5 0 0 0 0 6 3 0 0
18 0 0 0 0 0 0 19 0 18 15 0 0 0 0 0 0 0 15 0 0 14 0 0 0 0 11 0 0 0 0 0 0 0 9 0 0 0 10 6 0 0 0 0 0 6 0 0 0 0
3 17 3 4 0 0 16 0 9 0 0 5 0 0 0 0 0 0 0 0 0 0 18 0 0 0 0 0 0 0 0 0 0 0 0 0 6 0 0 0 1 13 0 2 0 7 6 0 0 0
0 4 9 18 9 0 0 17 0 1 13 19 0 0 0 0 6 4 0 0 0 0 0 0 0 0 0 0 0 10 0 10 6 0 6 0 0 8 0 0 0 18 0 11 0 0 16 1 16 0
15 0 0 10 5 11 0 13 0 6 11 14 0 0 0 6 0 0 0 0 5 0 0 0 0 0 0 19 0 0 0 8 5 0 6 3 0 7 0 0 0 0 0 0 0 1 10 13 0 0
0 18 19 14 0 3 5 16 0 0 0 6 17 0 0 4 0 0 0 4 0 0 0 0 13 0 3 0 0 13 0 0 0 0 0 12 0 0 3 19 0 1 0 0 2 1 0 15 19 10
0 17 0 0 0 0 0 14 0 0 0 0 0 15 0 0 0 0 0 0 0 0 0 0 0 12 0 0 0 0 0 0 0 3 0 0 0 0 0 0 11 2 0 0 0 0 9 0 0 0
0 0 0 0 0 0 0 0 10 0 0 0 3 0 0 0 0 4 0 0 0 18 0 11 0 7 0 9 0 6 0 0 0 0 0 0 0 3 0 17 0 0 0 0 0 0 5 0 0 0
0 0 0 0 0 19 2 0 0 0 0 0 0 0 0 0 5 0 0 0 0 0 0 0 0 12 0 0 0 0 0 0 0 0 9 0 18 0 0 0 10 0 0 0 0 1 0 0 0 0
0 16 0 0 0 16 0 0 0 3 12 9 0 14 0 0 0 0 0 18 0 0 6 0 0 0 0 0 0 15 0 0 12 0 18 0 0 0 14 0 0 0 0 5 0 0 6 0 0 7
0 19 13 0 0 0 0 0 0 0 0 13 0 0 18 0 0 0 0 0 0 6 0 0 0 0 0 15 0 2 0 0 0 0 0 0 9 0 0 0 10 0 14 0 0 0 0 0 0 0
0 0 0 0 0 0 17 19 18 6 11 12 10 0 0 0 0 0 0 11 0 0 0 0 0 0 0 0 0 0 5 19 0 16 0 0 0 0 18 0 12 0 19 0 0 19 0 9 0 18
0 4 0 13 0 16 0 6 0 0 2 0 4 0 0 0 0 13 0 0 0 0 0 0 0 0 0 14 0 0 0 0 0 0 0 0 10 0 0 0 0 0 0 0 0 14 14 18 7 5
0 0 0 9 0 0 0 0 0 0 0 0 18 0 0 0 0 0 12 7 12 0 0 0 0 0 0 0 0 0 0 0 15 10 0 0 0 0 0 14 0 0 0 0 5 0 0 0 0 0
18 0 0 0 0 15 0 0 0 0 0 0 6 11 0 0 0 3 0 0 0 0 0 0 0 0 0 3 0 6 0 2 9 0 0 0 0 16 4 1 0 9 0 0 0 0 0 0 4 0
0 0 0 0 0 0 10 0 0 15 6 0 0 0 0 0 19 0 0 9 0 0 15 0 14 0 3 0 0 0 0 2 0 3 0 4 0 0 0 0 0 0 0 0 0 0 15 0 0 0
0 19 3 1 0 0 0 0 11 0 0 8 0 0 0 0 0 0 0 0 0 0 0 0 0 0 0 0 0 0 0 0 2 0 0 0 0 7 0 0 0 0 2 18 0 0 0 0 0 4
0 5 0 0 16 0 0 3 0 2 0 1 0 0 0 10 0 13 0 6 0 15 2 0 0 0 6 0 0 0 0 12 0 0 0 9 15 0 8 15 0 0 0 8 19 0 0 0 0 11
0 0 4 16 0 13 12 0 0 0 0 0 0 0 0 0 0 0 0 0 0 0 0 5 0 0 0 0 0 0 0 0 0 0 16 0 0 0 0 0 0 13 0 0 0 0 0 14 0 18
0 0 8 0 0 0 0 0 0 12 0 17 16 0 0 10 8 0 0 0 0 0 0 19 0 0 2 2 0 12 0 0 0 4 0 0 5 0 4 0 7 0 5 3 10 0 0 0 0 0
0 11 0 0 0 0 7 16 0 0 0 0 0 0 0 6 5 0 0 0 0 12 0 0 0 15 9 0 2 0 0 0 0 16 5 17 10 2 0 0 0 0 3 0 14 0 15 12 2 0
16 12 5 0 2 0 3 0 0 15 0 0 13 0 0 0 0 0 3 0 0 0 0 16 0 10 0 3 0 0 0 4 16 0 0 0 0 0 0 16 0 0 1 0 0 14 0 0 0 0
0 0 0 12 0 0 0 8 0 0 0 2 0 9 0 6 6 0 0 0 9 18 0 0 0 0 0 0 0 0 16 0 5 0 0 0 0 0 0 0 0 0 0 0 16 8 9 0 17 0
0 18 0 0 0 0 0 0 0 0 6 7 0 0 0 0 3 12 0 0 0 0 0 0 0 0 0 4 0 9 0 0 17 0 0 0 0 0 10 0 6 0 0 0 0 0 0 12 0 0
0 0 0 0 3 0 8 10 0 0 6 0 0 0 6 0 0 0 0 0 18 0 9 0 10 0 0 0 0 15 0 5 10 0 0 0 0 6 0 0 16 0 0 0 0 0 9 0 0 0
10 0 0 0 19 0 0 0 6 0 0 0 0 0 0 8 7 0 0 3 0 0 0 0 0 0 16 0 7 0 0 0 2 0 0 0 6 0 0 0 0 19 0 0 0 6 0 0 0 0
0 0 0 0 0 18 0 0 0 0 0 8 0 10 0 0 0 3 0 0 0 14 0 18 0 0 4 0 0 8 0 4 0 0 0 10 0 0 0 0 0 15 0 18 0 0 12 0 0 10
5 0 0 0 0 0 0 0 0 0 0 16 1 6 0 0 0 19 0 17 0 0 0 0 0 14 1 0 0 15 0 0 0 16 0 0 0 0 0 0 0 0 0 0 15 0 0 0 0 5
0 0 0 0 0 0 2 10 14 0 0 0 0 0 1 0 0 0 11 0 10 0 10 12 0 0 0 0 0 0 0 7 0 0 0 6 16 0 0 0 0 0 0 6 0 5 0 0 0 0
0 0 0 0 0 0 0 0 15 0 0 0 5 0 13 18 0 1 2 0 0 0 0 0 0 0 9 0 0 0 13 0 0 0 0 0 0 19 15 0 0 0 0 2 0 0 0 12 5 0
0 11 0 17 0 9 0 0 0 0 0 0 0 0 0 0 0 0 0 0 0 0 14 19 0 0 0 0 2 0 0 5 3 1 0 0 0 0 0 0 0 0 0 13 7 0 0 0 0 0
0 0 0 0 0 3 0 0 0 0 0 0 0 0 2 11 0 0 0 0 0 5 0 0 0 0 0 0 18 8 0 3 0 0 0 0 0 0 18 0 6 2 13 0 0 0 8 0 0 0
10 0 0 0 16 0 12 0 0 3 1 0 0 0 0 0 0 2 0 0 0 0 0 0 0 5 0 0 0 19 0 10 14 0 16 0 0 0 0 15 0 0 7 0 0 5 0 0 0 0
0 0 0 0 0 0 0 0 3 0 2 10 0 6 7 0 1 1 0 0 1 0 0 19 14 0 0 0 0 0 0 0 0 14 8 0 0 6 0 0 5 0 0 0 5 0 0 0 0 1
0 18 0 0 0 0 0 0 11 0 0 0 6 0 6 16 10 0 9 5 0 6 0 0 14 0 0 15 0 0 0 0 15 0 9 0 9 0 12 0 0 0 0 8 0 0 0 0 0 14
0 8 0 0 0 0 17 0 0 0 0 0 3 0 0 1 13 15 0 0 0 0 0 9 18 0 0 0 0 0 14 0 12 0 0 12 0 0 0 0 0 12 0 0 0 0 0 0 15 10
0 0 0 0 0 16 0 0 0 16 0 0 0 0 0 16 0 19 0 0 0 0 0 0 7 0 4 0 0 0 0 0 2 0 17 0 0 0 0 0 0 5 0 0 0 0 0 15 0 0
0 11 16 0 0 9 5 1 0 0 6 0 0 0 0 0 0 10 0 0 0 7 0 18 5 0 0 0 4 11 18 0 0 0 0 0 0 0 10 5 0 0 0 0 0 1 14 10 0 0
