100
50
0 10 15 18 17 8 17 9 9 12 8 7 7 12 6 19 2 13 2 1 15 0 7 16 16 13 11 8 17 11 16 1 2 1 19 18 10 2 10 1 3 3 2 10 3 2 8 16 7 9
10 0 11 17 18 19 7 18 12 1 18 7 9 17 0 5 11 19 8 19 4 6 6 8 15 5 0 17 8 3 0 6 8 4 9 2 2 13 4 11 16 15 14 18 17 7 1 4 3 19
15 11 0 0 15 10 7 2 5 5 8 12 13 7 16 7 10 17 1 13 11 15 18 3 11 7 3 11 8 17 2 13 3 5 0 12 5 14 15 18 13 17 18 17 9 0 11 16 15 12
18 17 0 0 14 2 11 13 14 6 16 14 19 13 0 3 1 17 7 7 1 0 16 19 14 10 6 19 5 5 5 6 19 8 18 9 7 6 19 8 0 3 13 19 15 14 12 0 13 14
17 18 15 14 0 17 3 2 6 10 17 10 3 13 15 5 14 12 5 12 4 9 5 3 17 3 4 13 5 19 10 18 13 13 18 11 11 13 14 19 15 6 2 9 4 5 1 1 16 5
8 19 10 2 17 0 6 15 11 1 14 14 0 11 7 1 9 1 6 3 16 14 0 3 8 4 8 5 12 15 8 8 14 18 2 11 13 9 0 1 14 17 18 7 14 11 2 4 5 18
17 7 7 11 3 6 0 16 18 0 8 6 15 14 17 3 19 6 10 18 4 5 19 12 1 11 8 15 13 0 14 4 14 16 0 3 12 17 16 17 17 14 18 7 11 6 15 10 2 16
9 18 2 13 2 15 16 0 12 12 5 12 10 5 8 18 14 15 5 14 19 19 15 12 11 1 11 4 11 0 19 4 16 4 15 0 17 18 17 14 5 17 3 1 5 3 13 14 14 6
9 12 5 14 6 11 18 12 0 7 13 5 3 8 1 7 19 14 10 6 7 2 18 17 14 2 2 18 16 6 12 1 6 12 4 10 16 15 18 17 14 18 1 17 2 13 0 17 1 19
12 1 5 6 10 1 0 12 7 0 2 5 18 10 15 5 2 16 7 13 14 16 9 2 18 10 4 3 8 10 2 4 10 14 2 4 5 18 12 8 14 11 15 13 5 8 14 11 1 0
8 18 8 16 17 14 8 5 13 2 0 1 3 8 11 10 13 18 11 4 3 5 2 6 18 0 2 12 19 1 10 6 3 19 11 0 15 1 7 5 0 0 13 8 6 6 17 17 6 0
7 7 12 14 10 14 6 12 5 5 1 0 13 14 4 16 4 11 12 11 12 9 6 0 15 11 6 15 12 19 19 5 8 19 9 2 2 7 6 13 17 14 9 16 1 7 5 6 1 11
7 9 13 19 3 0 15 10 3 18 3 13 0 2 6 3 12 11 12 8 19 5 2 0 16 14 19 18 16 13 17 19 19 6 16 5 18 11 8 15 12 1 11 8 14 3 12 13 14 12
12 17 7 13 13 11 14 5 8 10 8 14 2 0 5 10 9 5 8 15 14 16 17 10 11 15 16 5 6 1 14 17 3 17 8 11 5 12 5 15 15 4 13 5 16 5 4 18 9 16
6 0 16 0 15 7 17 8 1 15 11 4 6 5 0 13 9 4 6 10 0 8 15 15 17 19 13 12 0 19 18 13 3 8 11 2 16 19 12 4 14 11 1 9 17 12 1 2 11 19
19 5 7 3 5 1 3 18 7 5 10 16 3 10 13 0 17 16 3 11 4 0 15 17 19 11 0 4 8 2 2 15 3 10 11 11 18 10 17 16 7 3 13 13 13 10 9 7 5 8
2 11 10 1 14 9 19 14 19 2 13 4 12 9 9 17 0 1 1 6 10 19 13 2 15 10 3 0 19 8 16 18 10 10 2 13 7 17 18 5 6 0 10 4 2 3 11 8 8 4
13 19 17 17 12 1 6 15 14 16 18 11 11 5 4 16 1 0 1 5 12 7 3 19 4 1 17 14 19 16 9 5 17 12 12 8 16 6 19 1 1 16 10 1 10 12 17 14 16 0
2 8 1 7 5 6 10 5 10 7 11 12 12 8 6 3 1 1 0 3 8 19 4 3 16 14 0 13 9 8 7 5 7 0 16 15 9 9 19 19 2 9 17 15 1 15 7 17 18 4
1 19 13 7 12 3 18 14 6 13 4 11 8 15 10 11 6 5 3 0 1 13 1 18 19 2 19 1 12 2 0 12 3 10 18 4 15 4 11 14 5 11 15 16 19 0 9 9 7 15
15 4 11 1 4 16 4 19 7 14 3 12 19 14 0 4 10 12 8 1 0 5 0 10 5 12 8 17 5 17 19 7 0 3 12 11 16 7 3 4 18 19 16 19 3 12 17 4 19 10
0 6 15 0 9 14 5 19 2 16 5 9 5 16 8 0 19 7 19 13 5 0 18 8 11 4 4 1 19 12 17 4 5 13 1 11 11 11 17 13 1 0 15 5 10 1 9 12 5 4
7 6 18 16 5 0 19 15 18 9 2 6 2 17 15 15 13 3 4 1 0 18 0 10 4 1 12 7 15 13 12 8 6 16 14 10 18 1 17 13 3 3 5 10 6 8 8 16 14 7
16 8 3 19 3 3 12 12 17 2 6 0 0 10 15 17 2 19 3 18 10 8 10 0 3 5 11 11 0 12 11 8 3 14 2 10 6 15 19 0 9 4 11 2 18 11 12 15 15 13
16 15 11 14 17 8 1 11 14 18 18 15 16 11 17 19 15 4 16 19 5 11 4 3 0 0 8 11 11 10 16 15 19 4 17 3 18 16 3 8 3 9 3 16 1 17 14 8 12 6
13 5 7 10 3 4 11 1 2 10 0 11 14 15 19 11 10 1 14 2 12 4 1 5 0 0 18 14 19 5 16 18 2 1 7 10 19 19 11 10 18 18 12 8 4 18 13 16 6 6
11 0 3 6 4 8 8 11 2 4 2 6 19 16 13 0 3 17 0 19 8 4 12 11 8 18 0 9 1 14 12 3 8 5 8 15 7 13 2 1 17 11 18 19 4 9 4 12 6 6
8 17 11 19 13 5 15 4 18 3 12 15 18 5 12 4 0 14 13 1 17 1 7 11 11 14 9 0 2 0 18 3 4 14 0 16 18 14 6 9 2 4 13 14 17 7 17 5 4 12
17 8 8 5 5 12 13 11 16 8 19 12 16 6 0 8 19 19 9 12 5 19 15 0 11 19 1 2 0 0 15 6 9 1 6 13 16 6 9 17 5 13 4 12 1 2 16 17 3 12
11 3 17 5 19 15 0 0 6 10 1 19 13 1 19 2 8 16 8 2 17 12 13 12 10 5 14 0 0 0 3 15 2 2 15 3 14 17 6 6 11 3 10 7 16 0 4 4 13 0
16 0 2 5 10 8 14 19 12 2 10 19 17 14 18 2 16 9 7 0 19 17 12 11 16 16 12 18 15 3 0 0 1 19 6 11 19 11 0 12 6 13 0 9 0 17 5 9 18 10
1 6 13 6 18 8 4 4 1 4 6 5 19 17 13 15 18 5 5 12 7 4 8 8 15 18 3 3 6 15 0 0 9 4 6 1 2 18 9 19 19 14 7 3 17 4 16 0 19 10
2 8 3 19 13 14 14 16 6 10 3 8 19 3 3 3 10 17 7 3 0 5 6 3 19 2 8 4 9 2 1 9 0 3 1 17 18 16 9 6 9 12 4 3 19 0 0 12 10 14
1 4 5 8 13 18 16 4 12 14 19 19 6 17 8 10 10 12 0 10 3 13 16 14 4 1 5 14 1 2 19 4 3 0 5 12 8 6 4 9 0 9 5 6 18 10 6 15 16 11
19 9 0 18 18 2 0 15 4 2 11 9 16 8 11 11 2 12 16 18 12 1 14 2 17 7 8 0 6 15 6 6 1 5 0 12 0 0 13 4 5 17 9 15 18 4 14 5 19 13
18 2 12 9 11 11 3 0 10 4 0 2 5 11 2 11 13 8 15 4 11 11 10 10 3 10 15 16 13 3 11 1 17 12 12 0 11 18 7 9 10 3 12 5 15 11 3 14 13 16
10 2 5 7 11 13 12 17 16 5 15 2 18 5 16 18 7 16 9 15 16 11 18 6 18 19 7 18 16 14 19 2 18 8 0 11 0 15 12 0 12 9 6 9 18 12 4 2 15 7
2 13 14 6 13 9 17 18 15 18 1 7 11 12 19 10 17 6 9 4 7 11 1 15 16 19 13 14 6 17 11 18 16 6 0 18 15 0 15 7 16 12 9 14 16 11 13 2 5 1
10 4 15 19 14 0 16 17 18 12 7 6 8 5 12 17 18 19 19 11 3 17 17 19 3 11 2 6 9 6 0 9 9 4 13 7 12 15 0 15 6 11 16 15 11 1 18 0 5 12
1 11 18 8 19 1 17 14 17 8 5 13 15 15 4 16 5 1 19 14 4 13 13 0 8 10 1 9 17 6 12 19 6 9 4 9 0 7 15 0 0 12 8 11 4 18 14 14 11 13
3 16 13 0 15 14 17 5 14 14 0 17 12 15 14 7 6 1 2 5 18 1 3 9 3 18 17 2 5 11 6 19 9 0 5 10 12 16 6 0 0 0 4 7 12 3 12 10 15 15
3 15 17 3 6 17 14 17 18 11 0 14 1 4 11 3 0 16 9 11 19 0 3 4 9 18 11 4 13 3 13 14 12 9 17 3 9 12 11 12 0 0 7 10 0 2 3 6 10 16
2 14 18 13 2 18 18 3 1 15 13 9 11 13 1 13 10 10 17 15 16 15 5 11 3 12 18 13 4 10 0 7 4 5 9 12 6 9 16 8 4 7 0 16 1 10 18 14 4 16
10 18 17 19 9 7 7 1 17 13 8 16 8 5 9 13 4 1 15 16 19 5 10 2 16 8 19 14 12 7 9 3 3 6 15 5 9 14 15 11 7 10 16 0 17 15 10 15 19 7
3 17 9 15 4 14 11 5 2 5 6 1 14 16 17 13 2 10 1 19 3 10 6 18 1 4 4 17 1 16 0 17 19 18 18 15 18 16 11 4 12 0 1 17 0 4 4 11 13 17
2 7 0 14 5 11 6 3 13 8 6 7 3 5 12 10 3 12 15 0 12 1 8 11 17 18 9 7 2 0 17 4 0 10 4 11 12 11 1 18 3 2 10 15 4 0 11 8 6 6
8 1 11 12 1 2 15 13 0 14 17 5 12 4 1 9 11 17 7 9 17 9 8 12 14 13 4 17 16 4 5 16 0 6 14 3 4 13 18 14 12 3 18 10 4 11 0 12 8 4
16 4 16 0 1 4 10 14 17 11 17 6 13 18 2 7 8 14 17 9 4 12 16 15 8 16 12 5 17 4 9 0 12 15 5 14 2 2 0 14 10 6 14 15 11 8 12 0 11 13
7 3 15 13 16 5 2 14 1 1 6 1 14 9 11 5 8 16 18 7 19 5 14 15 12 6 6 4 3 13 18 19 10 16 19 13 15 5 5 11 15 10 4 19 13 6 8 11 0 17
9 19 12 14 5 18 16 6 19 0 0 11 12 16 19 8 4 0 4 15 10 4 7 13 6 6 6 12 12 0 10 10 14 11 13 16 7 1 12 13 15 16 16 7 17 6 4 13 17 0
