50
50
0 1 5 8 12 14 2 14 5 16 15 13 18 1 18 9 7 0 0 5 16 13 13 14 15 18 3 9 8 5 19 15 19 11 16 15 4 9 9 6 7 15 1 9 16 4 12 15 9 14
1 0 10 10 14 11 0 13 14 2 13 15 8 3 13 19 8 17 8 1 2 11 7 6 1 2 2 12 10 11 19 19 2 10 19 10 1 13 0 16 11 18 2 17 7 12 15 15 7 3
5 10 0 0 8 0 13 14 10 8 16 11 10 17 15 9 1 9 0 11 12 18 4 19 1 15 1 12 18 7 4 12 4 0 0 9 1 6 17 6 17 5 8 14 10 17 5 18 10 10
8 10 0 0 0 17 6 11 3 17 1 10 4 10 19 5 10 17 4 19 1 1 13 11 19 17 13 5 5 12 2 11 10 1 18 4 1 4 17 0 16 0 19 9 18 8 7 9 12 7
12 14 8 0 0 6 19 6 2 18 17 8 11 12 10 8 0 6 3 14 18 9 8 11 9 6 9 5 3 7 6 16 4 16 12 8 15 17 11 4 18 10 18 15 13 0 15 14 3 10
14 11 0 17 6 0 18 19 8 12 9 7 5 11 1 14 8 12 3 6 11 12 19 10 9 16 7 10 14 4 0 15 4 9 11 6 7 4 2 14 3 19 17 2 9 6 14 9 9 7
2 0 13 6 19 18 0 16 10 13 17 16 13 0 11 2 18 0 19 3 18 4 9 11 15 12 12 19 16 12 16 7 4 19 1 10 12 6 7 9 8 7 2 13 8 5 17 15 0 11
14 13 14 11 6 19 16 0 17 0 14 11 4 17 19 18 9 15 2 2 19 7 12 3 13 14 1 12 8 12 6 7 14 19 5 7 1 13 10 4 12 18 0 14 11 9 14 1 19 8
5 14 10 3 2 8 10 17 0 8 12 8 11 14 9 17 6 11 9 19 15 2 19 16 6 0 6 11 12 5 9 19 18 6 7 8 12 15 19 11 16 6 13 13 9 16 19 18 13 17
16 2 8 17 18 12 13 0 8 0 1 12 11 4 3 2 19 18 5 1 1 18 13 1 13 13 13 18 12 2 3 6 8 4 5 2 2 15 9 18 10 18 10 6 10 6 9 17 15 16
15 13 16 1 17 9 17 14 12 1 0 7 7 8 13 15 9 6 19 8 9 19 0 14 17 17 1 8 14 14 14 0 14 10 2 15 4 1 12 15 5 17 7 2 15 15 19 9 4 3
13 15 11 10 8 7 16 11 8 12 7 0 15 15 3 6 7 14 1 15 8 18 1 8 5 18 19 11 14 10 5 18 18 0 3 15 16 11 9 8 13 0 15 3 19 12 16 6 6 17
18 8 10 4 11 5 13 4 11 11 7 15 0 3 12 11 11 1 12 15 10 9 4 17 4 10 14 16 10 1 17 4 9 8 1 14 9 6 1 12 9 2 6 19 7 0 2 15 19 0
1 3 17 10 12 11 0 17 14 4 8 15 3 0 1 18 2 6 3 3 2 10 2 15 5 9 4 10 12 17 12 14 10 18 2 2 0 15 13 10 5 3 18 16 5 10 15 18 18 6
18 13 15 19 10 1 11 19 9 3 13 3 12 1 0 6 14 4 14 19 13 7 2 10 17 18 2 7 9 2 11 12 0 11 3 16 1 17 18 5 5 12 7 13 15 16 3 13 19 11
9 19 9 5 8 14 2 18 17 2 15 6 11 18 6 0 12 10 17 3 12 19 15 8 19 8 0 10 15 12 10 11 9 7 8 7 8 14 5 7 18 1 19 8 9 1 16 7 5 9
7 8 1 10 0 8 18 9 6 19 9 7 11 2 14 12 0 7 15 18 19 9 18 19 2 12 4 11 4 4 4 7 1 4 18 17 4 15 6 7 17 18 12 19 1 10 5 2 0 4
0 17 9 17 6 12 0 15 11 18 6 14 1 6 4 10 7 0 15 17 10 8 1 1 8 0 1 0 10 5 10 5 6 11 19 12 4 8 18 3 0 19 15 4 13 9 10 7 7 0
0 8 0 4 3 3 19 2 9 5 19 1 12 3 14 17 15 15 0 8 1 0 15 11 1 10 17 17 6 4 4 19 14 7 8 7 17 16 0 3 18 9 16 14 9 9 13 10 13 5
5 1 11 19 14 6 3 2 19 1 8 15 15 3 19 3 18 17 8 0 3 4 2 1 12 3 18 11 16 14 17 19 3 7 11 4 12 12 4 17 18 11 18 4 5 10 12 11 0 4
16 2 12 1 18 11 18 19 15 1 9 8 10 2 13 12 19 10 1 3 0 15 11 0 0 5 16 1 5 7 2 9 7 14 12 3 2 15 19 2 4 14 16 10 14 13 14 14 11 9
13 11 18 1 9 12 4 7 2 18 19 18 9 10 7 19 9 8 0 4 15 0 8 9 15 5 19 4 0 19 0 9 2 18 13 3 9 7 11 3 9 15 3 16 3 2 0 14 5 2
13 7 4 13 8 19 9 12 19 13 0 1 4 2 2 15 18 1 15 2 11 8 0 1 4 0 18 4 4 3 19 15 15 14 0 15 3 13 19 17 13 9 3 6 17 10 7 14 14 2
14 6 19 11 11 10 11 3 16 1 14 8 17 15 10 8 19 1 11 1 0 9 1 0 3 16 6 12 10 1 17 16 13 0 17 18 18 7 18 2 0 2 8 13 19 4 4 6 4 17
15 1 1 19 9 9 15 13 6 13 17 5 4 5 17 19 2 8 1 12 0 15 4 3 0 11 7 14 19 19 14 0 14 11 17 5 12 11 7 12 19 3 0 19 12 10 17 19 9 4
18 2 15 17 6 16 12 14 0 13 17 18 10 9 18 8 12 0 10 3 5 5 0 16 11 0 13 16 4 8 4 5 12 16 12 1 19 8 8 3 14 18 17 7 15 12 12 7 19 10
3 2 1 13 9 7 12 1 6 13 1 19 14 4 2 0 4 1 17 18 16 19 18 6 7 13 0 6 15 9 1 7 1 8 12 18 8 18 18 19 19 11 17 13 1 18 17 7 0 9
9 12 12 5 5 10 19 12 11 18 8 11 16 10 7 10 11 0 17 11 1 4 4 12 14 16 6 0 2 4 9 19 2 0 12 17 0 10 16 14 14 2 13 7 15 16 4 18 17 11
8 10 18 5 3 14 16 8 12 12 14 14 10 12 9 15 4 10 6 16 5 0 4 10 19 4 15 2 0 2 0 17 12 4 12 19 6 16 13 8 5 11 0 19 4 2 10 8 11 5
5 11 7 12 7 4 12 12 5 2 14 10 1 17 2 12 4 5 4 14 7 19 3 1 19 8 9 4 2 0 10 10 1 15 2 5 2 15 14 14 13 7 11 14 0 14 4 12 3 12
19 19 4 2 6 0 16 6 9 3 14 5 17 12 11 10 4 10 4 17 2 0 19 17 14 4 1 9 0 10 0 5 8 15 3 17 7 14 18 15 3 6 12 14 17 19 6 11 18 9
15 19 12 11 16 15 7 7 19 6 0 18 4 14 12 11 7 5 19 19 9 9 15 16 0 5 7 19 17 10 5 0 4 19 7 6 15 19 5 13 2 9 19 13 0 13 9 1 6 5
19 2 4 10 4 4 4 14 18 8 14 18 9 10 0 9 1 6 14 3 7 2 15 13 14 12 1 2 12 1 8 4 0 10 0 10 0 2 2 10 3 11 13 8 5 10 7 10 10 2
11 10 0 1 16 9 19 19 6 4 10 0 8 18 11 7 4 11 7 7 14 18 14 0 11 16 8 0 4 15 15 19 10 0 19 0 8 15 2 11 6 7 15 19 14 9 8 7 11 13
16 19 0 18 12 11 1 5 7 5 2 3 1 2 3 8 18 19 8 11 12 13 0 17 17 12 12 12 12 2 3 7 0 19 0 14 10 13 3 19 13 10 9 6 2 5 15 3 19 16
15 10 9 4 8 6 10 7 8 2 15 15 14 2 16 7 17 12 7 4 3 3 15 18 5 1 18 17 19 5 17 6 10 0 14 0 3 9 11 18 1 1 12 4 16 13 5 4 16 0
4 1 1 1 15 7 12 1 12 2 4 16 9 0 1 8 4 4 17 12 2 9 3 18 12 19 8 0 6 2 7 15 0 8 10 3 0 6 18 16 9 5 11 14 16 14 11 9 3 17
9 13 6 4 17 4 6 13 15 15 1 11 6 15 17 14 15 8 16 12 15 7 13 7 11 8 18 10 16 15 14 19 2 15 13 9 6 0 4 8 12 13 10 7 1 9 0 3 9 18
9 0 17 17 11 2 7 10 19 9 12 9 1 13 18 5 6 18 0 4 19 11 19 18 7 8 18 16 13 14 18 5 2 2 3 11 18 4 0 7 19 10 17 16 5 13 16 8 15 16
6 16 6 0 4 14 9 4 11 18 15 8 12 10 5 7 7 3 3 17 2 3 17 2 12 3 19 14 8 14 15 13 10 11 19 18 16 8 7 0 11 11 8 19 8 16 15 19 2 4
7 11 17 16 18 3 8 12 16 10 5 13 9 5 5 18 17 0 18 18 4 9 13 0 19 14 19 14 5 13 3 2 3 6 13 1 9 12 19 11 0 0 12 13 18 6 11 1 2 1
15 18 5 0 10 19 7 18 6 18 17 0 2 3 12 1 18 19 9 11 14 15 9 2 3 18 11 2 11 7 6 9 11 7 10 1 5 13 10 11 0 0 13 16 6 8 2 16 9 17
1 2 8 19 18 17 2 0 13 10 7 15 6 18 7 19 12 15 16 18 16 3 3 8 0 17 17 13 0 11 12 19 13 15 9 12 11 10 17 8 12 13 0 6 19 5 18 19 7 8
9 17 14 9 15 2 13 14 13 6 2 3 19 16 13 8 19 4 14 4 10 16 6 13 19 7 13 7 19 14 14 13 8 19 6 4 14 7 16 19 13 16 6 0 16 11 19 19 2 10
16 7 10 18 13 9 8 11 9 10 15 19 7 5 15 9 1 13 9 5 14 3 17 19 12 15 1 15 4 0 17 0 5 14 2 16 16 1 5 8 18 6 19 16 0 4 1 11 16 8
4 12 17 8 0 6 5 9 16 6 15 12 0 10 16 1 10 9 9 10 13 2 10 4 10 12 18 16 2 14 19 13 10 9 5 13 14 9 13 16 6 8 5 11 4 0 17 0 6 10
12 15 5 7 15 14 17 14 19 9 19 16 2 15 3 16 5 10 13 12 14 0 7 4 17 12 17 4 10 4 6 9 7 8 15 5 11 0 16 15 11 2 18 19 1 17 0 17 9 8
15 15 18 9 14 9 15 1 18 17 9 6 15 18 13 7 2 7 10 11 14 14 14 6 19 7 7 18 8 12 11 1 10 7 3 4 9 3 8 19 1 16 19 19 11 0 17 0 8 16
9 7 10 12 3 9 0 19 13 15 4 6 19 18 19 5 0 7 13 0 11 5 14 4 9 19 0 17 11 3 18 6 10 11 19 16 3 9 15 2 2 9 7 2 16 6 9 8 0 18
14 3 10 7 10 7 11 8 17 16 3 17 0 6 11 9 4 0 5 4 9 2 2 17 4 10 9 11 5 12 9 5 2 13 16 0 17 18 16 4 1 17 8 10 8 10 8 16 18 0
