50
50
0 0 14 18 0 0 0 6 0 0 6 1 0 9 0 0 0 15 0 0 0 11 0 0 0 0 0 0 0 0 0 0 0 0 2 0 0 0 0 0 0 0 0 3 0 0 0 0 0 0
0 0 0 0 0 0 4 0 3 0 0 0 0 0 10 12 8 8 0 14 9 0 19 0 0 0 0 6 0 10 17 17 0 0 0 0 0 0 2 16 0 0 0 18 13 5 7 4 0 0
14 0 0 0 0 14 0 0 6 0 0 0 16 0 0 0 0 0 0 14 0 0 0 15 1 0 14 19 0 12 6 0 0 0 0 0 7 0 1 0 0 0 0 2 0 0 0 0 0 0
18 0 0 0 0 0 15 0 0 10 5 0 0 0 0 2 0 0 0 8 19 0 0 0 0 2 0 7 5 19 0 0 0 0 19 0 0 8 0 13 4 0 8 0 0 0 16 0 0 0
0 0 0 0 0 0 0 0 0 0 0 0 0 0 1 6 4 0 13 10 0 1 0 0 0 0 0 9 0 14 4 0 0 0 0 0 4 8 0 0 0 0 0 0 0 2 0 0 0 0
0 0 14 0 0 0 0 0 0 0 0 0 15 0 0 0 0 9 0 19 0 13 0 0 18 0 0 0 0 0 17 0 4 0 0 0 7 0 0 2 0 7 0 0 0 0 0 0 0 0
0 4 0 15 0 0 0 0 19 0 0 0 5 19 0 0 0 0 0 0 0 0 0 0 0 0 0 17 0 0 0 0 0 0 17 0 0 0 0 4 0 0 0 0 0 0 0 0 0 0
6 0 0 0 0 0 0 0 0 0 0 0 0 0 0 0 0 9 0 0 18 0 1 0 15 0 17 0 0 11 0 0 0 3 2 9 0 13 19 0 7 0 0 0 0 0 0 0 0 0
0 3 6 0 0 0 19 0 0 0 0 0 0 0 0 0 17 0 5 0 0 0 8 0 0 0 0 0 12 0 0 0 6 0 0 0 13 0 0 0 0 0 9 0 0 10 0 0 0 0
0 0 0 10 0 0 0 0 0 0 0 4 0 0 0 0 13 3 16 0 0 0 18 0 0 0 11 0 0 0 0 0 9 13 0 0 0 8 0 2 0 5 0 18 0 6 0 0 0 0
6 0 0 5 0 0 0 0 0 0 0 0 10 0 19 0 0 0 0 0 0 0 13 0 10 11 10 0 0 0 0 14 0 0 1 0 0 10 0 0 0 0 0 3 0 0 0 4 15 0
1 0 0 0 0 0 0 0 0 4 0 0 0 0 0 6 0 0 0 0 17 3 0 0 0 0 0 0 5 0 16 7 6 12 0 7 0 15 0 5 17 0 18 0 0 0 0 0 0 0
0 0 16 0 0 15 5 0 0 0 10 0 0 7 0 0 13 13 0 0 0 17 6 19 0 0 0 0 0 0 0 0 0 5 0 0 0 0 13 0 0 0 0 0 0 16 0 0 0 0
9 0 0 0 0 0 19 0 0 0 0 0 7 0 0 0 0 0 0 0 0 0 0 10 0 12 0 8 0 0 3 0 0 0 6 19 0 2 0 5 3 19 5 0 0 0 6 0 0 0
0 10 0 0 1 0 0 0 0 0 19 0 0 0 0 0 0 0 0 0 0 0 15 0 0 0 0 0 1 0 0 0 0 0 0 0 0 15 0 0 0 0 0 0 0 0 0 0 0 0
0 12 0 2 6 0 0 0 0 0 0 6 0 0 0 0 0 0 0 0 13 0 0 0 0 18 7 7 12 0 7 0 0 0 0 0 12 2 0 3 0 0 9 0 0 3 0 0 0 0
0 8 0 0 4 0 0 0 17 13 0 0 13 0 0 0 0 0 0 2 4 0 9 0 0 0 3 0 0 6 0 0 15 0 0 0 0 0 3 0 0 10 9 0 15 17 0 0 0 0
15 8 0 0 0 9 0 9 0 3 0 0 13 0 0 0 0 0 0 0 0 0 0 10 0 0 0 0 0 3 0 0 0 0 0 0 0 0 0 0 0 0 0 0 0 0 0 18 0 5
0 0 0 0 13 0 0 0 5 16 0 0 0 0 0 0 0 0 0 17 0 12 8 0 0 11 0 19 0 0 0 1 0 0 16 8 0 0 0 0 0 0 7 0 0 0 0 16 2 0
0 14 14 8 10 19 0 0 0 0 0 0 0 0 0 0 2 0 17 0 7 11 0 0 0 0 0 10 16 15 14 13 0 0 0 0 0 0 0 0 0 2 0 14 0 0 0 16 0 0
0 9 0 19 0 0 0 18 0 0 0 17 0 0 0 13 4 0 0 7 0 18 0 18 0 3 0 0 0 3 0 0 12 4 0 7 7 0 0 15 0 0 0 14 0 2 0 0 0 0
11 0 0 0 1 13 0 0 0 0 0 3 17 0 0 0 0 0 12 11 18 0 3 0 0 19 0 0 0 0 19 1 0 0 17 9 0 0 0 0 0 13 0 0 4 0 0 0 0 0
0 19 0 0 0 0 0 1 8 18 13 0 6 0 15 0 9 0 8 0 0 3 0 6 0 18 0 0 0 15 0 0 0 0 0 0 0 0 0 13 0 0 8 0 0 0 7 0 0 0
0 0 15 0 0 0 0 0 0 0 0 0 19 10 0 0 0 10 0 0 18 0 6 0 0 8 0 0 0 0 0 0 0 17 0 0 0 9 0 6 0 0 0 16 9 0 0 0 0 3
0 0 1 0 0 18 0 15 0 0 10 0 0 0 0 0 0 0 0 0 0 0 0 0 0 0 10 0 19 0 0 0 0 3 0 0 8 0 0 0 0 0 0 16 14 3 19 0 0 0
0 0 0 2 0 0 0 0 0 0 11 0 0 12 0 18 0 0 11 0 3 19 18 8 0 0 0 0 0 0 14 0 0 0 0 0 0 0 10 0 14 0 13 11 0 6 0 0 0 0
0 0 14 0 0 0 0 17 0 11 10 0 0 0 0 7 3 0 0 0 0 0 0 0 10 0 0 14 2 4 0 0 0 0 10 0 9 0 0 0 6 19 0 0 0 12 16 0 0 0
0 6 19 7 9 0 17 0 0 0 0 0 0 8 0 7 0 0 19 10 0 0 0 0 0 0 14 0 0 0 0 0 1 0 0 11 16 0 0 8 0 0 19 0 0 0 7 0 0 19
0 0 0 5 0 0 0 0 12 0 0 5 0 0 1 12 0 0 0 16 0 0 0 0 19 0 2 0 0 0 7 0 11 16 9 0 14 0 0 16 0 0 4 0 0 0 14 0 13 1
0 10 12 19 14 0 0 11 0 0 0 0 0 0 0 0 6 3 0 15 3 0 15 0 0 0 4 0 0 0 0 0 0 0 0 0 3 0 0 0 0 0 8 0 7 0 18 0 3 7
0 17 6 0 4 17 0 0 0 0 0 16 0 3 0 7 0 0 0 14 0 19 0 0 0 14 0 0 7 0 0 13 0 0 0 0 0 0 0 5 0 0 0 12 0 0 0 8 0 0
0 17 0 0 0 0 0 0 0 0 14 7 0 0 0 0 0 0 1 13 0 1 0 0 0 0 0 0 0 0 13 0 0 0 4 16 0 0 0 0 12 7 0 0 18 14 11 7 0 0
0 0 0 0 0 4 0 0 6 9 0 6 0 0 0 0 15 0 0 0 12 0 0 0 0 0 0 1 11 0 0 0 0 0 0 0 0 0 10 0 0 0 0 0 13 0 0 0 0 0
0 0 0 0 0 0 0 3 0 13 0 12 5 0 0 0 0 0 0 0 4 0 0 17 3 0 0 0 16 0 0 0 0 0 19 11 0 0 0 0 13 18 0 0 0 5 0 0 0 0
2 0 0 19 0 0 17 2 0 0 1 0 0 6 0 0 0 0 16 0 0 17 0 0 0 0 10 0 9 0 0 4 0 19 0 0 0 8 12 0 0 16 15 0 0 2 0 0 0 0
0 0 0 0 0 0 0 9 0 0 0 7 0 19 0 0 0 0 8 0 7 9 0 0 0 0 0 11 0 0 0 16 0 11 0 0 0 0 0 8 0 5 0 0 19 0 13 0 0 4
0 0 7 0 4 7 0 0 13 0 0 0 0 0 0 12 0 0 0 0 7 0 0 0 8 0 9 16 14 3 0 0 0 0 0 0 0 0 0 5 0 0 0 0 0 0 0 0 0 13
0 0 0 8 8 0 0 13 0 8 10 15 0 2 15 2 0 0 0 0 0 0 0 9 0 0 0 0 0 0 0 0 0 0 8 0 0 0 0 0 0 0 0 0 11 7 0 1 0 0
0 2 1 0 0 0 0 19 0 0 0 0 13 0 0 0 3 0 0 0 0 0 0 0 0 10 0 0 0 0 0 0 10 0 12 0 0 0 0 0 10 0 19 16 0 0 0 0 10 0
0 16 0 13 0 2 4 0 0 2 0 5 0 5 0 3 0 0 0 0 15 0 13 6 0 0 0 8 16 0 5 0 0 0 0 8 5 0 0 0 0 0 0 0 6 0 0 0 0 0
0 0 0 4 0 0 0 7 0 0 0 17 0 3 0 0 0 0 0 0 0 0 0 0 0 14 6 0 0 0 0 12 0 13 0 0 0 0 10 0 0 0 0 0 19 0 0 15 17 0
0 0 0 0 0 7 0 0 0 5 0 0 0 19 0 0 10 0 0 2 0 13 0 0 0 0 19 0 0 0 0 7 0 18 16 5 0 0 0 0 0 0 0 0 10 0 0 0 0 13
0 0 0 8 0 0 0 0 9 0 0 18 0 5 0 9 9 0 7 0 0 0 8 0 0 13 0 19 4 8 0 0 0 0 15 0 0 0 19 0 0 0 0 0 0 0 0 1 0 0
3 18 2 0 0 0 0 0 0 18 3 0 0 0 0 0 0 0 0 14 14 0 0 16 16 11 0 0 0 0 12 0 0 0 0 0 0 0 16 0 0 0 0 0 0 0 0 0 2 1
0 13 0 0 0 0 0 0 0 0 0 0 0 0 0 0 15 0 0 0 0 4 0 9 14 0 0 0 0 7 0 18 13 0 0 19 0 11 0 6 19 10 0 0 0 0 0 0 10 0
0 5 0 0 2 0 0 0 10 6 0 0 16 0 0 3 17 0 0 0 2 0 0 0 3 6 12 0 0 0 0 14 0 5 2 0 0 7 0 0 0 0 0 0 0 0 12 0 0 0
0 7 0 16 0 0 0 0 0 0 0 0 0 6 0 0 0 0 0 0 0 0 7 0 19 0 16 7 14 18 0 11 0 0 0 13 0 0 0 0 0 0 0 0 0 12 0 0 0 0
0 4 0 0 0 0 0 0 0 0 4 0 0 0 0 0 0 18 16 16 0 0 0 0 0 0 0 0 0 0 8 7 0 0 0 0 0 1 0 0 15 0 1 0 0 0 0 0 0 0
0 0 0 0 0 0 0 0 0 0 15 0 0 0 0 0 0 0 2 0 0 0 0 0 0 0 0 0 13 3 0 0 0 0 0 0 0 0 10 0 17 0 0 2 10 0 0 0 0 0
0 0 0 0 0 0 0 0 0 0 0 0 0 0 0 0 0 5 0 0 0 0 0 3 0 0 0 19 1 7 0 0 0 0 0 4 13 0 0 0 0 13 0 1 0 0 0 0 0 0
