75
50
0 5 0 0 0 0 0 0 13 0 0 0 0 17 18 6 0 0 0 0 2 0 0 0 0 0 0 4 0 0 9 0 0 0 0 11 0 0 0 11 0 12 19 0 0 0 10 0 1 0
5 0 0 0 16 0 0 0 0 0 0 0 0 0 0 0 0 0 0 0 12 0 0 0 0 9 0 0 4 0 0 0 0 0 0 0 0 0 0 0 0 0 10 0 5 0 0 0 0 10
0 0 0 0 0 0 0 3 0 0 0 0 0 0 0 1 0 0 0 0 0 9 6 0 17 0 0 0 0 0 16 0 15 0 12 0 0 19 0 15 0 0 0 0 0 8 0 0 16 0
0 0 0 0 17 4 0 0 0 2 5 0 0 12 0 9 0 0 12 0 0 0 0 0 15 0 0 0 0 0 0 0 0 13 0 0 18 0 15 0 10 9 8 0 10 0 0 0 1 0
0 16 0 17 0 14 0 0 8 0 19 0 0 0 0 0 0 11 0 0 0 9 15 5 16 0 0 15 0 15 1 17 11 15 0 0 0 0 2 0 0 2 15 2 0 0 0 12 0 0
0 0 0 4 14 0 10 11 11 0 0 0 0 11 0 2 0 0 0 0 7 15 0 0 0 0 5 0 0 9 0 0 12 4 5 0 0 8 12 0 0 0 0 2 3 0 0 0 11 0
0 0 0 0 0 10 0 0 0 0 0 2 0 0 4 0 0 0 11 0 0 17 17 0 0 0 0 0 0 0 0 0 14 0 0 0 4 0 0 0 10 0 0 0 0 0 0 0 8 0
0 0 3 0 0 11 0 0 0 0 5 4 0 0 0 0 0 0 0 5 5 19 9 0 0 0 0 1 0 0 0 0 0 18 0 0 0 0 19 0 0 0 0 0 0 0 0 9 16 0
13 0 0 0 8 11 0 0 0 0 15 0 0 16 0 0 0 0 0 15 15 0 0 0 0 0 0 3 0 0 16 0 0 0 19 10 11 0 0 0 9 8 0 15 4 11 8 0 0 0
0 0 0 2 0 0 0 0 0 0 0 0 0 0 10 0 6 0 11 0 6 0 0 6 17 0 0 0 0 0 13 0 10 0 0 0 0 0 7 0 0 0 0 0 0 0 0 2 9 13
0 0 0 5 19 0 0 5 15 0 0 0 0 0 18 8 0 19 0 0 0 8 14 0 0 0 14 0 4 15 0 0 0 0 0 0 4 0 0 0 0 0 0 0 0 0 9 0 0 0
0 0 0 0 0 0 2 4 0 0 0 0 0 14 11 15 0 0 0 0 0 0 0 0 0 0 0 0 0 8 0 0 15 0 15 9 0 0 0 18 0 0 0 0 6 0 0 0 0 0
0 0 0 0 0 0 0 0 0 0 0 0 0 8 17 0 0 0 0 0 0 0 17 0 0 6 0 16 0 15 0 0 4 0 0 0 11 0 9 14 4 0 0 0 0 0 0 15 0 0
17 0 0 12 0 11 0 0 16 0 0 14 8 0 0 0 0 0 0 18 0 0 0 0 0 10 5 16 0 0 0 12 14 0 0 0 0 0 4 0 0 0 0 0 0 0 0 0 0 0
18 0 0 0 0 0 4 0 0 10 18 11 17 0 0 1 0 18 0 0 0 0 0 0 0 0 0 0 0 0 9 0 0 11 0 0 0 17 0 0 0 0 0 0 0 0 0 6 13 0
6 0 1 9 0 2 0 0 0 0 8 15 0 0 1 0 0 10 0 0 0 12 0 14 0 0 19 0 0 19 0 0 0 0 1 0 0 0 14 14 0 0 0 0 0 9 0 0 0 0
0 0 0 0 0 0 0 0 0 6 0 0 0 0 0 0 0 4 0 0 8 15 0 3 15 0 0 0 0 5 12 0 0 0 0 0 17 10 0 0 0 2 0 0 0 0 0 0 3 8
0 0 0 0 11 0 0 0 0 0 19 0 0 0 18 10 4 0 0 0 8 14 0 0 0 0 6 0 0 0 0 0 0 17 0 0 0 0 0 2 12 15 6 0 0 17 0 0 0 0
0 0 0 12 0 0 11 0 0 11 0 0 0 0 0 0 0 0 0 0 16 0 0 0 0 0 0 0 0 0 0 8 0 1 0 0 0 11 0 6 0 0 8 0 0 0 0 0 12 10
0 0 0 0 0 0 0 5 15 0 0 0 0 18 0 0 0 0 0 0 0 13 10 0 0 0 0 14 0 0 0 0 7 0 10 0 0 0 0 0 0 0 3 8 0 11 0 0 0 0
2 12 0 0 0 7 0 5 15 6 0 0 0 0 0 0 8 8 16 0 0 0 0 0 0 0 9 0 0 0 0 0 0 17 0 0 0 11 0 0 0 0 0 0 0 0 0 0 0 0
0 0 9 0 9 15 17 19 0 0 8 0 0 0 0 12 15 14 0 13 0 0 16 0 1 0 0 18 6 0 6 0 0 11 0 10 0 0 0 1 0 0 0 0 0 0 0 0 17 15
0 0 6 0 15 0 17 9 0 0 14 0 17 0 0 0 0 0 0 10 0 16 0 0 5 0 2 0 0 6 9 0 0 0 0 12 0 0 0 0 8 13 0 0 0 10 0 0 0 0
0 0 0 0 5 0 0 0 0 6 0 0 0 0 0 14 3 0 0 0 0 0 0 0 0 0 0 0 0 17 0 17 0 0 0 0 0 0 0 0 0 0 0 0 0 0 1 0 0 0
0 0 17 15 16 0 0 0 0 17 0 0 0 0 0 0 15 0 0 0 0 1 5 0 0 0 0 2 2 0 0 13 0 0 0 17 0 7 0 0 0 0 0 0 0 0 0 15 0 0
0 9 0 0 0 0 0 0 0 0 0 0 6 10 0 0 0 0 0 0 0 0 0 0 0 0 0 0 12 14 6 0 0 0 8 0 0 0 0 0 0 13 0 0 0 0 11 3 0 12
0 0 0 0 0 5 0 0 0 0 14 0 0 5 0 19 0 6 0 0 9 0 2 0 0 0 0 9 15 0 0 0 0 7 0 18 5 0 12 13 0 5 2 7 0 0 0 0 13 0
4 0 0 0 15 0 0 1 3 0 0 0 16 16 0 0 0 0 0 14 0 18 0 0 2 0 9 0 18 5 0 0 0 4 0 0 0 0 0 5 7 8 15 0 0 6 0 8 0 0
0 4 0 0 0 0 0 0 0 0 4 0 0 0 0 0 0 0 0 0 0 6 0 0 2 12 15 18 0 0 0 0 0 0 0 0 15 0 0 0 5 7 0 0 0 7 0 0 0 19
0 0 0 0 15 9 0 0 0 0 15 8 15 0 0 19 5 0 0 0 0 0 6 17 0 14 0 5 0 0 11 0 0 0 4 0 0 0 5 0 0 0 0 18 0 18 5 8 11 0
9 0 16 0 1 0 0 0 16 13 0 0 0 0 9 0 12 0 0 0 0 6 9 0 0 6 0 0 0 11 0 0 2 0 0 0 15 0 0 0 0 0 11 0 0 0 0 0 0 0
0 0 0 0 17 0 0 0 0 0 0 0 0 12 0 0 0 0 8 0 0 0 0 17 13 0 0 0 0 0 0 0 11 8 0 6 9 0 0 0 14 0 0 3 0 0 0 0 0 14
0 0 15 0 11 12 14 0 0 10 0 15 4 14 0 0 0 0 0 7 0 0 0 0 0 0 0 0 0 0 2 11 0 2 0 0 10 3 0 0 0 0 0 0 4 0 0 0 0 0
0 0 0 13 15 4 0 18 0 0 0 0 0 0 11 0 0 17 1 0 17 11 0 0 0 0 7 4 0 0 0 8 2 0 0 7 0 0 11 0 0 7 10 0 0 14 0 0 0 0
0 0 12 0 0 5 0 0 19 0 0 15 0 0 0 1 0 0 0 10 0 0 0 0 0 8 0 0 0 4 0 0 0 0 0 10 0 0 0 0 0 0 0 7 0 0 0 7 0 16
11 0 0 0 0 0 0 0 10 0 0 9 0 0 0 0 0 0 0 0 0 10 12 0 17 0 18 0 0 0 0 6 0 7 10 0 0 0 0 0 1 1 18 0 0 9 0 0 2 0
0 0 0 18 0 0 4 0 11 0 4 0 11 0 0 0 17 0 0 0 0 0 0 0 0 0 5 0 15 0 15 9 10 0 0 0 0 0 0 0 1 0 12 0 12 0 0 0 0 7
0 0 19 0 0 8 0 0 0 0 0 0 0 0 17 0 10 0 11 0 11 0 0 0 7 0 0 0 0 0 0 0 3 0 0 0 0 0 0 0 0 0 0 11 17 0 0 2 0 0
0 0 0 15 2 12 0 19 0 7 0 0 9 4 0 14 0 0 0 0 0 0 0 0 0 0 12 0 0 5 0 0 0 11 0 0 0 0 0 0 0 0 0 0 0 0 0 0 14 0
11 0 15 0 0 0 0 0 0 0 0 18 14 0 0 14 0 2 6 0 0 1 0 0 0 0 13 5 0 0 0 0 0 0 0 0 0 0 0 0 0 0 15 0 0 0 18 0 13 7
0 0 0 10 0 0 10 0 9 0 0 0 4 0 0 0 0 12 0 0 0 0 8 0 0 0 0 7 5 0 0 14 0 0 0 1 1 0 0 0 0 0 0 0 0 0 0 0 0 0
12 0 0 9 2 0 0 0 8 0 0 0 0 0 0 0 2 15 0 0 0 0 13 0 0 13 5 8 7 0 0 0 0 7 0 1 0 0 0 0 0 0 0 0 0 0 0 0 14 1
19 10 0 8 15 0 0 0 0 0 0 0 0 0 0 0 0 6 8 3 0 0 0 0 0 0 2 15 0 0 11 0 0 10 0 18 12 0 0 15 0 0 0 7 0 0 0 0 0 0
0 0 0 0 2 2 0 0 15 0 0 0 0 0 0 0 0 0 0 8 0 0 0 0 0 0 7 0 0 18 0 3 0 0 7 0 0 11 0 0 0 0 7 0 0 12 12 19 0 0
0 5 0 10 0 3 0 0 4 0 0 6 0 0 0 0 0 0 0 0 0 0 0 0 0 0 0 0 0 0 0 0 4 0 0 0 12 17 0 0 0 0 0 0 0 0 0 0 0 19
0 0 8 0 0 0 0 0 11 0 0 0 0 0 0 9 0 17 0 11 0 0 10 0 0 0 0 6 7 18 0 0 0 14 0 9 0 0 0 0 0 0 0 12 0 0 1 0 8 0
10 0 0 0 0 0 0 0 8 0 9 0 0 0 0 0 0 0 0 0 0 0 0 1 0 11 0 0 0 5 0 0 0 0 0 0 0 0 0 18 0 0 0 12 0 1 0 4 0 0
0 0 0 0 12 0 0 9 0 2 0 0 15 0 6 0 0 0 0 0 0 0 0 0 15 3 0 8 0 8 0 0 0 0 7 0 0 2 0 0 0 0 0 19 0 0 4 0 5 0
1 0 16 1 0 11 8 16 0 9 0 0 0 0 13 0 3 0 12 0 0 17 0 0 0 0 13 0 0 11 0 0 0 0 0 2 0 0 14 13 0 14 0 0 0 8 0 5 0 1
0 10 0 0 0 0 0 0 0 13 0 0 0 0 0 0 8 0 10 0 0 15 0 0 0 12 0 0 19 0 0 14 0 0 16 0 7 0 0 7 0 1 0 0 19 0 0 0 1 0
