100
50
0 0 0 0 0 0 2 0 0 5 4 18 0 0 0 0 12 0 0 0 0 11 0 7 0 0 6 0 0 0 0 0 0 0 8 0 0 8 0 0 0 0 0 18 19 9 6 19 0 0
0 0 0 0 0 0 0 11 0 0 0 0 0 15 0 12 0 0 14 0 11 0 0 0 0 0 0 0 0 5 0 0 0 0 0 0 0 0 9 17 0 0 14 0 4 18 0 0 0 0
0 0 0 0 9 0 0 0 16 0 0 0 0 0 6 0 0 0 0 0 0 0 9 0 11 7 0 19 0 12 0 0 1 0 15 14 0 0 0 9 0 0 0 0 0 4 0 13 0 0
0 0 0 0 7 17 0 7 0 4 14 0 19 1 0 0 0 0 0 0 16 17 17 0 0 1 5 15 0 0 0 0 0 0 0 0 0 0 0 0 0 0 5 13 0 0 18 0 0 19
0 0 9 7 0 0 14 12 18 6 0 0 19 0 0 10 0 0 0 0 0 0 2 0 0 17 0 2 0 6 0 0 2 0 0 0 0 0 0 0 0 18 1 0 8 5 2 0 0 0
0 0 0 17 0 0 0 0 0 18 6 0 0 19 0 0 0 0 0 0 0 0 16 0 0 19 0 0 0 0 0 0 0 0 0 0 0 9 0 12 0 18 0 0 7 0 0 0 0 4
2 0 0 0 14 0 0 15 9 15 0 0 1 0 0 0 1 0 0 3 0 0 0 9 0 9 14 0 0 0 0 0 1 0 19 0 3 0 0 0 4 0 0 0 0 0 0 0 9 0
0 11 0 7 12 0 15 0 0 0 0 2 0 0 0 0 0 0 0 0 0 0 0 0 0 0 0 0 6 0 0 0 0 4 0 0 0 17 9 0 0 0 0 0 0 5 0 15 0 0
0 0 16 0 18 0 9 0 0 5 6 18 0 6 16 2 18 0 14 0 0 0 0 18 0 0 0 3 0 15 0 0 0 10 11 2 0 0 9 0 9 0 0 0 15 0 0 0 0 19
5 0 0 4 6 18 15 0 5 0 11 0 0 0 0 0 0 0 0 0 0 0 0 0 0 0 0 0 0 0 0 0 0 0 0 0 0 11 0 0 10 0 0 0 8 7 15 0 0 0
4 0 0 14 0 6 0 0 6 11 0 8 5 7 0 6 3 0 0 0 0 0 0 0 0 0 0 0 0 0 0 0 15 0 0 1 0 6 0 0 15 0 5 0 18 0 8 1 0 0
18 0 0 0 0 0 0 2 18 0 8 0 0 11 0 0 3 0 0 3 0 0 10 0 0 0 0 1 0 0 14 0 0 6 0 0 0 7 12 0 0 0 17 0 8 0 0 0 0 0
0 0 0 19 19 0 1 0 0 0 5 0 0 14 0 0 11 0 0 0 0 0 0 0 0 18 0 11 0 0 2 0 14 2 0 0 0 0 0 18 0 16 14 19 19 0 3 0 0 10
0 15 0 1 0 19 0 0 6 0 7 11 14 0 0 0 9 0 0 17 12 1 0 0 12 0 0 0 0 0 14 0 0 0 4 8 0 0 0 6 0 16 0 0 0 6 0 0 0 0
0 0 6 0 0 0 0 0 16 0 0 0 0 0 0 0 0 0 0 0 0 15 0 4 0 0 0 11 0 10 0 0 0 11 13 0 0 0 10 0 13 0 0 0 0 0 0 0 12 0
0 12 0 0 10 0 0 0 2 0 6 0 0 0 0 0 0 0 0 0 6 19 2 15 0 0 0 0 0 0 13 6 8 0 0 0 14 6 16 2 0 0 0 0 13 0 0 0 4 0
12 0 0 0 0 0 1 0 18 0 3 3 11 9 0 0 0 0 17 0 0 0 16 3 0 4 0 0 0 0 7 0 0 0 1 0 4 10 0 7 0 0 3 0 15 0 0 5 17 0
0 0 0 0 0 0 0 0 0 0 0 0 0 0 0 0 0 0 0 0 0 0 0 0 0 0 0 0 0 1 0 0 0 0 0 0 0 0 0 0 3 5 0 7 0 0 15 0 0 0
0 14 0 0 0 0 0 0 14 0 0 0 0 0 0 0 17 0 0 0 0 0 0 9 15 0 0 3 0 0 15 0 0 8 0 10 0 0 0 0 0 19 0 0 0 0 0 0 0 10
0 0 0 0 0 0 3 0 0 0 0 3 0 17 0 0 0 0 0 0 0 17 6 0 4 0 0 9 0 0 0 0 0 0 3 0 17 3 0 0 0 0 2 0 11 0 0 0 0 0
0 11 0 16 0 0 0 0 0 0 0 0 0 12 0 6 0 0 0 0 0 0 0 19 0 18 0 0 15 0 0 0 11 0 0 0 18 0 0 0 0 0 0 0 0 0 9 0 0 0
11 0 0 17 0 0 0 0 0 0 0 0 0 1 15 19 0 0 0 17 0 0 8 0 0 0 0 0 0 0 18 4 0 12 0 1 7 0 0 0 1 0 0 0 0 0 19 12 15 14
0 0 9 17 2 16 0 0 0 0 0 10 0 0 0 2 16 0 0 6 0 8 0 16 0 6 15 0 0 0 0 0 0 0 0 0 2 0 0 5 0 18 3 0 0 0 18 4 0 18
7 0 0 0 0 0 9 0 18 0 0 0 0 0 4 15 3 0 9 0 19 0 16 0 13 0 0 0 0 0 0 0 0 0 0 0 0 0 0 0 0 0 0 0 12 0 0 0 19 11
0 0 11 0 0 0 0 0 0 0 0 0 0 12 0 0 0 0 15 4 0 0 0 13 0 0 0 0 0 0 0 0 0 0 0 0 11 0 0 14 19 4 0 0 7 0 0 0 18 13
0 0 7 1 17 19 9 0 0 0 0 0 18 0 0 0 4 0 0 0 18 0 6 0 0 0 3 0 0 0 0 0 0 0 15 0 16 13 0 7 0 0 2 0 0 0 0 0 19 7
6 0 0 5 0 0 14 0 0 0 0 0 0 0 0 0 0 0 0 0 0 0 15 0 0 3 0 0 0 14 1 14 18 0 0 3 12 0 0 0 0 0 0 0 0 0 0 1 0 0
0 0 19 15 2 0 0 0 3 0 0 1 11 0 11 0 0 0 3 9 0 0 0 0 0 0 0 0 0 0 1 0 0 0 0 0 0 0 0 0 6 5 0 0 0 0 0 0 0 0
0 0 0 0 0 0 0 6 0 0 0 0 0 0 0 0 0 0 0 0 15 0 0 0 0 0 0 0 0 0 0 0 0 0 1 0 1 0 13 0 14 0 0 0 19 0 0 16 10 7
0 5 12 0 6 0 0 0 15 0 0 0 0 0 10 0 0 1 0 0 0 0 0 0 0 0 14 0 0 0 0 0 0 0 0 0 0 8 0 0 0 4 0 0 0 0 0 0 0 0
0 0 0 0 0 0 0 0 0 0 0 14 2 14 0 13 7 0 15 0 0 18 0 0 0 0 1 1 0 0 0 11 0 0 0 0 0 0 0 0 6 0 0 0 0 14 19 0 0 0
0 0 0 0 0 0 0 0 0 0 0 0 0 0 0 6 0 0 0 0 0 4 0 0 0 0 14 0 0 0 11 0 0 4 0 7 13 11 0 0 13 14 0 0 0 0 6 0 0 0
0 0 1 0 2 0 1 0 0 0 15 0 14 0 0 8 0 0 0 0 11 0 0 0 0 0 18 0 0 0 0 0 0 0 0 0 0 6 0 0 0 0 0 0 0 0 0 0 0 0
0 0 0 0 0 0 0 4 10 0 0 6 2 0 11 0 0 0 8 0 0 12 0 0 0 0 0 0 0 0 0 4 0 0 17 11 0 0 0 1 5 11 0 0 0 0 0 0 0 0
8 0 15 0 0 0 19 0 11 0 0 0 0 4 13 0 1 0 0 3 0 0 0 0 0 15 0 0 1 0 0 0 0 17 0 16 0 0 0 0 0 17 18 0 0 12 10 0 0 0
0 0 14 0 0 0 0 0 2 0 1 0 0 8 0 0 0 0 10 0 0 1 0 0 0 0 3 0 0 0 0 7 0 11 16 0 0 0 0 13 10 0 0 0 0 0 0 0 0 3
0 0 0 0 0 0 3 0 0 0 0 0 0 0 0 14 4 0 0 17 18 7 2 0 11 16 12 0 1 0 0 13 0 0 0 0 0 0 0 10 0 0 0 14 0 0 6 0 0 0
8 0 0 0 0 9 0 17 0 11 6 7 0 0 0 6 10 0 0 3 0 0 0 0 0 13 0 0 0 8 0 11 6 0 0 0 0 0 18 3 0 0 0 3 0 16 6 0 0 2
0 9 0 0 0 0 0 9 9 0 0 12 0 0 10 16 0 0 0 0 0 0 0 0 0 0 0 0 13 0 0 0 0 0 0 0 0 18 0 0 0 0 10 0 0 0 0 0 15 19
0 17 9 0 0 12 0 0 0 0 0 0 18 6 0 2 7 0 0 0 0 0 5 0 14 7 0 0 0 0 0 0 0 1 0 13 10 3 0 0 0 0 0 0 2 2 0 16 0 0
0 0 0 0 0 0 4 0 9 10 15 0 0 0 13 0 0 3 0 0 0 1 0 0 19 0 0 6 14 0 6 13 0 5 0 10 0 0 0 0 0 0 0 0 0 0 0 0 0 0
0 0 0 0 18 18 0 0 0 0 0 0 16 16 0 0 0 5 19 0 0 0 18 0 4 0 0 5 0 4 0 14 0 11 17 0 0 0 0 0 0 0 0 15 0 0 0 18 10 0
0 14 0 5 1 0 0 0 0 0 5 17 14 0 0 0 3 0 0 2 0 0 3 0 0 2 0 0 0 0 0 0 0 0 18 0 0 0 10 0 0 0 0 0 0 14 0 0 0 0
18 0 0 13 0 0 0 0 0 0 0 0 19 0 0 0 0 7 0 0 0 0 0 0 0 0 0 0 0 0 0 0 0 0 0 0 14 3 0 0 0 15 0 0 0 0 0 0 0 0
19 4 0 0 8 7 0 0 15 8 18 8 19 0 0 13 15 0 0 11 0 0 0 12 7 0 0 0 19 0 0 0 0 0 0 0 0 0 0 2 0 0 0 0 0 0 0 0 17 0
9 18 4 0 5 0 0 5 0 7 0 0 0 6 0 0 0 0 0 0 0 0 0 0 0 0 0 0 0 0 14 0 0 0 12 0 0 16 0 2 0 0 14 0 0 0 0 10 11 0
6 0 0 18 2 0 0 0 0 15 8 0 3 0 0 0 0 15 0 0 9 19 18 0 0 0 0 0 0 0 19 6 0 0 10 0 6 6 0 0 0 0 0 0 0 0 0 17 0 0
19 0 13 0 0 0 0 15 0 0 1 0 0 0 0 0 5 0 0 0 0 12 4 0 0 0 1 0 16 0 0 0 0 0 0 0 0 0 0 16 0 18 0 0 0 10 17 0 10 0
0 0 0 0 0 0 9 0 0 0 0 0 0 0 12 4 17 0 0 0 0 15 0 19 18 19 0 0 10 0 0 0 0 0 0 0 0 0 15 0 0 10 0 0 17 11 0 10 0 19
0 0 0 19 0 4 0 0 19 0 0 0 10 0 0 0 0 0 10 0 0 14 18 11 13 7 0 0 7 0 0 0 0 0 0 3 0 2 19 0 0 0 0 0 0 0 0 0 19 0
