75
75
0 0 5 0 0 0 0 0 0 0 16 12 0 0 16 0 0 0 18 0 0 0 0 0 4 13 10 0 0 0 15 0 0 0 0 0 0 0 0 0 13 0 8 0 9 0 4 3 0 0 0 0 0 12 0 0 0 0 0 0 16 0 0 0 0 0 3 4 0 0 14 0 7 0 0
0 0 0 0 0 0 0 18 5 0 0 0 0 15 5 0 0 0 0 0 0 19 0 0 0 0 0 0 0 0 11 0 14 1 1 0 0 0 0 0 0 16 0 3 0 0 0 11 0 0 13 6 0 5 0 19 0 8 0 0 0 10 0 0 0 0 0 5 0 0 0 8 0 0 0
5 0 0 8 0 0 0 0 0 17 0 0 0 0 3 10 0 6 0 1 7 8 0 0 0 0 0 0 0 0 0 0 15 6 0 0 5 9 0 0 17 0 0 0 13 0 0 0 0 0 0 0 0 12 14 0 0 0 14 0 0 0 0 0 0 0 0 0 0 0 0 16 9 7 0
0 0 8 0 0 7 0 8 18 0 19 0 0 0 0 0 0 17 3 10 0 7 0 0 0 0 0 10 0 0 0 0 0 0 0 0 0 0 18 0 0 0 0 13 5 0 0 0 15 0 0 13 0 0 0 0 0 0 0 0 15 0 0 0 0 0 16 7 17 0 9 0 0 3 8
0 0 0 0 0 0 0 0 0 10 0 0 0 0 0 0 10 0 16 0 0 0 0 0 0 7 8 0 0 0 0 16 0 0 5 0 0 0 0 0 0 1 0 11 17 0 0 0 0 7 0 0 1 0 0 18 0 0 10 0 0 0 0 0 0 9 17 0 0 17 14 7 4 5 19
0 0 0 7 0 0 0 0 14 0 0 4 0 0 0 6 0 0 0 0 0 0 0 4 0 0 0 0 6 14 0 0 19 0 10 11 0 0 0 0 0 6 0 0 9 0 0 0 0 0 0 2 0 0 6 19 0 0 0 2 9 0 19 0 0 11 0 0 15 0 0 0 2 0 0
0 0 0 0 0 0 0 0 0 0 0 0 0 0 11 0 4 19 0 0 0 0 0 0 0 19 0 0 0 11 0 0 16 0 0 0 0 0 0 0 17 12 6 0 0 0 6 2 11 11 0 0 9 0 13 14 19 17 0 0 0 16 6 0 0 14 0 0 9 1 1 0 0 5 0
0 18 0 8 0 0 0 0 9 2 0 0 0 4 0 0 0 0 0 12 0 8 0 0 14 7 8 0 0 0 0 0 0 0 0 12 19 7 12 3 11 0 6 8 12 0 0 0 0 0 0 17 0 0 0 0 0 0 0 0 0 0 0 0 0 0 0 0 0 0 0 0 0 0 0
0 5 0 18 0 14 0 9 0 0 0 0 9 11 13 0 0 0 0 0 0 13 0 14 0 0 10 17 0 0 0 0 0 0 0 0 11 0 0 13 0 3 6 0 0 0 0 0 14 0 0 0 0 0 0 0 0 13 0 1 0 0 0 0 0 19 6 0 0 0 0 0 12 2 0
0 0 17 0 10 0 0 2 0 0 0 0 0 0 0 0 0 0 0 0 0 0 0 0 0 0 17 15 0 0 0 0 18 0 0 11 17 0 17 0 0 0 0 16 0 0 0 0 0 0 0 0 0 0 0 3 0 0 19 2 0 17 0 0 3 10 0 0 0 0 0 0 0 0 16
16 0 0 19 0 0 0 0 0 0 0 0 0 0 0 0 0 0 0 0 0 0 9 0 0 0 0 0 0 0 0 0 17 14 0 0 0 11 11 0 16 12 0 0 0 0 3 8 0 0 15 0 18 0 0 0 0 0 12 0 0 0 0 0 0 0 0 0 16 8 0 0 0 9 2
12 0 0 0 0 4 0 0 0 0 0 0 12 0 0 0 0 0 0 0 0 0 0 16 0 0 0 5 16 0 15 0 0 12 17 0 0 0 0 0 17 12 0 12 0 19 0 0 0 0 0 16 0 0 7 0 0 0 0 5 0 14 0 0 2 0 0 0 0 17 0 17 18 0 18
0 0 0 0 0 0 0 0 9 0 0 12 0 0 17 7 0 3 0 0 10 0 0 0 15 10 0 0 0 0 0 0 0 0 0 10 0 0 0 0 0 0 15 0 0 0 6 9 0 2 1 0 0 0 0 0 0 0 0 0 0 0 0 0 0 0 0 0 0 0 0 8 0 0 5
0 15 0 0 0 0 0 4 11 0 0 0 0 0 1 0 0 0 0 18 0 0 0 0 0 0 0 4 8 0 0 0 0 18 0 0 8 0 0 12 0 0 0 0 16 0 0 9 0 0 16 1 11 3 0 0 1 13 0 0 0 0 18 0 0 0 0 0 0 0 0 2 0 6 0
16 5 3 0 0 0 11 0 13 0 0 0 17 1 0 0 0 0 14 0 0 1 19 0 0 0 10 0 7 0 6 16 0 0 0 0 0 0 0 0 5 19 12 19 0 0 0 0 0 0 0 0 3 0 0 0 7 0 0 0 0 0 0 0 16 0 0 0 0 0 0 0 0 0 0
0 0 10 0 0 6 0 0 0 0 0 0 7 0 0 0 0 0 0 0 0 0 0 0 0 0 0 0 0 0 0 0 0 16 0 13 0 19 16 17 0 0 0 0 4 9 12 0 0 0 16 6 0 0 0 0 14 0 0 0 5 10 4 0 0 0 0 0 0 0 0 0 0 0 0
0 0 0 0 10 0 4 0 0 0 0 0 0 0 0 0 0 0 19 0 0 1 7 2 0 9 0 0 0 0 3 0 0 14 0 0 10 0 17 0 0 7 0 0 0 0 0 0 0 8 9 0 11 0 0 13 0 6 0 0 0 0 0 0 0 0 0 0 0 0 5 0 0 9 7
0 0 6 17 0 0 19 0 0 0 0 0 3 0 0 0 0 0 0 0 12 0 7 0 0 0 11 0 0 0 0 17 0 6 9 0 0 7 18 0 0 0 0 0 0 0 0 0 3 11 0 0 0 0 15 0 0 7 0 1 0 0 0 0 0 0 12 0 0 2 0 0 0 19 0
18 0 0 3 16 0 0 0 0 0 0 0 0 0 14 0 19 0 0 8 0 0 5 0 0 0 18 0 0 5 5 0 0 0 0 19 0 0 0 0 0 0 0 0 0 0 11 6 0 0 0 0 0 0 0 2 12 0 0 5 0 16 0 0 0 0 0 13 0 0 0 0 0 8 0
0 0 1 10 0 0 0 12 0 0 0 0 0 18 0 0 0 0 8 0 0 7 0 0 0 0 9 0 0 0 0 0 0 0 15 0 0 17 0 0 0 0 0 0 0 0 0 2 0 0 0 0 12 18 10 0 2 0 15 0 0 0 9 0 0 0 0 0 18 0 5 0 0 0 0
0 0 7 0 0 0 0 0 0 0 0 0 10 0 0 0 0 12 0 0 0 0 3 0 0 0 0 10 12 2 0 3 0 17 0 0 11 0 12 0 0 0 0 13 0 0 0 5 11 0 0 0 0 0 2 0 19 0 0 0 0 0 0 0 14 14 0 0 8 0 0 0 0 0 3
0 19 8 7 0 0 0 8 13 0 0 0 0 0 1 0 1 0 0 7 0 0 0 0 0 15 0 0 0 0 15 11 0 0 15 0 0 0 0 0 0 12 2 0 8 0 2 0 0 18 0 16 1 0 0 0 0 0 0 8 0 0 0 0 0 0 0 0 0 6 0 0 0 0 0
0 0 0 0 0 0 0 0 0 0 9 0 0 0 19 0 7 7 5 0 3 0 0 19 0 0 18 0 0 0 0 14 0 0 0 0 0 14 0 0 17 0 0 12 0 0 0 0 0 0 0 0 19 9 12 0 0 11 18 0 0 0 0 14 0 0 0 0 0 0 12 0 1 0 10
0 0 0 0 0 4 0 0 14 0 0 16 0 0 0 0 2 0 0 0 0 0 19 0 0 0 0 0 0 0 0 0 0 7 0 0 0 0 0 0 15 15 0 0 0 0 0 2 6 0 18 1 0 0 0 0 0 3 0 0 0 0 0 2 0 6 0 8 12 0 0 0 0 0 2
4 0 0 0 0 0 0 14 0 0 0 0 15 0 0 0 0 0 0 0 0 0 0 0 0 0 0 0 19 0 0 0 13 8 0 0 0 0 0 15 0 0 0 0 0 0 7 0 0 0 0 0 0 0 0 5 8 0 0 18 0 8 0 0 11 13 0 0 0 0 0 0 10 0 9
13 0 0 0 7 0 19 7 0 0 0 0 10 0 0 0 9 0 0 0 0 15 0 0 0 0 0 0 7 0 11 0 0 0 0 0 2 0 0 0 5 4 0 18 4 0 0 0 0 0 0 0 0 0 0 0 4 7 0 0 8 0 16 0 0 0 18 0 0 0 0 0 15 0 18
10 0 0 0 8 0 0 8 10 17 0 0 0 0 10 0 0 11 18 9 0 0 18 0 0 0 0 0 0 0 17 0 0 0 18 0 17 16 19 18 0 0 0 14 0 0 0 0 0 11 0 6 10 0 0 0 0 8 17 0 0 2 10 0 0 0 0 15 14 0 4 14 4 15 2
0 0 0 10 0 0 0 0 17 15 0 5 0 4 0 0 0 0 0 0 10 0 0 0 0 0 0 0 0 0 0 0 0 9 0 0 10 0 16 18 0 17 0 3 5 8 0 0 0 11 13 0 14 0 0 0 0 0 0 0 3 0 0 17 0 0 0 0 18 0 0 0 0 0 19
0 0 0 0 0 6 0 0 0 0 0 16 0 8 7 0 0 0 0 0 12 0 0 0 19 7 0 0 0 0 0 0 0 0 0 0 16 0 0 13 0 0 0 6 0 3 0 0 0 12 0 0 0 0 8 5 4 0 0 3 0 0 0 0 0 0 5 0 0 0 0 0 0 0 0
0 0 0 0 0 14 11 0 0 0 0 0 0 0 0 0 0 0 5 0 2 0 0 0 0 0 0 0 0 0 18 16 19 6 0 0 0 0 0 0 12 0 0 4 0 0 0 14 7 19 0 0 17 17 0 0 0 0 0 6 0 0 0 17 0 0 0 0 11 12 0 0 0 0 18
15 11 0 0 0 0 0 0 0 0 0 15 0 0 6 0 3 0 5 0 0 15 0 0 0 11 17 0 0 18 0 12 0 0 0 5 12 0 0 0 0 16 5 13 14 15 0 0 15 0 19 0 6 8 10 19 0 8 0 0 0 9 8 8 0 6 0 0 0 12 0 0 0 17 0
0 0 0 0 16 0 0 0 0 0 0 0 0 0 16 0 0 17 0 0 3 11 14 0 0 0 0 0 0 16 12 0 0 5 0 0 0 0 15 0 7 0 12 0 0 0 1 0 6 9 0 0 0 0 8 0 0 0 0 17 16 0 0 0 0 0 0 0 4 0 0 0 0 13 0
0 14 15 0 0 19 16 0 0 18 17 0 0 0 0 0 0 0 0 0 0 0 0 0 13 0 0 0 0 19 0 0 0 11 18 0 0 16 0 2 1 10 14 0 0 0 18 0 17 0 0 6 0 7 10 0 0 0 0 0 0 0 0 0 0 13 0 0 0 17 0 0 0 0 0
0 1 6 0 0 0 0 0 0 0 14 12 0 18 0 16 14 6 0 0 17 0 0 7 8 0 0 9 0 6 0 5 11 0 0 4 0 18 0 0 0 0 0 13 1 0 0 0 0 0 0 0 0 10 0 0 10 0 0 0 0 0 0 0 0 0 0 0 0 0 0 3 19 0 0
0 1 0 0 5 10 0 0 0 0 0 17 0 0 0 0 0 9 0 15 0 15 0 0 0 0 18 0 0 0 0 0 18 0 0 0 0 0 0 0 1 0 0 0 0 4 0 0 0 0 0 0 0 0 0 0 0 11 13 0 0 0 0 0 0 0 0 0 0 0 7 12 15 0 0
0 0 0 0 0 11 0 12 0 11 0 0 10 0 0 13 0 0 19 0 0 0 0 0 0 0 0 0 0 0 5 0 0 4 0 0 0 0 0 13 0 0 0 0 0 0 0 0 8 0 0 0 0 0 0 0 4 9 0 0 0 0 0 1 7 0 0 12 5 0 0 0 15 0 2
0 0 5 0 0 0 0 19 11 17 0 0 0 8 0 0 10 0 0 0 11 0 0 0 0 2 17 10 16 0 12 0 0 0 0 0 0 0 0 0 0 0 2 0 0 0 0 0 13 3 0 7 19 16 8 0 0 6 3 0 0 0 0 0 0 0 0 7 0 0 0 3 8 0 0
0 0 9 0 0 0 0 7 0 0 11 0 0 0 0 19 0 7 0 17 0 0 14 0 0 0 16 0 0 0 0 0 16 18 0 0 0 0 0 0 3 0 0 10 0 0 0 0 0 0 0 0 4 0 6 0 13 0 0 0 4 0 0 16 0 0 0 0 0 0 0 1 9 0 15
0 0 0 18 0 0 0 12 0 17 11 0 0 0 0 16 17 18 0 0 12 0 0 0 0 0 19 16 0 0 0 15 0 0 0 0 0 0 0 0 0 1 0 0 11 0 0 0 0 0 0 8 13 0 0 0 0 0 0 0 18 0 0 6 0 0 16 0 17 18 0 3 0 0 16
0 0 0 0 0 0 0 3 13 0 0 0 0 12 0 17 0 0 0 0 0 0 0 0 15 0 18 18 13 0 0 0 2 0 0 13 0 0 0 0 0 10 0 0 10 6 0 0 7 0 19 0 0 0 8 11 5 6 0 0 1 1 0 0 0 0 0 0 14 0 0 0 0 0 6
13 0 17 0 0 0 17 11 0 0 16 17 0 0 5 0 0 0 0 0 0 0 17 15 0 5 0 0 0 12 0 7 1 0 1 0 0 3 0 0 0 11 19 0 0 0 0 16 15 2 0 0 11 1 0 0 17 0 0 0 0 0 17 0 0 1 13 0 0 0 2 6 0 0 0
0 16 0 0 1 6 12 0 3 0 12 12 0 0 19 0 7 0 0 0 0 12 0 15 0 4 0 17 0 0 16 0 10 0 0 0 0 0 1 10 11 0 15 0 9 0 0 0 9 12 0 0 0 0 13 5 0 6 0 11 8 17 0 0 0 13 16 10 0 16 0 0 0 14 11
8 0 0 0 0 0 6 6 6 0 0 0 15 0 12 0 0 0 0 0 0 2 0 0 0 0 0 0 0 0 5 12 14 0 0 0 2 0 0 0 19 15 0 0 0 2 19 0 0 19 0 0 0 0 0 0 0 0 0 0 0 0 0 0 0 0 0 16 0 0 0 0 16 0 3
0 3 0 13 11 0 0 8 0 16 0 12 0 0 19 0 0 0 0 0 13 0 12 0 0 18 14 3 6 4 13 0 0 13 0 0 0 10 0 0 0 0 0 0 7 0 2 0 0 0 0 19 0 0 0 0 0 11 14 0 0 0 0 0 0 0 14 0 0 0 0 0 0 0 0
9 0 13 5 17 9 0 12 0 0 0 0 0 16 0 4 0 0 0 0 0 8 0 0 0 4 0 5 0 0 14 0 0 1 0 0 0 0 11 10 0 9 0 7 0 0 16 0 0 0 0 0 0 0 0 0 9 0 0 0 0 19 0 0 7 5 5 0 9 0 0 3 0 0 0
0 0 0 0 0 0 0 0 0 0 0 19 0 0 0 9 0 0 0 0 0 0 0 0 0 0 0 8 3 0 15 0 0 0 4 0 0 0 0 6 0 0 2 0 0 0 0 0 8 0 0 0 0 0 5 0 7 0 0 0 0 0 0 15 0 0 0 0 0 0 0 0 0 18 0
4 0 0 0 0 0 6 0 0 0 3 0 6 0 0 12 0 0 11 0 0 2 0 0 7 0 0 0 0 0 0 1 18 0 0 0 0 0 0 0 0 0 19 2 16 0 0 0 0 0 0 14 17 0 0 0 8 0 0 0 0 13 0 0 4 0 0 0 0 0 0 13 6 0 0
3 11 0 0 0 0 2 0 0 0 8 0 9 9 0 0 0 0 6 2 5 0 0 2 0 0 0 0 0 14 0 0 0 0 0 0 0 0 0 0 16 0 0 0 0 0 0 0 0 0 0 0 0 0 0 0 0 18 0 0 8 0 4 0 11 0 0 19 19 14 0 9 0 0 0
0 0 0 15 0 0 11 0 14 0 0 0 0 0 0 0 0 3 0 0 11 0 0 6 0 0 0 0 0 7 15 6 17 0 0 8 13 0 0 7 15 9 0 0 0 8 0 0 0 0 0 0 0 0 0 0 0 17 0 0 6 2 10 14 17 0 0 0 0 0 0 0 0 0 0
0 0 0 0 7 0 11 0 0 0 0 0 2 0 0 0 8 11 0 0 0 18 0 0 0 0 11 11 12 19 0 9 0 0 0 0 3 0 0 0 2 12 19 0 0 0 0 0 0 0 0 0 0 14 0 0 0 0 0 0 0 5 0 0 0 18 15 0 0 9 0 0 0 0 0
0 13 0 0 0 0 0 0 0 0 15 0 1 16 0 16 9 0 0 0 0 0 0 18 0 0 0 13 0 0 19 0 0 0 0 0 0 0 0 19 0 0 0 0 0 0 0 0 0 0 0 0 0 0 0 0 0 17 0 19 0 0 11 0 0 8 0 0 0 18 0 0 0 0 11
0 6 0 13 0 2 0 17 0 0 0 16 0 1 0 6 0 0 0 0 0 16 0 1 0 0 6 0 0 0 0 0 6 0 0 0 7 0 8 0 0 0 0 19 0 0 14 0 0 0 0 0 10 1 0 0 0 4 0 3 0 0 19 0 16 0 0 0 19 0 0 0 0 0 0
0 0 0 0 1 0 9 0 0 0 18 0 0 11 3 0 11 0 0 12 0 1 19 0 0 0 10 14 0 17 6 0 0 0 0 0 19 4 13 0 11 0 0 0 0 0 17 0 0 0 0 10 0 0 15 9 4 0 0 0 0 0 0 0 0 11 11 12 4 0 0 0 10 0 0
12 5 12 0 0 0 0 0 0 0 0 0 0 3 0 0 0 0 0 18 0 0 9 0 0 0 0 0 0 17 8 0 7 10 0 0 16 0 0 0 1 0 0 0 0 0 0 0 0 14 0 1 0 0 0 0 0 9 0 0 0 5 0 0 0 11 0 0 0 17 9 0 0 0 0
0 0 14 0 0 6 13 0 0 0 0 7 0 0 0 0 0 15 0 10 2 0 12 0 0 0 0 0 8 0 10 8 10 0 0 0 8 6 0 8 0 13 0 0 0 5 0 0 0 0 0 0 15 0 0 0 0 8 0 0 0 0 0 13 4 0 9 0 0 0 18 12 0 15 0
0 19 0 0 18 19 14 0 0 3 0 0 0 0 0 0 13 0 2 0 0 0 0 0 5 0 0 0 5 0 19 0 0 0 0 0 0 0 0 11 0 5 0 0 0 0 0 0 0 0 0 0 9 0 0 0 0 0 10 0 0 0 0 0 0 0 17 0 8 0 10 0 0 0 6
0 0 0 0 0 0 19 0 0 0 0 0 0 1 7 14 0 0 12 2 19 0 0 0 8 4 0 0 4 0 0 0 0 10 0 4 0 13 0 5 17 0 0 0 9 7 8 0 0 0 0 0 4 0 0 0 0 10 0 0 0 0 17 0 16 0 0 0 0 17 0 13 0 0 0
0 8 0 0 0 0 17 0 13 0 0 0 0 13 0 0 6 7 0 0 0 0 11 3 0 7 8 0 0 0 8 0 0 0 11 9 6 0 0 6 0 6 0 11 0 0 0 18 17 0 17 4 0 9 8 0 10 0 2 0 16 16 14 6 5 7 16 11 0 0 0 0 7 9 0
0 0 14 0 10 0 0 0 0 19 12 0 0 0 0 0 0 0 0 15 0 0 18 0 0 0 17 0 0 0 0 0 0 0 13 0 3 0 0 0 0 0 0 14 0 0 0 0 0 0 0 0 0 0 0 10 0 2 0 0 0 0 0 5 0 0 0 0 0 0 0 0 0 3 19
0 0 0 0 0 2 0 0 1 2 0 5 0 0 0 0 0 1 5 0 0 8 0 0 18 0 0 0 3 6 0 17 0 0 0 0 0 0 0 0 0 11 0 0 0 0 0 0 0 0 19 3 0 0 0 0 0 0 0 0 0 0 0 0 0 0 0 5 0 16 0 1 0 0 0
16 0 0 15 0 9 0 0 0 0 0 0 0 0 0 5 0 0 0 0 0 0 0 0 0 8 0 3 0 0 0 16 0 0 0 0 0 4 18 1 0 8 0 0 0 0 0 8 6 0 0 0 0 0 0 0 0 16 0 0 0 0 0 0 0 0 0 13 0 0 0 1 0 0 1
0 10 0 0 0 0 16 0 0 17 0 14 0 0 0 10 0 0 16 0 0 0 0 0 8 0 2 0 0 0 9 0 0 0 0 0 0 0 0 1 0 17 0 0 19 0 13 0 2 5 0 0 0 5 0 0 0 16 0 0 0 0 17 0 0 0 0 2 0 0 0 0 0 0 0
0 0 0 0 0 19 6 0 0 0 0 0 0 18 0 4 0 0 0 9 0 0 0 0 0 16 10 0 0 0 8 0 0 0 0 0 0 0 0 0 17 0 0 0 0 0 0 4 10 0 11 19 0 0 0 0 17 14 0 0 0 17 0 0 10 0 0 1 13 0 0 0 7 0 0
0 0 0 0 0 0 0 0 0 0 0 0 0 0 0 0 0 0 0 0 0 0 14 2 0 0 0 17 0 17 8 0 0 0 0 1 0 16 6 0 0 0 0 0 0 15 0 0 14 0 0 0 0 0 13 0 0 6 5 0 0 0 0 0 9 0 0 0 0 0 0 10 0 0 0
0 0 0 0 0 0 0 0 0 3 0 2 0 0 16 0 0 0 0 0 14 0 0 0 11 0 0 0 0 0 0 0 0 0 0 7 0 0 0 0 0 0 0 0 7 0 4 11 17 0 0 16 0 0 4 0 16 5 0 0 0 0 10 9 0 1 0 0 12 0 12 0 6 0 0
0 0 0 0 9 11 14 0 19 10 0 0 0 0 0 0 0 0 0 0 14 0 0 6 13 0 0 0 0 0 6 0 13 0 0 0 0 0 0 0 1 13 0 0 5 0 0 0 0 18 8 0 11 11 0 0 0 7 0 0 0 0 0 0 1 0 0 0 0 0 0 0 0 0 0
3 0 0 16 17 0 0 0 6 0 0 0 0 0 0 0 0 12 0 0 0 0 0 0 0 18 0 0 5 0 0 0 0 0 0 0 0 0 16 0 13 16 0 14 5 0 0 0 0 15 0 0 11 0 9 17 0 16 0 0 0 0 0 0 0 0 0 0 0 0 0 0 0 13 0
4 5 0 7 0 0 0 0 0 0 0 0 0 0 0 0 0 0 13 0 0 0 0 8 0 0 15 0 0 0 0 0 0 0 0 12 7 0 0 0 0 10 16 0 0 0 0 19 0 0 0 0 12 0 0 0 0 11 0 5 13 2 1 0 0 0 0 0 18 0 8 0 0 0 0
0 0 0 17 0 15 9 0 0 0 16 0 0 0 0 0 0 0 0 18 8 0 0 12 0 0 14 18 0 11 0 4 0 0 0 5 0 0 17 14 0 0 0 0 9 0 0 19 0 0 0 19 4 0 0 8 0 0 0 0 0 0 13 0 12 0 0 18 0 0 9 0 16 0 4
0 0 0 0 17 0 1 0 0 0 8 17 0 0 0 0 0 2 0 0 0 6 0 0 0 0 0 0 0 12 12 0 17 0 0 0 0 0 18 0 0 16 0 0 0 0 0 14 0 9 18 0 0 17 0 0 17 0 0 16 0 0 0 0 0 0 0 0 0 0 9 0 0 14 11
14 0 0 9 14 0 1 0 0 0 0 0 0 0 0 0 5 0 0 5 0 0 12 0 0 0 4 0 0 0 0 0 0 0 7 0 0 0 0 0 2 0 0 0 0 0 0 0 0 0 0 0 0 9 18 10 0 0 0 0 0 0 0 0 12 0 0 8 9 9 0 15 18 0 0
0 8 16 0 7 0 0 0 0 0 0 17 8 2 0 0 0 0 0 0 0 0 0 0 0 0 14 0 0 0 0 0 0 3 12 0 3 1 3 0 6 0 0 0 3 0 13 9 0 0 0 0 0 0 12 0 13 0 0 1 1 0 0 10 0 0 0 0 0 0 15 0 0 0 1
7 0 9 0 4 2 0 0 12 0 0 18 0 0 0 0 0 0 0 0 0 0 1 0 10 15 4 0 0 0 0 0 0 19 15 15 8 9 0 0 0 0 16 0 0 0 6 0 0 0 0 0 10 0 0 0 0 7 0 0 0 0 7 0 6 0 0 0 16 0 18 0 0 0 0
0 0 7 3 5 0 5 0 2 0 9 0 0 6 0 0 9 19 8 0 0 0 0 0 0 0 15 0 0 0 17 13 0 0 0 0 0 0 0 0 0 14 0 0 0 18 0 0 0 0 0 0 0 0 15 0 0 9 3 0 0 0 0 0 0 0 13 0 0 14 0 0 0 0 1
0 0 0 8 19 0 0 0 0 16 2 18 5 0 0 0 7 0 0 0 3 0 10 2 9 18 2 19 0 18 0 0 0 0 0 2 0 15 16 6 0 11 3 0 0 0 0 0 0 0 11 0 0 0 0 6 0 0 19 0 1 0 0 0 0 0 0 0 4 11 0 1 0 1 0
