100
50
0 17 0 0 0 0 17 0 11 0 0 0 0 0 19 19 0 0 0 0 0 0 1 0 0 0 0 0 10 0 0 0 9 0 0 14 2 15 0 10 0 0 0 18 0 0 0 0 0 16
17 0 13 0 0 0 0 0 10 0 0 0 0 14 0 0 0 0 0 0 0 0 0 18 0 0 0 0 0 0 0 1 0 0 0 13 10 0 18 0 18 10 16 15 0 0 0 0 0 0
0 13 0 0 0 0 6 0 6 0 0 0 6 4 14 0 3 12 0 4 11 0 17 0 0 0 0 0 0 0 0 0 0 0 18 0 0 0 0 0 0 0 0 0 0 0 0 0 0 0
0 0 0 0 11 0 0 0 10 0 0 0 0 7 0 0 4 10 0 0 0 0 0 13 0 0 0 0 11 10 0 0 5 0 0 0 1 0 3 13 6 16 0 0 0 0 0 0 9 0
0 0 0 11 0 0 0 1 0 0 0 0 0 0 8 11 0 10 0 14 12 17 0 0 0 0 0 13 13 12 19 0 16 0 0 0 0 0 0 0 0 5 0 0 0 0 0 0 0 0
0 0 0 0 0 0 0 0 0 17 0 0 0 0 0 0 0 13 0 0 0 6 0 0 2 0 0 0 0 9 0 0 0 0 0 12 13 1 14 0 0 0 0 0 0 0 0 14 1 0
17 0 6 0 0 0 0 0 0 0 15 2 18 0 0 0 8 0 0 0 8 13 0 0 0 0 0 0 0 0 0 0 0 0 17 0 0 0 0 0 2 0 0 0 0 14 0 0 10 0
0 0 0 0 1 0 0 0 0 4 9 0 7 0 0 0 18 0 0 15 16 0 0 0 0 14 0 3 0 0 0 0 10 0 0 16 10 0 0 19 0 15 0 17 0 0 0 0 18 0
11 10 6 10 0 0 0 0 0 0 0 2 4 0 17 0 0 0 0 3 19 0 0 0 0 0 0 0 16 0 0 9 0 0 0 19 4 0 0 0 0 0 10 10 0 0 0 0 13 15
0 0 0 0 0 17 0 4 0 0 0 0 0 19 0 10 0 0 0 10 0 13 4 14 0 0 0 0 0 0 2 0 11 0 13 0 0 0 11 0 0 0 0 5 0 0 0 0 0 19
0 0 0 0 0 0 15 9 0 0 0 0 3 0 0 0 0 0 0 0 0 0 0 0 0 10 4 15 0 0 0 0 0 0 0 1 0 0 0 16 1 0 9 0 0 0 13 0 9 18
0 0 0 0 0 0 2 0 2 0 0 0 0 0 0 0 0 0 0 0 0 0 13 0 0 4 0 10 0 0 0 0 0 0 0 0 18 0 0 6 0 2 0 0 0 6 0 8 0 0
0 0 6 0 0 0 18 7 4 0 3 0 0 2 0 0 5 0 0 0 0 2 9 0 0 0 0 18 6 0 15 0 0 0 0 0 0 0 5 0 0 13 0 0 1 0 0 1 14 0
0 14 4 7 0 0 0 0 0 19 0 0 2 0 0 3 0 0 0 4 18 7 5 0 0 0 0 14 0 17 0 0 0 0 9 0 4 1 0 0 17 15 0 4 3 0 0 0 0 1
19 0 14 0 8 0 0 0 17 0 0 0 0 0 0 0 0 0 0 0 0 0 9 18 0 1 1 0 0 0 7 0 0 8 11 0 4 0 0 0 0 14 0 13 0 0 8 0 0 0
19 0 0 0 11 0 0 0 0 10 0 0 0 3 0 0 0 0 0 0 0 0 0 14 0 0 0 4 0 0 0 0 0 5 0 0 0 0 0 0 17 0 6 0 5 0 0 0 0 0
0 0 3 4 0 0 8 18 0 0 0 0 5 0 0 0 0 9 0 0 2 0 0 0 7 0 7 17 2 0 0 0 14 10 0 19 0 0 0 16 0 0 9 8 0 0 0 0 0 0
0 0 12 10 10 13 0 0 0 0 0 0 0 0 0 0 9 0 0 0 0 12 0 16 2 0 0 17 0 0 6 12 0 6 0 0 0 15 0 0 18 0 10 0 3 0 0 0 0 0
0 0 0 0 0 0 0 0 0 0 0 0 0 0 0 0 0 0 0 19 2 0 0 0 0 17 0 0 0 0 0 0 0 0 8 0 0 0 19 0 0 0 0 0 0 0 0 0 0 0
0 0 4 0 14 0 0 15 3 10 0 0 0 4 0 0 0 0 19 0 0 0 0 11 13 0 0 12 2 0 0 11 0 1 0 0 0 0 6 0 7 0 0 0 2 0 0 0 4 0
0 0 11 0 12 0 8 16 19 0 0 0 0 18 0 0 2 0 2 0 0 19 0 0 16 0 0 1 0 0 0 0 0 0 0 0 8 3 0 4 0 0 6 0 12 0 0 0 0 18
0 0 0 0 17 6 13 0 0 13 0 0 2 7 0 0 0 12 0 0 19 0 0 3 0 14 0 0 14 0 1 0 0 0 0 0 13 0 0 0 0 0 0 0 1 8 6 0 19 0
1 0 17 0 0 0 0 0 0 4 0 13 9 5 9 0 0 0 0 0 0 0 0 0 0 0 13 0 6 6 0 0 0 0 0 0 0 0 0 0 6 0 0 0 0 13 0 9 0 0
0 18 0 13 0 0 0 0 0 14 0 0 0 0 18 14 0 16 0 11 0 3 0 0 0 0 11 0 17 0 10 0 0 0 0 0 4 0 0 0 17 0 0 0 2 0 10 0 8 0
0 0 0 0 0 2 0 0 0 0 0 0 0 0 0 0 7 2 0 13 16 0 0 0 0 0 0 0 0 0 0 0 1 0 0 0 0 0 0 0 0 15 0 0 17 0 0 0 0 0
0 0 0 0 0 0 0 14 0 0 10 4 0 0 1 0 0 0 17 0 0 14 0 0 0 0 9 5 0 0 0 0 0 0 3 6 0 0 0 0 0 11 0 4 18 0 11 0 0 0
0 0 0 0 0 0 0 0 0 0 4 0 0 0 1 0 7 0 0 0 0 0 13 11 0 9 0 0 3 11 19 17 16 0 17 0 0 10 6 0 0 0 2 13 0 2 0 0 0 14
0 0 0 0 13 0 0 3 0 0 15 10 18 14 0 4 17 17 0 12 1 0 0 0 0 5 0 0 0 0 0 12 0 0 4 0 0 0 0 0 11 0 0 4 0 0 9 0 0 15
10 0 0 11 13 0 0 0 16 0 0 0 6 0 0 0 2 0 0 2 0 14 6 17 0 0 3 0 0 0 16 0 5 0 0 0 0 0 0 0 0 0 7 0 0 0 0 0 0 16
0 0 0 10 12 9 0 0 0 0 0 0 0 17 0 0 0 0 0 0 0 0 6 0 0 0 11 0 0 0 0 0 13 0 0 0 0 0 19 0 0 0 0 0 0 4 0 0 0 0
0 0 0 0 19 0 0 0 0 2 0 0 15 0 7 0 0 6 0 0 0 1 0 10 0 0 19 0 16 0 0 0 0 0 4 0 0 0 0 0 0 0 0 0 10 4 0 0 0 0
0 1 0 0 0 0 0 0 9 0 0 0 0 0 0 0 0 12 0 11 0 0 0 0 0 0 17 12 0 0 0 0 0 0 0 0 7 10 15 0 0 0 0 0 13 0 0 0 0 0
9 0 0 5 16 0 0 10 0 11 0 0 0 0 0 0 14 0 0 0 0 0 0 0 1 0 16 0 5 13 0 0 0 0 0 0 12 0 0 14 0 0 0 0 18 11 4 1 0 0
0 0 0 0 0 0 0 0 0 0 0 0 0 0 8 5 10 6 0 1 0 0 0 0 0 0 0 0 0 0 0 0 0 0 0 0 12 8 0 0 0 0 0 0 0 0 0 0 0 0
0 0 18 0 0 0 17 0 0 13 0 0 0 9 11 0 0 0 8 0 0 0 0 0 0 3 17 4 0 0 4 0 0 0 0 7 19 0 0 18 0 0 0 0 0 18 0 0 0 0
14 13 0 0 0 12 0 16 19 0 1 0 0 0 0 0 19 0 0 0 0 0 0 0 0 6 0 0 0 0 0 0 0 0 7 0 0 0 0 0 0 0 0 0 0 0 1 0 12 6
2 10 0 1 0 13 0 10 4 0 0 18 0 4 4 0 0 0 0 0 8 13 0 4 0 0 0 0 0 0 0 7 12 12 19 0 0 10 0 0 0 8 9 0 6 0 0 0 0 0
15 0 0 0 0 1 0 0 0 0 0 0 0 1 0 0 0 15 0 0 3 0 0 0 0 0 10 0 0 0 0 10 0 8 0 0 10 0 0 0 0 0 0 0 19 0 0 0 16 1
0 18 0 3 0 14 0 0 0 11 0 0 5 0 0 0 0 0 19 6 0 0 0 0 0 0 6 0 0 19 0 15 0 0 0 0 0 0 0 12 6 0 3 0 0 0 10 6 0 0
10 0 0 13 0 0 0 19 0 0 16 6 0 0 0 0 16 0 0 0 4 0 0 0 0 0 0 0 0 0 0 0 14 0 18 0 0 0 12 0 0 0 0 0 0 0 0 11 0 16
0 18 0 6 0 0 2 0 0 0 1 0 0 17 0 17 0 18 0 7 0 0 6 17 0 0 0 11 0 0 0 0 0 0 0 0 0 0 6 0 0 0 0 0 10 0 0 0 0 18
0 10 0 16 5 0 0 15 0 0 0 2 13 15 14 0 0 0 0 0 0 0 0 0 15 11 0 0 0 0 0 0 0 0 0 0 8 0 0 0 0 0 0 0 7 0 0 0 0 0
0 16 0 0 0 0 0 0 10 0 9 0 0 0 0 6 9 10 0 0 6 0 0 0 0 0 2 0 7 0 0 0 0 0 0 0 9 0 3 0 0 0 0 13 0 0 10 0 0 0
18 15 0 0 0 0 0 17 10 5 0 0 0 4 13 0 8 0 0 0 0 0 0 0 0 4 13 4 0 0 0 0 0 0 0 0 0 0 0 0 0 0 13 0 0 0 0 11 0 0
0 0 0 0 0 0 0 0 0 0 0 0 1 3 0 5 0 3 0 2 12 1 0 2 17 18 0 0 0 0 10 13 18 0 0 0 6 19 0 0 10 7 0 0 0 0 0 0 0 0
0 0 0 0 0 0 14 0 0 0 0 6 0 0 0 0 0 0 0 0 0 8 13 0 0 0 2 0 0 4 4 0 11 0 18 0 0 0 0 0 0 0 0 0 0 0 0 1 18 0
0 0 0 0 0 0 0 0 0 0 13 0 0 0 8 0 0 0 0 0 0 6 0 10 0 11 0 9 0 0 0 0 4 0 0 1 0 0 10 0 0 0 10 0 0 0 0 2 0 0
0 0 0 0 0 14 0 0 0 0 0 8 1 0 0 0 0 0 0 0 0 0 9 0 0 0 0 0 0 0 0 0 1 0 0 0 0 0 6 11 0 0 0 11 0 1 2 0 12 0
0 0 0 9 0 1 10 18 13 0 9 0 14 0 0 0 0 0 0 4 0 19 0 8 0 0 0 0 0 0 0 0 0 0 0 12 0 16 0 0 0 0 0 0 0 18 0 12 0 0
16 0 0 0 0 0 0 0 15 19 18 0 0 1 0 0 0 0 0 0 18 0 0 0 0 0 14 15 16 0 0 0 0 0 0 6 0 1 0 16 18 0 0 0 0 0 0 0 0 0
