100
50
0 2 9 13 18 6 10 2 2 9 10 17 12 14 5 14 16 4 4 14 9 19 5 12 2 10 4 17 19 14 10 11 18 12 13 3 16 15 11 1 12 13 3 12 7 4 17 9 1 19
2 0 1 18 9 12 14 17 3 8 15 12 12 17 4 19 7 1 0 3 12 2 9 2 3 13 2 8 13 7 6 10 0 17 8 3 2 1 5 15 19 6 9 0 9 12 10 13 7 2
9 1 0 1 0 12 5 4 9 18 14 12 2 6 8 18 0 16 7 12 19 14 6 11 9 0 17 0 5 14 5 9 18 8 16 5 16 0 19 13 13 10 13 7 2 16 17 3 8 14
13 18 1 0 10 2 15 12 16 0 17 0 17 17 8 19 6 17 6 4 16 3 2 0 4 14 12 1 17 8 4 10 10 10 1 13 19 4 16 16 4 0 15 15 3 16 13 2 6 7
18 9 0 10 0 6 10 15 16 17 10 11 11 13 14 7 6 16 1 12 11 6 7 0 3 13 2 3 8 9 4 1 3 14 15 2 11 8 6 0 11 11 19 10 11 8 5 10 0 7
6 12 12 2 6 0 3 5 4 6 3 18 15 16 18 3 3 9 18 13 5 5 2 16 10 7 6 14 4 10 4 19 8 19 13 16 10 18 6 8 7 2 11 6 16 18 0 0 13 10
10 14 5 15 10 3 0 15 4 11 14 18 1 7 15 1 0 5 8 0 9 14 11 17 15 3 9 15 17 5 17 13 11 9 9 14 14 12 12 19 8 6 18 4 9 7 1 14 2 18
2 17 4 12 15 5 15 0 4 11 7 17 19 17 16 18 1 17 7 15 16 3 17 1 6 1 18 5 14 16 5 4 14 14 19 18 17 12 17 14 1 18 18 13 8 13 18 11 7 12
2 3 9 16 16 4 4 4 0 1 18 14 11 18 10 12 11 9 10 19 6 4 9 0 13 3 7 6 19 3 1 11 7 2 5 15 3 11 6 13 9 13 14 0 15 10 7 2 0 9
9 8 18 0 17 6 11 11 1 0 0 3 13 4 11 1 18 4 15 6 4 9 18 2 16 3 7 8 1 13 6 15 18 13 3 10 10 14 15 17 10 7 9 4 0 3 18 12 15 11
10 15 14 17 10 3 14 7 18 0 0 13 9 1 7 4 0 17 17 0 15 18 10 1 5 18 7 1 17 1 19 6 16 9 19 4 6 13 10 7 1 17 14 1 13 7 12 19 17 17
17 12 12 0 11 18 18 17 14 3 13 0 6 10 17 11 8 6 3 0 6 7 10 18 3 8 7 12 9 6 1 7 18 0 9 2 5 18 19 14 2 2 19 2 1 11 17 10 0 11
12 12 2 17 11 15 1 19 11 13 9 6 0 10 5 6 1 15 10 1 3 14 15 13 7 9 11 10 13 11 1 16 16 0 16 0 12 5 14 19 10 6 10 4 4 8 8 16 0 8
14 17 6 17 13 16 7 17 18 4 1 10 10 0 2 7 17 7 1 3 3 7 7 18 3 11 19 13 3 2 19 2 10 5 11 18 5 2 15 19 12 8 14 10 17 17 8 11 13 13
5 4 8 8 14 18 15 16 10 11 7 17 5 2 0 8 14 14 15 10 8 10 11 9 6 8 3 0 4 12 5 5 17 8 16 9 7 3 12 1 18 4 11 11 17 13 5 2 16 7
14 19 18 19 7 3 1 18 12 1 4 11 6 7 8 0 17 4 5 12 0 11 4 5 9 10 14 0 4 2 13 0 19 19 19 5 0 4 13 16 15 18 9 17 14 0 0 6 2 0
16 7 0 6 6 3 0 1 11 18 0 8 1 17 14 17 0 3 12 2 15 18 1 9 6 7 0 9 19 7 17 13 1 4 4 1 18 14 15 13 15 18 13 7 5 11 4 10 19 5
4 1 16 17 16 9 5 17 9 4 17 6 15 7 14 4 3 0 8 11 17 15 9 17 7 7 14 11 12 18 5 6 8 6 15 7 18 0 11 8 19 18 4 8 13 9 9 9 16 19
4 0 7 6 1 18 8 7 10 15 17 3 10 1 15 5 12 8 0 7 14 4 11 15 9 12 12 5 6 11 12 0 8 6 4 13 8 2 3 14 13 9 12 4 8 14 14 12 14 13
14 3 12 4 12 13 0 15 19 6 0 0 1 3 10 12 2 11 7 0 7 8 0 6 6 6 14 7 2 18 13 9 9 16 17 5 4 0 9 15 12 3 11 19 6 5 18 18 6 10
9 12 19 16 11 5 9 16 6 4 15 6 3 3 8 0 15 17 14 7 0 18 7 2 11 19 1 5 13 13 2 15 8 16 13 4 7 6 9 11 14 5 9 0 7 13 7 7 4 14
19 2 14 3 6 5 14 3 4 9 18 7 14 7 10 11 18 15 4 8 18 0 18 6 11 6 0 16 12 11 7 4 17 11 8 8 16 7 0 11 11 11 6 11 6 4 17 6 9 6
5 9 6 2 7 2 11 17 9 18 10 10 15 7 11 4 1 9 11 0 7 18 0 17 18 10 1 6 12 3 10 17 10 10 10 5 16 14 10 18 2 0 18 8 11 7 7 16 11 19
12 2 11 0 0 16 17 1 0 2 1 18 13 18 9 5 9 17 15 6 2 6 17 0 1 0 14 18 12 12 2 1 13 13 16 9 19 18 4 18 15 13 6 0 15 5 19 10 19 18
2 3 9 4 3 10 15 6 13 16 5 3 7 3 6 9 6 7 9 6 11 11 18 1 0 5 10 9 14 7 15 15 11 2 17 19 18 12 18 19 19 0 2 5 14 2 7 4 7 12
10 13 0 14 13 7 3 1 3 3 18 8 9 11 8 10 7 7 12 6 19 6 10 0 5 0 1 9 3 5 7 2 11 12 12 18 6 5 17 5 17 8 16 2 3 11 0 5 3 0
4 2 17 12 2 6 9 18 7 7 7 7 11 19 3 14 0 14 12 14 1 0 1 14 10 1 0 10 7 15 11 4 13 13 14 10 14 0 5 10 7 7 2 15 3 7 13 3 19 5
17 8 0 1 3 14 15 5 6 8 1 12 10 13 0 0 9 11 5 7 5 16 6 18 9 9 10 0 4 8 11 14 15 0 9 17 6 17 17 5 12 1 13 6 3 16 12 17 10 1
19 13 5 17 8 4 17 14 19 1 17 9 13 3 4 4 19 12 6 2 13 12 12 12 14 3 7 4 0 14 18 4 5 2 5 9 15 19 7 9 8 16 11 7 11 6 8 1 5 7
14 7 14 8 9 10 5 16 3 13 1 6 11 2 12 2 7 18 11 18 13 11 3 12 7 5 15 8 14 0 8 1 13 0 9 13 4 8 8 17 6 15 4 10 8 10 11 19 16 2
10 6 5 4 4 4 17 5 1 6 19 1 1 19 5 13 17 5 12 13 2 7 10 2 15 7 11 11 18 8 0 2 19 13 12 4 13 2 7 5 0 3 9 5 16 1 7 10 2 11
11 10 9 10 1 19 13 4 11 15 6 7 16 2 5 0 13 6 0 9 15 4 17 1 15 2 4 14 4 1 2 0 12 14 8 15 17 1 15 13 19 10 2 17 18 14 17 0 2 14
18 0 18 10 3 8 11 14 7 18 16 18 16 10 17 19 1 8 8 9 8 17 10 13 11 11 13 15 5 13 19 12 0 1 2 6 0 6 16 15 4 10 4 12 4 18 17 1 17 3
12 17 8 10 14 19 9 14 2 13 9 0 0 5 8 19 4 6 6 16 16 11 10 13 2 12 13 0 2 0 13 14 1 0 19 10 11 18 11 15 14 2 16 3 5 17 4 5 3 9
13 8 16 1 15 13 9 19 5 3 19 9 16 11 16 19 4 15 4 17 13 8 10 16 17 12 14 9 5 9 12 8 2 19 0 17 4 19 8 12 6 15 10 3 7 6 13 18 15 7
3 3 5 13 2 16 14 18 15 10 4 2 0 18 9 5 1 7 13 5 4 8 5 9 19 18 10 17 9 13 4 15 6 10 17 0 18 14 15 14 13 1 0 16 5 7 19 10 16 0
16 2 16 19 11 10 14 17 3 10 6 5 12 5 7 0 18 18 8 4 7 16 16 19 18 6 14 6 15 4 13 17 0 11 4 18 0 12 8 11 13 6 7 8 17 11 13 18 7 7
15 1 0 4 8 18 12 12 11 14 13 18 5 2 3 4 14 0 2 0 6 7 14 18 12 5 0 17 19 8 2 1 6 18 19 14 12 0 6 13 10 7 10 18 18 15 3 9 1 10
11 5 19 16 6 6 12 17 6 15 10 19 14 15 12 13 15 11 3 9 9 0 10 4 18 17 5 17 7 8 7 15 16 11 8 15 8 6 0 4 4 4 6 12 4 4 19 6 18 0
1 15 13 16 0 8 19 14 13 17 7 14 19 19 1 16 13 8 14 15 11 11 18 18 19 5 10 5 9 17 5 13 15 15 12 14 11 13 4 0 9 11 3 7 18 0 18 16 11 7
12 19 13 4 11 7 8 1 9 10 1 2 10 12 18 15 15 19 13 12 14 11 2 15 19 17 7 12 8 6 0 19 4 14 6 13 13 10 4 9 0 19 12 19 2 6 9 13 10 2
13 6 10 0 11 2 6 18 13 7 17 2 6 8 4 18 18 18 9 3 5 11 0 13 0 8 7 1 16 15 3 10 10 2 15 1 6 7 4 11 19 0 18 11 15 6 0 14 3 14
3 9 13 15 19 11 18 18 14 9 14 19 10 14 11 9 13 4 12 11 9 6 18 6 2 16 2 13 11 4 9 2 4 16 10 0 7 10 6 3 12 18 0 7 12 6 14 7 19 10
12 0 7 15 10 6 4 13 0 4 1 2 4 10 11 17 7 8 4 19 0 11 8 0 5 2 15 6 7 10 5 17 12 3 3 16 8 18 12 7 19 11 7 0 3 11 11 3 19 3
7 9 2 3 11 16 9 8 15 0 13 1 4 17 17 14 5 13 8 6 7 6 11 15 14 3 3 3 11 8 16 18 4 5 7 5 17 18 4 18 2 15 12 3 0 0 8 17 18 12
4 12 16 16 8 18 7 13 10 3 7 11 8 17 13 0 11 9 14 5 13 4 7 5 2 11 7 16 6 10 1 14 18 17 6 7 11 15 4 0 6 6 6 11 0 0 11 16 11 12
17 10 17 13 5 0 1 18 7 18 12 17 8 8 5 0 4 9 14 18 7 17 7 19 7 0 13 12 8 11 7 17 17 4 13 19 13 3 19 18 9 0 14 11 8 11 0 18 4 1
9 13 3 2 10 0 14 11 2 12 19 10 16 11 2 6 10 9 12 18 7 6 16 10 4 5 3 17 1 19 10 0 1 5 18 10 18 9 6 16 13 14 7 3 17 16 18 0 8 5
1 7 8 6 0 13 2 7 0 15 17 0 0 13 16 2 19 16 14 6 4 9 11 19 7 3 19 10 5 16 2 2 17 3 15 16 7 1 18 11 10 3 19 19 18 11 4 8 0 5
19 2 14 7 7 10 18 12 9 11 17 11 8 13 7 0 5 19 13 10 14 6 19 18 12 0 5 1 7 2 11 14 3 9 7 0 7 10 0 7 2 14 10 3 12 12 1 5 5 0
