100
50
0 3 0 6 0 14 0 19 0 0 0 0 0 0 0 11 0 0 6 0 0 0 14 0 0 0 0 0 0 0 0 0 8 0 0 16 0 0 0 0 0 3 0 0 0 0 0 0 2 0
3 0 0 0 7 16 8 0 0 0 0 0 4 5 0 0 9 0 0 0 0 14 0 0 0 0 0 0 5 0 0 0 0 1 0 0 0 8 0 0 0 0 0 0 0 13 7 0 0 9
0 0 0 17 15 0 8 19 0 0 3 6 3 0 15 18 0 0 0 0 0 0 0 0 11 2 17 0 0 0 0 0 0 0 0 0 0 0 0 0 19 0 0 0 0 0 15 0 18 0
6 0 17 0 11 0 4 0 0 0 19 0 0 0 15 6 0 0 16 0 11 3 0 17 0 0 13 7 0 0 0 0 12 0 0 18 14 0 0 0 0 0 0 0 6 0 12 5 0 10
0 7 15 11 0 0 0 0 0 0 0 0 13 17 0 0 0 0 0 3 0 4 0 0 2 0 0 0 0 0 0 0 0 11 0 10 9 0 0 0 0 9 0 0 0 0 13 0 14 0
14 16 0 0 0 0 13 0 0 0 17 0 7 0 0 1 0 0 0 0 0 0 0 0 2 6 0 0 0 7 0 0 0 0 6 16 5 0 0 0 0 0 0 0 0 0 0 0 4 0
0 8 8 4 0 13 0 18 0 0 17 6 0 0 7 0 0 7 0 0 0 0 0 0 11 0 11 0 8 0 0 0 8 0 0 0 0 12 0 0 6 15 0 0 0 0 0 0 0 0
19 0 19 0 0 0 18 0 0 0 0 0 0 0 16 0 17 0 0 14 17 10 0 17 0 0 0 19 0 3 0 11 10 0 0 0 0 0 11 2 0 0 0 0 0 0 0 0 0 12
0 0 0 0 0 0 0 0 0 0 0 0 0 0 0 0 0 0 19 15 0 0 0 9 10 0 0 0 0 0 0 6 0 0 19 15 19 18 0 0 0 0 17 0 0 4 0 0 0 0
0 0 0 0 0 0 0 0 0 0 12 0 0 19 0 0 0 16 0 17 0 0 0 0 0 0 0 9 0 0 0 11 4 0 0 0 0 0 0 0 0 0 4 0 0 0 0 0 0 0
0 0 3 19 0 17 17 0 0 12 0 0 0 0 0 0 0 0 18 0 0 0 0 0 11 0 19 0 0 2 0 0 4 0 0 0 0 8 13 0 0 0 0 13 12 10 0 0 16 12
0 0 6 0 0 0 6 0 0 0 0 0 6 0 0 0 0 14 16 0 15 0 0 0 0 0 0 0 0 8 14 10 0 11 12 0 9 0 18 0 19 0 0 0 0 0 0 0 0 0
0 4 3 0 13 7 0 0 0 0 0 6 0 7 0 0 0 0 0 6 0 0 10 0 0 2 0 0 0 0 0 0 0 0 0 0 12 9 19 2 18 0 0 0 0 0 0 0 0 0
0 5 0 0 17 0 0 0 0 19 0 0 7 0 0 17 0 0 14 0 0 0 13 0 14 0 0 15 0 0 19 3 0 2 5 12 0 0 18 0 0 0 0 0 0 0 0 0 0 0
0 0 15 15 0 0 7 16 0 0 0 0 0 0 0 0 0 0 1 10 0 0 0 0 0 0 0 0 5 16 0 0 0 0 0 19 0 2 0 17 7 0 0 0 0 0 17 0 14 5
11 0 18 6 0 1 0 0 0 0 0 0 0 17 0 0 0 0 18 0 0 0 0 3 12 0 0 0 7 0 17 19 0 0 0 0 11 0 12 0 18 3 15 14 0 0 13 0 16 4
0 9 0 0 0 0 0 17 0 0 0 0 0 0 0 0 0 0 0 0 10 7 0 9 0 0 0 3 0 0 0 0 0 0 15 0 17 0 0 0 0 11 18 0 1 0 0 0 0 0
0 0 0 0 0 0 7 0 0 16 0 14 0 0 0 0 0 0 6 0 0 0 0 0 1 18 12 14 0 0 13 0 0 4 0 0 0 7 0 0 0 0 0 16 0 0 12 0 0 3
6 0 0 16 0 0 0 0 19 0 18 16 0 14 1 18 0 6 0 0 13 13 0 18 9 0 7 17 0 0 0 0 0 9 0 0 0 5 0 0 0 3 0 0 3 0 0 18 0 0
0 0 0 0 3 0 0 14 15 17 0 0 6 0 10 0 0 0 0 0 0 0 0 5 0 0 0 0 0 0 0 2 0 10 17 0 19 0 0 0 0 0 0 0 9 0 17 19 0 0
0 0 0 11 0 0 0 17 0 0 0 15 0 0 0 0 10 0 13 0 0 0 0 0 0 0 0 0 19 0 0 0 0 17 0 17 12 0 0 0 0 16 14 0 0 0 0 0 1 8
0 14 0 3 4 0 0 10 0 0 0 0 0 0 0 0 7 0 13 0 0 0 16 0 0 0 0 1 2 11 0 10 5 2 0 0 0 16 0 0 0 2 13 4 0 12 0 0 0 0
14 0 0 0 0 0 0 0 0 0 0 0 10 13 0 0 0 0 0 0 0 16 0 4 0 0 3 0 0 0 15 0 4 3 0 19 19 11 0 0 0 10 11 0 12 0 0 0 6 18
0 0 0 17 0 0 0 17 9 0 0 0 0 0 0 3 9 0 18 5 0 0 4 0 0 0 0 0 0 0 0 0 0 0 0 0 0 15 11 0 10 0 0 0 0 0 0 0 0 0
0 0 11 0 2 2 11 0 10 0 11 0 0 14 0 12 0 1 9 0 0 0 0 0 0 1 3 0 0 0 10 0 0 15 0 0 0 0 0 17 0 13 0 12 0 0 0 2 0 0
0 0 2 0 0 6 0 0 0 0 0 0 2 0 0 0 0 18 0 0 0 0 0 0 1 0 13 0 10 0 0 0 0 0 8 10 6 4 0 0 0 16 0 0 0 0 0 0 0 0
0 0 17 13 0 0 11 0 0 0 19 0 0 0 0 0 0 12 7 0 0 0 3 0 3 13 0 0 19 0 0 0 0 0 4 18 0 0 0 9 0 0 0 0 0 0 12 0 0 0
0 0 0 7 0 0 0 19 0 9 0 0 0 15 0 0 3 14 17 0 0 1 0 0 0 0 0 0 5 0 5 19 0 0 0 0 0 2 0 0 0 0 0 0 0 0 3 0 0 17
0 5 0 0 0 0 8 0 0 0 0 0 0 0 5 7 0 0 0 0 19 2 0 0 0 10 19 5 0 0 0 2 0 5 0 0 0 0 0 0 0 7 0 0 0 5 0 1 19 0
0 0 0 0 0 7 0 3 0 0 2 8 0 0 16 0 0 0 0 0 0 11 0 0 0 0 0 0 0 0 0 0 0 0 13 0 0 13 0 6 0 0 0 0 0 0 17 0 0 0
0 0 0 0 0 0 0 0 0 0 0 14 0 19 0 17 0 13 0 0 0 0 15 0 10 0 0 5 0 0 0 0 0 0 5 0 0 19 0 0 0 0 0 14 0 4 1 0 0 12
0 0 0 0 0 0 0 11 6 11 0 10 0 3 0 19 0 0 0 2 0 10 0 0 0 0 0 19 2 0 0 0 0 0 0 0 0 0 16 9 0 0 0 0 4 0 0 0 0 0
8 0 0 12 0 0 8 10 0 4 4 0 0 0 0 0 0 0 0 0 0 5 4 0 0 0 0 0 0 0 0 0 0 0 1 0 0 0 0 1 0 2 0 0 0 0 0 12 0 0
0 1 0 0 11 0 0 0 0 0 0 11 0 2 0 0 0 4 9 10 17 2 3 0 15 0 0 0 5 0 0 0 0 0 0 0 0 0 0 7 0 0 0 0 11 0 0 0 0 0
0 0 0 0 0 6 0 0 19 0 0 12 0 5 0 0 15 0 0 17 0 0 0 0 0 8 4 0 0 13 5 0 1 0 0 8 1 2 0 0 0 0 0 0 9 19 0 0 18 8
16 0 0 18 10 16 0 0 15 0 0 0 0 12 19 0 0 0 0 0 17 0 19 0 0 10 18 0 0 0 0 0 0 0 8 0 0 12 0 0 0 0 12 4 0 0 12 13 0 0
0 0 0 14 9 5 0 0 19 0 0 9 12 0 0 11 17 0 0 19 12 0 19 0 0 6 0 0 0 0 0 0 0 0 1 0 0 0 0 0 0 0 0 0 0 0 0 0 0 0
0 8 0 0 0 0 12 0 18 0 8 0 9 0 2 0 0 7 5 0 0 16 11 15 0 4 0 2 0 13 19 0 0 0 2 12 0 0 0 0 10 0 0 0 10 0 0 0 0 0
0 0 0 0 0 0 0 11 0 0 13 18 19 18 0 12 0 0 0 0 0 0 0 11 0 0 0 0 0 0 0 16 0 0 0 0 0 0 0 0 0 0 0 0 0 15 0 0 0 0
0 0 0 0 0 0 0 2 0 0 0 0 2 0 17 0 0 0 0 0 0 0 0 0 17 0 9 0 0 6 0 9 1 7 0 0 0 0 0 0 12 0 0 0 2 0 0 0 0 0
0 0 19 0 0 0 6 0 0 0 0 19 18 0 7 18 0 0 0 0 0 0 0 10 0 0 0 0 0 0 0 0 0 0 0 0 0 10 0 12 0 0 0 18 0 0 0 0 0 0
3 0 0 0 9 0 15 0 0 0 0 0 0 0 0 3 11 0 3 0 16 2 10 0 13 16 0 0 7 0 0 0 2 0 0 0 0 0 0 0 0 0 1 0 10 0 0 14 0 0
0 0 0 0 0 0 0 0 17 4 0 0 0 0 0 15 18 0 0 0 14 13 11 0 0 0 0 0 0 0 0 0 0 0 0 12 0 0 0 0 0 1 0 0 6 0 0 0 0 0
0 0 0 0 0 0 0 0 0 0 13 0 0 0 0 14 0 16 0 0 0 4 0 0 12 0 0 0 0 0 14 0 0 0 0 4 0 0 0 0 18 0 0 0 0 0 0 0 0 0
0 0 0 6 0 0 0 0 0 0 12 0 0 0 0 0 1 0 3 9 0 0 12 0 0 0 0 0 0 0 0 4 0 11 9 0 0 10 0 2 0 10 6 0 0 8 0 0 0 16
0 13 0 0 0 0 0 0 4 0 10 0 0 0 0 0 0 0 0 0 0 12 0 0 0 0 0 0 5 0 4 0 0 0 19 0 0 0 15 0 0 0 0 0 8 0 14 0 15 8
0 7 15 12 13 0 0 0 0 0 0 0 0 0 17 13 0 12 0 17 0 0 0 0 0 0 12 3 0 17 1 0 0 0 0 12 0 0 0 0 0 0 0 0 0 14 0 0 17 0
0 0 0 5 0 0 0 0 0 0 0 0 0 0 0 0 0 0 18 19 0 0 0 0 2 0 0 0 1 0 0 0 12 0 0 13 0 0 0 0 0 14 0 0 0 0 0 0 0 10
2 0 18 0 14 4 0 0 0 0 16 0 0 0 14 16 0 0 0 0 1 0 6 0 0 0 0 0 19 0 0 0 0 0 18 0 0 0 0 0 0 0 0 0 0 15 17 0 0 0
0 9 0 10 0 0 0 12 0 0 12 0 0 0 5 4 0 3 0 0 8 0 18 0 0 0 0 17 0 0 12 0 0 0 8 0 0 0 0 0 0 0 0 0 16 8 0 10 0 0
