75
50
0 0 0 16 0 0 0 0 0 13 0 0 0 17 3 15 12 0 0 0 0 10 0 0 7 0 0 0 0 0 0 0 12 17 0 0 0 0 8 0 12 10 0 0 0 0 18 0 14 0
0 0 0 0 0 0 0 0 0 0 0 0 18 14 0 0 0 0 0 0 7 0 0 19 0 0 0 0 5 4 0 14 0 0 0 2 0 0 0 15 0 8 0 6 0 0 2 0 16 0
0 0 0 18 0 15 0 2 0 0 0 13 0 0 0 0 6 0 0 0 0 0 0 0 0 0 0 16 6 0 1 0 16 0 0 0 0 0 0 0 0 0 13 0 0 0 18 0 0 0
16 0 18 0 0 0 0 2 0 0 0 0 0 0 0 0 1 0 0 0 0 0 0 0 0 0 10 0 6 0 3 0 0 0 0 0 0 0 5 13 15 0 10 0 0 0 0 0 0 0
0 0 0 0 0 0 0 0 0 0 0 0 0 0 0 0 0 0 15 0 17 0 2 0 0 0 0 0 11 0 10 0 6 5 0 0 0 9 0 0 8 0 0 7 0 0 16 3 13 0
0 0 15 0 0 0 0 0 0 0 2 4 0 0 0 0 0 0 0 0 0 0 0 0 0 0 0 0 0 0 0 0 0 0 0 0 0 0 0 0 0 0 0 0 0 13 8 15 0 0
0 0 0 0 0 0 0 0 0 11 0 0 17 11 0 11 0 0 0 0 0 17 0 0 0 0 0 0 0 0 0 0 0 14 0 19 0 0 0 6 0 0 0 0 0 19 0 0 0 0
0 0 2 2 0 0 0 0 0 0 15 0 0 18 9 0 0 11 0 10 0 0 0 0 0 0 0 14 0 0 0 0 4 0 0 3 11 19 10 0 0 8 0 0 0 12 0 0 0 3
0 0 0 0 0 0 0 0 0 18 2 0 7 0 9 0 0 9 11 0 0 18 0 0 0 0 18 10 0 0 0 3 0 0 0 0 0 0 0 0 9 0 0 0 0 0 0 19 3 0
13 0 0 0 0 0 11 0 18 0 0 16 0 0 11 0 13 0 0 0 0 7 0 0 10 0 0 0 0 0 0 0 0 6 19 0 0 0 0 18 10 0 8 0 0 0 0 6 13 4
0 0 0 0 0 2 0 15 2 0 0 0 0 15 19 14 0 0 0 16 3 0 12 0 0 0 0 16 0 0 0 0 0 6 0 0 0 0 0 0 6 0 0 0 0 0 0 0 11 0
0 0 13 0 0 4 0 0 0 16 0 0 11 0 0 0 3 0 0 0 3 11 0 0 0 0 9 0 0 0 10 0 0 0 0 0 0 0 0 0 10 0 0 0 0 17 0 0 3 0
0 18 0 0 0 0 17 0 7 0 0 11 0 14 2 10 11 0 0 15 16 0 0 0 18 11 0 0 19 0 0 0 0 8 14 0 0 0 0 0 0 0 0 0 0 0 0 0 16 0
17 14 0 0 0 0 11 18 0 0 15 0 14 0 4 0 0 0 0 0 7 0 0 5 0 0 7 19 0 0 5 0 0 0 15 0 0 18 0 16 9 7 0 0 11 0 5 0 0 0
3 0 0 0 0 0 0 9 9 11 19 0 2 4 0 0 19 0 0 0 0 8 0 18 17 0 0 0 0 0 0 0 0 18 0 0 0 0 3 0 0 0 0 0 10 0 0 0 0 0
15 0 0 0 0 0 11 0 0 0 14 0 10 0 0 0 0 6 0 15 0 0 0 8 0 0 0 0 0 3 0 9 0 0 0 3 0 0 13 0 0 12 6 0 0 0 0 0 0 0
12 0 6 1 0 0 0 0 0 13 0 3 11 0 19 0 0 0 13 0 0 3 0 0 14 15 0 6 11 0 0 0 3 0 0 0 0 0 0 0 11 0 3 3 0 0 0 14 1 0
0 0 0 0 0 0 0 11 9 0 0 0 0 0 0 6 0 0 0 0 0 0 0 17 4 0 0 0 0 10 0 6 0 6 0 0 0 0 0 18 0 3 0 8 16 4 0 8 4 0
0 0 0 0 15 0 0 0 11 0 0 0 0 0 0 0 13 0 0 0 0 0 13 0 4 0 0 0 18 0 0 0 0 0 0 17 0 0 5 0 14 0 0 0 0 0 0 0 0 8
0 0 0 0 0 0 0 10 0 0 16 0 15 0 0 15 0 0 0 0 14 0 18 19 0 0 0 0 0 0 0 7 10 4 0 0 0 0 16 0 0 0 0 4 0 0 0 0 0 0
0 7 0 0 17 0 0 0 0 0 3 3 16 7 0 0 0 0 0 14 0 0 0 0 17 17 0 0 15 0 0 0 11 2 0 0 0 0 4 0 3 0 0 0 0 0 5 0 0 0
10 0 0 0 0 0 17 0 18 7 0 11 0 0 8 0 3 0 0 0 0 0 0 0 5 0 3 0 19 0 0 0 3 0 18 0 0 0 5 0 0 0 0 13 0 0 0 0 0 0
0 0 0 0 2 0 0 0 0 0 12 0 0 0 0 0 0 0 13 18 0 0 0 18 0 3 0 0 1 5 0 0 0 1 0 7 0 0 0 0 0 0 0 15 0 0 0 16 0 0
0 19 0 0 0 0 0 0 0 0 0 0 0 5 18 8 0 17 0 19 0 0 18 0 0 0 0 15 0 7 16 0 0 0 0 0 0 0 0 0 0 0 0 5 17 0 0 0 0 6
7 0 0 0 0 0 0 0 0 10 0 0 18 0 17 0 14 4 4 0 17 5 0 0 0 0 0 0 19 0 0 0 0 6 0 0 10 0 0 0 7 0 0 0 0 0 0 0 10 0
0 0 0 0 0 0 0 0 0 0 0 0 11 0 0 0 15 0 0 0 17 0 3 0 0 0 0 0 18 0 13 2 0 0 0 0 11 0 0 10 2 0 0 2 12 16 0 0 15 2
0 0 0 10 0 0 0 0 18 0 0 9 0 7 0 0 0 0 0 0 0 3 0 0 0 0 0 0 3 15 18 0 0 0 15 0 0 0 0 0 0 0 0 0 10 0 0 0 3 3
0 0 16 0 0 0 0 14 10 0 16 0 0 19 0 0 6 0 0 0 0 0 0 15 0 0 0 0 10 0 15 0 0 0 8 4 0 0 0 14 0 0 0 19 16 4 9 0 0 5
0 5 6 6 11 0 0 0 0 0 0 0 19 0 0 0 11 0 18 0 15 19 1 0 19 18 3 10 0 12 0 2 0 0 14 0 0 0 0 0 0 0 8 0 0 0 0 11 0 0
0 4 0 0 0 0 0 0 0 0 0 0 0 0 0 3 0 10 0 0 0 0 5 7 0 0 15 0 12 0 0 5 0 6 0 0 4 0 0 0 0 0 0 0 9 0 0 0 0 4
0 0 1 3 10 0 0 0 0 0 0 10 0 5 0 0 0 0 0 0 0 0 0 16 0 13 18 15 0 0 0 0 15 0 0 2 15 8 0 12 17 7 0 0 0 0 0 4 0 0
0 14 0 0 0 0 0 0 3 0 0 0 0 0 0 9 0 6 0 7 0 0 0 0 0 2 0 0 2 5 0 0 0 0 0 0 0 0 0 0 0 0 9 0 0 19 18 16 13 9
12 0 16 0 6 0 0 4 0 0 0 0 0 0 0 0 3 0 0 10 11 3 0 0 0 0 0 0 0 0 15 0 0 0 0 0 0 0 0 0 0 0 16 0 16 0 2 18 0 0
17 0 0 0 5 0 14 0 0 6 6 0 8 0 18 0 0 6 0 4 2 0 1 0 6 0 0 0 0 6 0 0 0 0 0 0 0 8 0 0 0 0 0 0 0 0 0 16 0 0
0 0 0 0 0 0 0 0 0 19 0 0 14 15 0 0 0 0 0 0 0 18 0 0 0 0 15 8 14 0 0 0 0 0 0 0 0 3 0 0 0 10 0 4 0 0 10 16 3 0
0 2 0 0 0 0 19 3 0 0 0 0 0 0 0 3 0 0 17 0 0 0 7 0 0 0 0 4 0 0 2 0 0 0 0 0 0 3 16 0 6 0 16 0 0 0 0 0 0 0
0 0 0 0 0 0 0 11 0 0 0 0 0 0 0 0 0 0 0 0 0 0 0 0 10 11 0 0 0 4 15 0 0 0 0 0 0 6 0 13 0 0 0 5 0 1 0 0 0 18
0 0 0 0 9 0 0 19 0 0 0 0 0 18 0 0 0 0 0 0 0 0 0 0 0 0 0 0 0 0 8 0 0 8 3 3 6 0 0 0 0 5 15 3 10 0 19 0 0 0
8 0 0 5 0 0 0 10 0 0 0 0 0 0 3 13 0 0 5 16 4 5 0 0 0 0 0 0 0 0 0 0 0 0 0 16 0 0 0 0 14 0 0 12 17 8 0 0 10 0
0 15 0 13 0 0 6 0 0 18 0 0 0 16 0 0 0 18 0 0 0 0 0 0 0 10 0 14 0 0 12 0 0 0 0 0 13 0 0 0 0 0 0 16 0 0 0 0 0 5
12 0 0 15 8 0 0 0 9 10 6 10 0 9 0 0 11 0 14 0 3 0 0 0 7 2 0 0 0 0 17 0 0 0 0 6 0 0 14 0 0 0 0 0 3 0 15 0 0 16
10 8 0 0 0 0 0 8 0 0 0 0 0 7 0 12 0 3 0 0 0 0 0 0 0 0 0 0 0 0 7 0 0 0 10 0 0 5 0 0 0 0 0 0 0 0 17 0 1 0
0 0 13 10 0 0 0 0 0 8 0 0 0 0 0 6 3 0 0 0 0 0 0 0 0 0 0 0 8 0 0 9 16 0 0 16 0 15 0 0 0 0 0 5 0 0 1 0 17 0
0 6 0 0 7 0 0 0 0 0 0 0 0 0 0 0 3 8 0 4 0 13 15 5 0 2 0 19 0 0 0 0 0 0 4 0 5 3 12 16 0 0 5 0 9 0 0 0 0 0
0 0 0 0 0 0 0 0 0 0 0 0 0 11 10 0 0 16 0 0 0 0 0 17 0 12 10 16 0 9 0 0 16 0 0 0 0 10 17 0 3 0 0 9 0 0 0 4 8 0
0 0 0 0 0 13 19 12 0 0 0 17 0 0 0 0 0 4 0 0 0 0 0 0 0 16 0 4 0 0 0 19 0 0 0 0 1 0 8 0 0 0 0 0 0 0 0 0 0 0
18 2 18 0 16 8 0 0 0 0 0 0 0 5 0 0 0 0 0 0 5 0 0 0 0 0 0 9 0 0 0 18 2 0 10 0 0 19 0 0 15 17 1 0 0 0 0 0 0 0
0 0 0 0 3 15 0 0 19 6 0 0 0 0 0 0 14 8 0 0 0 0 16 0 0 0 0 0 11 0 4 16 18 16 16 0 0 0 0 0 0 0 0 0 4 0 0 0 0 8
14 16 0 0 13 0 0 0 3 13 11 3 16 0 0 0 1 4 0 0 0 0 0 0 10 15 3 0 0 0 0 13 0 0 3 0 0 0 10 0 0 1 17 0 8 0 0 0 0 0
0 0 0 0 0 0 0 3 0 4 0 0 0 0 0 0 0 0 8 0 0 0 0 6 0 2 3 5 0 4 0 9 0 0 0 0 18 0 0 5 16 0 0 0 0 0 0 8 0 0
