100
50
0 6 14 9 17 18 9 2 11 15 14 13 3 12 6 8 4 1 12 3 14 3 9 8 14 0 9 15 19 10 0 16 1 1 4 6 5 19 3 7 17 7 16 7 17 8 19 7 4 6
6 0 13 12 2 11 5 8 4 12 11 6 5 5 9 18 7 0 1 11 1 5 15 19 17 10 13 4 9 18 3 15 7 14 0 14 2 7 17 6 7 10 14 7 2 2 11 14 0 9
14 13 0 0 3 18 4 9 9 2 14 7 5 7 17 8 3 3 8 1 9 17 5 8 11 16 1 19 0 14 9 10 4 15 8 8 10 12 1 8 18 15 16 13 13 6 18 15 17 8
9 12 0 0 11 9 14 15 7 1 9 8 2 17 2 7 10 2 15 11 4 19 13 12 3 19 2 17 3 13 12 12 10 3 6 5 15 10 1 7 11 8 2 16 17 13 5 2 8 11
17 2 3 11 0 12 13 1 9 19 19 10 18 1 7 1 14 8 11 3 15 0 14 16 18 6 10 11 12 14 2 9 1 6 1 2 11 4 8 18 2 11 9 7 4 9 16 3 13 18
18 11 18 9 12 0 13 4 13 16 2 4 8 4 19 0 16 13 19 14 3 13 14 2 19 7 15 5 11 17 11 7 6 13 13 0 16 2 9 14 16 13 7 12 13 15 9 15 4 2
9 5 4 14 13 13 0 17 12 17 18 15 10 11 1 3 8 6 2 1 18 7 2 14 6 2 1 6 1 4 13 14 0 0 6 0 16 1 3 10 11 16 4 6 18 13 5 11 3 13
2 8 9 15 1 4 17 0 17 2 19 19 12 15 4 7 4 8 0 3 11 4 0 17 19 16 15 14 11 8 4 2 8 9 9 6 2 18 1 11 12 3 16 16 12 12 12 16 3 13
11 4 9 7 9 13 12 17 0 16 19 4 6 2 0 10 19 18 17 4 4 9 10 12 15 9 6 5 7 0 5 6 9 5 16 13 11 14 0 0 17 9 0 7 9 13 5 12 2 9
15 12 2 1 19 16 17 2 16 0 17 6 5 4 2 10 15 2 6 0 19 8 1 6 11 12 8 19 12 2 9 6 15 18 13 18 10 13 2 0 0 11 2 6 11 0 0 13 16 17
14 11 14 9 19 2 18 19 19 17 0 7 11 4 3 0 15 13 6 10 15 11 9 6 7 12 19 10 2 17 13 3 2 19 16 17 7 9 5 4 2 18 15 15 14 14 9 7 16 1
13 6 7 8 10 4 15 19 4 6 7 0 5 0 12 7 13 13 4 16 11 1 1 15 1 19 0 7 4 14 13 16 0 16 15 14 4 9 4 12 14 11 5 11 12 14 5 2 11 8
3 5 5 2 18 8 10 12 6 5 11 5 0 4 9 8 1 14 0 16 5 2 3 6 2 8 14 5 9 6 16 5 5 16 7 16 0 6 19 13 14 7 6 4 19 12 8 8 10 6
12 5 7 17 1 4 11 15 2 4 4 0 4 0 2 3 12 11 15 15 19 4 12 6 11 17 5 17 15 4 7 8 8 2 19 12 2 11 16 14 3 8 1 9 16 3 7 5 16 5
6 9 17 2 7 19 1 4 0 2 3 12 9 2 0 14 9 4 6 12 12 14 4 11 8 8 15 7 0 5 1 17 16 0 15 9 16 0 8 12 5 5 2 1 5 6 16 0 7 3
8 18 8 7 1 0 3 7 10 10 0 7 8 3 14 0 13 17 9 9 19 6 10 6 4 6 9 14 0 6 14 9 12 1 8 2 14 13 14 8 16 10 9 10 18 1 12 11 7 3
4 7 3 10 14 16 8 4 19 15 15 13 1 12 9 13 0 18 3 11 5 9 13 12 5 2 5 15 16 4 18 8 17 19 4 17 18 12 0 12 3 13 10 18 12 2 4 11 7 11
1 0 3 2 8 13 6 8 18 2 13 13 14 11 4 17 18 0 11 7 7 8 11 13 5 1 17 14 10 19 10 3 11 9 10 11 0 15 16 8 10 6 14 15 9 6 8 18 9 1
12 1 8 15 11 19 2 0 17 6 6 4 0 15 6 9 3 11 0 13 16 13 16 8 10 8 8 11 0 4 4 19 15 19 4 1 1 10 2 9 8 2 18 14 6 17 5 1 5 2
3 11 1 11 3 14 1 3 4 0 10 16 16 15 12 9 11 7 13 0 14 9 2 17 18 19 3 11 1 19 8 16 7 9 10 5 9 12 18 13 3 3 15 17 8 10 15 8 1 7
14 1 9 4 15 3 18 11 4 19 15 11 5 19 12 19 5 7 16 14 0 18 4 5 18 12 12 10 12 19 4 0 12 7 0 16 10 5 7 12 3 13 12 19 2 17 13 7 6 3
3 5 17 19 0 13 7 4 9 8 11 1 2 4 14 6 9 8 13 9 18 0 18 16 12 5 3 16 10 9 2 2 4 17 14 9 19 15 15 19 5 16 15 19 17 7 17 9 12 6
9 15 5 13 14 14 2 0 10 1 9 1 3 12 4 10 13 11 16 2 4 18 0 3 3 14 9 18 11 5 7 9 3 19 15 3 9 16 7 14 17 13 13 16 14 4 19 11 5 5
8 19 8 12 16 2 14 17 12 6 6 15 6 6 11 6 12 13 8 17 5 16 3 0 7 14 12 0 8 15 17 13 10 6 7 12 5 14 0 6 16 15 15 0 3 4 2 4 14 3
14 17 11 3 18 19 6 19 15 11 7 1 2 11 8 4 5 5 10 18 18 12 3 7 0 7 16 5 4 4 7 0 4 4 12 8 9 15 8 13 18 18 4 16 15 5 8 8 10 17
0 10 16 19 6 7 2 16 9 12 12 19 8 17 8 6 2 1 8 19 12 5 14 14 7 0 13 5 6 3 1 7 19 12 17 12 19 3 6 16 18 5 8 8 11 9 15 17 0 18
9 13 1 2 10 15 1 15 6 8 19 0 14 5 15 9 5 17 8 3 12 3 9 12 16 13 0 9 12 2 14 6 1 16 9 13 8 7 2 7 12 1 0 2 12 10 8 2 9 17
15 4 19 17 11 5 6 14 5 19 10 7 5 17 7 14 15 14 11 11 10 16 18 0 5 5 9 0 6 8 10 19 8 16 11 1 1 19 13 7 8 10 4 13 14 5 2 19 11 7
19 9 0 3 12 11 1 11 7 12 2 4 9 15 0 0 16 10 0 1 12 10 11 8 4 6 12 6 0 7 4 12 11 0 1 3 6 1 17 4 5 15 14 14 9 5 13 8 6 13
10 18 14 13 14 17 4 8 0 2 17 14 6 4 5 6 4 19 4 19 19 9 5 15 4 3 2 8 7 0 2 8 6 8 9 12 15 0 19 9 15 14 7 4 9 16 13 9 7 0
0 3 9 12 2 11 13 4 5 9 13 13 16 7 1 14 18 10 4 8 4 2 7 17 7 1 14 10 4 2 0 9 4 14 19 11 4 1 3 4 15 1 10 16 18 0 7 11 13 8
16 15 10 12 9 7 14 2 6 6 3 16 5 8 17 9 8 3 19 16 0 2 9 13 0 7 6 19 12 8 9 0 18 17 1 9 4 3 6 3 1 11 3 17 0 6 12 4 13 19
1 7 4 10 1 6 0 8 9 15 2 0 5 8 16 12 17 11 15 7 12 4 3 10 4 19 1 8 11 6 4 18 0 17 12 15 13 13 18 16 0 7 8 9 8 16 10 13 17 16
1 14 15 3 6 13 0 9 5 18 19 16 16 2 0 1 19 9 19 9 7 17 19 6 4 12 16 16 0 8 14 17 17 0 8 2 7 18 19 15 3 11 19 16 10 17 3 5 10 4
4 0 8 6 1 13 6 9 16 13 16 15 7 19 15 8 4 10 4 10 0 14 15 7 12 17 9 11 1 9 19 1 12 8 0 4 12 17 13 12 5 13 7 5 0 18 10 4 10 0
6 14 8 5 2 0 0 6 13 18 17 14 16 12 9 2 17 11 1 5 16 9 3 12 8 12 13 1 3 12 11 9 15 2 4 0 16 13 3 4 13 13 18 14 15 6 12 3 6 12
5 2 10 15 11 16 16 2 11 10 7 4 0 2 16 14 18 0 1 9 10 19 9 5 9 19 8 1 6 15 4 4 13 7 12 16 0 5 4 11 18 3 13 14 9 9 9 8 8 13
19 7 12 10 4 2 1 18 14 13 9 9 6 11 0 13 12 15 10 12 5 15 16 14 15 3 7 19 1 0 1 3 13 18 17 13 5 0 10 17 6 3 5 11 14 13 3 7 5 10
3 17 1 1 8 9 3 1 0 2 5 4 19 16 8 14 0 16 2 18 7 15 7 0 8 6 2 13 17 19 3 6 18 19 13 3 4 10 0 18 13 5 14 14 14 0 18 11 19 15
7 6 8 7 18 14 10 11 0 0 4 12 13 14 12 8 12 8 9 13 12 19 14 6 13 16 7 7 4 9 4 3 16 15 12 4 11 17 18 0 11 16 5 3 13 12 15 9 0 3
17 7 18 11 2 16 11 12 17 0 2 14 14 3 5 16 3 10 8 3 3 5 17 16 18 18 12 8 5 15 15 1 0 3 5 13 18 6 13 11 0 11 9 19 6 17 14 13 7 16
7 10 15 8 11 13 16 3 9 11 18 11 7 8 5 10 13 6 2 3 13 16 13 15 18 5 1 10 15 14 1 11 7 11 13 13 3 3 5 16 11 0 12 18 7 15 6 2 16 16
16 14 16 2 9 7 4 16 0 2 15 5 6 1 2 9 10 14 18 15 12 15 13 15 4 8 0 4 14 7 10 3 8 19 7 18 13 5 14 5 9 12 0 7 10 15 3 1 14 10
7 7 13 16 7 12 6 16 7 6 15 11 4 9 1 10 18 15 14 17 19 19 16 0 16 8 2 13 14 4 16 17 9 16 5 14 14 11 14 3 19 18 7 0 14 16 10 6 4 14
17 2 13 17 4 13 18 12 9 11 14 12 19 16 5 18 12 9 6 8 2 17 14 3 15 11 12 14 9 9 18 0 8 10 0 15 9 14 14 13 6 7 10 14 0 13 2 8 9 9
8 2 6 13 9 15 13 12 13 0 14 14 12 3 6 1 2 6 17 10 17 7 4 4 5 9 10 5 5 16 0 6 16 17 18 6 9 13 0 12 17 15 15 16 13 0 14 14 9 18
19 11 18 5 16 9 5 12 5 0 9 5 8 7 16 12 4 8 5 15 13 17 19 2 8 15 8 2 13 13 7 12 10 3 10 12 9 3 18 15 14 6 3 10 2 14 0 16 16 5
7 14 15 2 3 15 11 16 12 13 7 2 8 5 0 11 11 18 1 8 7 9 11 4 8 17 2 19 8 9 11 4 13 5 4 3 8 7 11 9 13 2 1 6 8 14 16 0 16 3
4 0 17 8 13 4 3 3 2 16 16 11 10 16 7 7 7 9 5 1 6 12 5 14 10 0 9 11 6 7 13 13 17 10 10 6 8 5 19 0 7 16 14 4 9 9 16 16 0 4
6 9 8 11 18 2 13 13 9 17 1 8 6 5 3 3 11 1 2 7 3 6 5 3 17 18 17 7 13 0 8 19 16 4 0 12 13 10 15 3 16 16 10 14 9 18 5 3 4 0
