100
50
0 15 0 0 5 0 18 0 10 0 0 0 0 0 16 0 0 0 0 8 0 0 0 0 0 0 0 1 0 0 0 0 0 0 0 0 14 0 0 0 0 11 0 10 0 0 0 0 17 0
15 0 0 19 0 0 0 0 8 0 0 8 16 5 0 0 5 0 14 0 0 0 0 12 0 0 9 0 0 11 0 0 0 0 17 0 0 0 2 0 0 0 0 0 5 9 0 0 10 0
0 0 0 0 0 0 0 0 0 13 0 15 0 11 0 0 7 0 1 0 0 15 0 0 0 0 0 0 0 0 0 0 0 0 0 0 0 0 0 0 2 0 0 0 2 17 14 0 0 0
0 19 0 0 0 8 0 0 5 0 0 0 11 0 11 0 11 0 0 0 0 0 0 0 0 0 4 1 1 0 0 11 0 0 0 4 0 0 0 0 0 7 0 0 0 13 0 0 10 16
5 0 0 0 0 0 0 0 0 0 0 0 15 0 0 2 0 14 0 0 0 13 0 0 0 0 0 4 11 0 18 15 0 0 0 0 0 0 0 0 16 0 0 0 0 1 0 0 0 0
0 0 0 8 0 0 0 0 0 0 0 0 0 0 0 0 0 4 0 5 0 5 0 0 0 0 0 0 0 0 0 1 0 0 0 0 18 0 0 0 0 0 0 0 0 4 0 0 13 0
18 0 0 0 0 0 0 0 0 0 11 0 0 0 0 0 0 0 0 0 17 0 0 0 0 0 0 18 0 0 0 0 11 3 8 19 7 0 16 0 0 17 0 15 0 0 0 0 18 1
0 0 0 0 0 0 0 0 0 0 0 0 0 12 14 0 0 0 14 0 5 0 0 0 5 16 0 0 0 0 0 19 1 0 0 13 16 0 0 0 11 0 0 3 0 17 0 9 0 0
10 8 0 5 0 0 0 0 0 2 0 13 0 0 0 0 0 0 0 16 15 18 8 0 0 7 0 0 0 0 0 0 0 14 0 3 0 0 0 8 0 6 6 0 0 4 0 0 0 0
0 0 13 0 0 0 0 0 2 0 0 0 0 16 0 0 0 0 0 0 8 0 3 0 9 9 6 0 0 0 0 0 0 0 0 0 0 0 0 19 19 0 0 16 0 4 11 13 0 0
0 0 0 0 0 0 11 0 0 0 0 0 0 0 0 0 0 0 19 0 0 0 0 0 0 13 0 0 12 1 0 17 0 16 0 0 0 4 0 12 0 0 0 0 0 0 0 0 0 0
0 8 15 0 0 0 0 0 13 0 0 0 13 0 0 5 13 0 0 0 0 10 12 0 0 0 0 0 0 0 0 0 0 15 0 18 0 0 0 0 0 0 0 9 0 0 0 18 0 0
0 16 0 11 15 0 0 0 0 0 0 13 0 0 9 0 0 0 14 0 0 0 0 4 0 0 0 8 0 0 0 0 0 0 0 0 0 9 0 0 0 0 0 0 0 8 0 4 0 0
0 5 11 0 0 0 0 12 0 16 0 0 0 0 8 3 0 0 5 18 15 0 12 0 0 0 3 0 0 0 19 0 13 0 0 0 0 0 0 0 0 19 0 0 13 0 15 0 6 1
16 0 0 11 0 0 0 14 0 0 0 0 9 8 0 0 17 0 0 0 0 0 0 13 0 13 1 0 0 0 0 0 17 10 6 0 16 15 0 0 16 7 0 0 0 0 0 11 0 0
0 0 0 0 2 0 0 0 0 0 0 5 0 3 0 0 0 0 0 10 4 0 10 0 0 8 9 0 0 18 0 0 18 2 0 19 0 6 0 0 0 3 0 0 0 0 0 15 1 0
0 5 7 11 0 0 0 0 0 0 0 13 0 0 17 0 0 0 15 6 0 0 0 2 6 6 0 0 0 12 0 0 1 0 0 0 18 0 0 0 0 0 19 0 0 0 0 0 0 0
0 0 0 0 14 4 0 0 0 0 0 0 0 0 0 0 0 0 0 0 12 0 12 0 0 3 0 11 3 0 0 0 0 0 0 0 0 0 0 0 0 1 0 0 0 18 0 0 0 2
0 14 1 0 0 0 0 14 0 0 19 0 14 5 0 0 15 0 0 0 0 0 0 18 0 0 10 16 0 8 0 0 0 0 1 0 0 0 0 16 0 4 0 0 0 0 0 0 0 15
8 0 0 0 0 5 0 0 16 0 0 0 0 18 0 10 6 0 0 0 0 0 8 0 0 0 11 0 19 0 0 0 12 0 0 0 9 0 0 0 0 0 0 16 0 0 0 0 0 9
0 0 0 0 0 0 17 5 15 8 0 0 0 15 0 4 0 12 0 0 0 13 0 17 3 0 0 0 13 19 19 0 0 0 0 6 7 10 0 0 19 17 0 19 0 0 0 0 0 7
0 0 15 0 13 5 0 0 18 0 0 10 0 0 0 0 0 0 0 0 13 0 0 13 0 0 0 1 18 0 0 3 14 11 15 0 0 1 0 3 0 7 17 0 0 3 0 0 8 0
0 0 0 0 0 0 0 0 8 3 0 12 0 12 0 10 0 12 0 8 0 0 0 4 11 0 0 0 0 0 0 7 0 11 4 0 0 0 0 15 0 0 0 0 0 0 0 5 0 12
0 12 0 0 0 0 0 0 0 0 0 0 4 0 13 0 2 0 18 0 17 13 4 0 0 6 0 0 0 15 0 0 0 9 9 0 0 0 0 9 0 15 0 0 0 0 0 0 17 0
0 0 0 0 0 0 0 5 0 9 0 0 0 0 0 0 6 0 0 0 3 0 11 0 0 0 11 0 0 0 0 0 0 0 0 0 2 0 0 0 0 0 0 0 0 1 8 10 19 17
0 0 0 0 0 0 0 16 7 9 13 0 0 0 13 8 6 3 0 0 0 0 0 6 0 0 0 5 7 0 0 0 0 8 11 3 0 17 2 0 2 0 0 0 0 10 9 9 9 16
0 9 0 4 0 0 0 0 0 6 0 0 0 3 1 9 0 0 10 11 0 0 0 0 11 0 0 6 0 0 0 8 0 9 0 0 13 0 0 0 0 0 0 0 0 0 0 0 0 6
1 0 0 1 4 0 18 0 0 0 0 0 8 0 0 0 0 11 16 0 0 1 0 0 0 5 6 0 0 0 0 17 8 0 0 0 0 0 0 0 0 0 0 0 8 0 0 0 10 0
0 0 0 1 11 0 0 0 0 0 12 0 0 0 0 0 0 3 0 19 13 18 0 0 0 7 0 0 0 0 0 14 0 0 9 0 12 0 0 0 18 0 0 0 0 0 6 0 0 7
0 11 0 0 0 0 0 0 0 0 1 0 0 0 0 18 12 0 8 0 19 0 0 15 0 0 0 0 0 0 1 0 0 0 0 0 0 0 0 0 0 0 0 11 0 0 7 13 0 0
0 0 0 0 18 0 0 0 0 0 0 0 0 19 0 0 0 0 0 0 19 0 0 0 0 0 0 0 0 1 0 0 0 12 0 11 0 0 11 17 0 6 14 1 0 0 0 0 19 0
0 0 0 11 15 1 0 19 0 0 17 0 0 0 0 0 0 0 0 0 0 3 7 0 0 0 8 17 14 0 0 0 8 0 0 0 0 0 0 18 0 0 0 0 0 0 4 0 0 0
0 0 0 0 0 0 11 1 0 0 0 0 0 13 17 18 1 0 0 12 0 14 0 0 0 0 0 8 0 0 0 8 0 0 0 0 0 0 8 0 0 0 4 0 0 11 0 0 0 0
0 0 0 0 0 0 3 0 14 0 16 15 0 0 10 2 0 0 0 0 0 11 11 9 0 8 9 0 0 0 12 0 0 0 2 0 13 15 0 0 0 11 9 3 0 0 0 0 17 0
0 17 0 0 0 0 8 0 0 0 0 0 0 0 6 0 0 0 1 0 0 15 4 9 0 11 0 0 9 0 0 0 0 2 0 4 1 2 11 0 0 0 0 5 0 3 13 0 0 0
0 0 0 4 0 0 19 13 3 0 0 18 0 0 0 19 0 0 0 0 6 0 0 0 0 3 0 0 0 0 11 0 0 0 4 0 0 0 0 0 11 0 0 13 0 0 0 3 0 0
14 0 0 0 0 18 7 16 0 0 0 0 0 0 16 0 18 0 0 9 7 0 0 0 2 0 13 0 12 0 0 0 0 13 1 0 0 19 18 0 0 7 0 1 0 0 0 9 0 7
0 0 0 0 0 0 0 0 0 0 4 0 9 0 15 6 0 0 0 0 10 1 0 0 0 17 0 0 0 0 0 0 0 15 2 0 19 0 0 9 0 0 16 0 0 0 0 0 0 0
0 2 0 0 0 0 16 0 0 0 0 0 0 0 0 0 0 0 0 0 0 0 0 0 0 2 0 0 0 0 11 0 8 0 11 0 18 0 0 0 6 0 0 0 12 0 0 0 13 0
0 0 0 0 0 0 0 0 8 19 12 0 0 0 0 0 0 0 16 0 0 3 15 9 0 0 0 0 0 0 17 18 0 0 0 0 0 9 0 0 0 13 0 7 0 14 0 0 0 0
0 0 2 0 16 0 0 11 0 19 0 0 0 0 16 0 0 0 0 0 19 0 0 0 0 2 0 0 18 0 0 0 0 0 0 11 0 0 6 0 0 0 6 0 0 0 0 0 10 2
11 0 0 7 0 0 17 0 6 0 0 0 0 19 7 3 0 1 4 0 17 7 0 15 0 0 0 0 0 0 6 0 0 11 0 0 7 0 0 13 0 0 0 0 12 0 0 0 0 0
0 0 0 0 0 0 0 0 6 0 0 0 0 0 0 0 19 0 0 0 0 17 0 0 0 0 0 0 0 0 14 0 4 9 0 0 0 16 0 0 6 0 0 0 0 0 3 1 0 4
10 0 0 0 0 0 15 3 0 16 0 9 0 0 0 0 0 0 0 16 19 0 0 0 0 0 0 0 0 11 1 0 0 3 5 13 1 0 0 7 0 0 0 0 0 0 0 0 0 9
0 5 2 0 0 0 0 0 0 0 0 0 0 13 0 0 0 0 0 0 0 0 0 0 0 0 0 8 0 0 0 0 0 0 0 0 0 0 12 0 0 12 0 0 0 0 0 4 13 0
0 9 17 13 1 4 0 17 4 4 0 0 8 0 0 0 0 18 0 0 0 3 0 0 1 10 0 0 0 0 0 0 11 0 3 0 0 0 0 14 0 0 0 0 0 0 7 0 0 0
0 0 14 0 0 0 0 0 0 11 0 0 0 15 0 0 0 0 0 0 0 0 0 0 8 9 0 0 6 7 0 4 0 0 13 0 0 0 0 0 0 0 3 0 0 7 0 0 0 12
0 0 0 0 0 0 0 9 0 13 0 18 4 0 11 15 0 0 0 0 0 0 5 0 10 9 0 0 0 13 0 0 0 0 0 3 9 0 0 0 0 0 1 0 4 0 0 0 0 18
17 10 0 10 0 13 18 0 0 0 0 0 0 6 0 1 0 0 0 0 0 8 0 17 19 9 0 10 0 0 19 0 0 17 0 0 0 0 13 0 10 0 0 0 13 0 0 0 0 0
0 0 0 16 0 0 1 0 0 0 0 0 0 1 0 0 0 2 15 9 7 0 12 0 17 16 6 0 7 0 0 0 0 0 0 0 7 0 0 0 2 0 4 9 0 0 12 18 0 0
