75
50
0 12 8 9 11 11 4 5 0 19 8 12 2 17 7 11 13 3 16 19 5 0 15 18 1 14 1 17 9 15 18 19 9 3 5 14 8 4 15 18 3 3 9 11 11 19 0 1 13 5
12 0 6 12 17 13 2 16 5 4 19 7 11 19 12 5 19 11 1 0 0 3 12 18 12 14 17 13 17 3 5 3 9 2 11 1 4 18 17 3 0 15 9 18 13 8 8 6 0 10
8 6 0 7 16 11 18 11 15 8 10 11 3 9 2 18 7 0 17 18 8 8 2 8 15 19 0 8 19 0 3 8 12 14 18 15 14 9 18 5 8 2 10 17 1 15 13 17 16 7
9 12 7 0 11 18 13 0 1 5 17 10 6 18 1 7 9 15 5 1 2 9 11 14 16 11 0 19 15 17 6 12 13 1 8 0 12 6 1 1 14 15 9 0 10 3 4 6 17 18
11 17 16 11 0 14 18 13 17 12 12 4 15 16 6 15 18 16 14 7 12 6 17 18 5 3 19 9 5 4 17 8 15 17 6 17 4 8 8 6 4 13 14 9 7 3 0 12 3 0
11 13 11 18 14 0 5 13 12 18 5 15 4 12 17 1 4 18 3 15 7 16 19 1 3 0 7 8 16 15 7 4 8 6 19 0 15 19 6 15 5 8 1 0 8 16 9 12 16 15
4 2 18 13 18 5 0 1 11 6 12 18 16 8 18 18 11 10 3 5 7 15 6 1 4 0 0 11 4 2 12 10 15 17 8 13 19 15 11 5 17 9 5 3 14 16 1 6 4 19
5 16 11 0 13 13 1 0 10 5 18 4 10 19 16 1 8 11 19 15 15 2 7 13 18 14 12 7 5 13 0 3 11 2 0 4 17 4 18 3 16 16 13 13 19 7 10 12 13 16
0 5 15 1 17 12 11 10 0 3 18 18 19 19 17 8 1 17 6 19 2 13 12 1 2 4 14 11 10 15 19 5 4 4 15 4 12 1 11 12 14 11 18 6 14 18 11 6 4 13
19 4 8 5 12 18 6 5 3 0 10 2 7 18 16 3 16 16 14 19 0 13 2 5 3 10 9 0 2 18 18 19 19 16 12 6 10 3 19 9 9 11 13 0 13 11 0 9 12 8
8 19 10 17 12 5 12 18 18 10 0 1 6 19 10 11 10 1 0 10 18 6 19 7 18 9 12 14 17 9 8 8 2 5 16 9 18 19 16 8 14 8 17 16 13 3 11 10 4 4
12 7 11 10 4 15 18 4 18 2 1 0 16 4 5 19 1 3 8 15 7 0 17 9 5 2 10 6 0 6 2 5 8 12 15 18 11 12 1 13 5 9 17 15 13 0 0 12 0 4
2 11 3 6 15 4 16 10 19 7 6 16 0 15 3 9 13 14 5 12 16 18 0 10 9 15 8 10 2 4 6 14 7 1 13 17 11 1 13 8 9 3 18 6 2 14 19 14 6 8
17 19 9 18 16 12 8 19 19 18 19 4 15 0 1 17 14 1 17 6 3 13 13 3 18 19 17 16 14 12 15 1 11 9 14 6 12 3 17 4 13 7 9 1 12 9 11 3 18 4
7 12 2 1 6 17 18 16 17 16 10 5 3 1 0 13 5 14 6 10 2 0 11 10 9 15 0 16 16 13 19 4 0 3 5 11 0 3 19 11 19 3 3 17 11 18 9 8 9 1
11 5 18 7 15 1 18 1 8 3 11 19 9 17 13 0 11 11 3 14 0 13 14 18 17 12 6 5 7 5 8 16 16 7 11 14 1 13 2 9 18 12 18 5 8 14 1 8 2 11
13 19 7 9 18 4 11 8 1 16 10 1 13 14 5 11 0 17 10 13 19 17 1 0 19 11 5 11 14 8 7 3 0 8 1 11 4 5 0 10 10 5 7 5 11 17 9 17 11 2
3 11 0 15 16 18 10 11 17 16 1 3 14 1 14 11 17 0 17 3 15 18 6 18 5 17 0 4 5 14 15 9 9 12 3 12 14 1 15 1 10 11 19 8 10 14 13 4 16 19
16 1 17 5 14 3 3 19 6 14 0 8 5 17 6 3 10 17 0 10 15 0 5 13 2 0 9 9 19 1 10 1 15 16 1 11 18 6 11 7 6 14 0 12 18 5 6 14 8 8
19 0 18 1 7 15 5 15 19 19 10 15 12 6 10 14 13 3 10 0 19 1 0 17 1 13 3 12 12 13 6 5 5 2 19 13 14 2 4 12 9 8 4 18 13 6 4 14 6 13
5 0 8 2 12 7 7 15 2 0 18 7 16 3 2 0 19 15 15 19 0 1 13 12 11 18 18 12 6 19 4 5 14 11 10 3 15 12 13 18 6 7 5 3 18 6 2 11 12 10
0 3 8 9 6 16 15 2 13 13 6 0 18 13 0 13 17 18 0 1 1 0 2 15 1 11 10 5 2 0 6 19 17 3 13 1 9 5 8 5 15 15 19 17 4 5 8 17 6 12
15 12 2 11 17 19 6 7 12 2 19 17 0 13 11 14 1 6 5 0 13 2 0 14 2 7 6 8 17 14 2 6 14 6 8 6 16 12 17 8 7 0 16 1 18 6 8 2 15 11
18 18 8 14 18 1 1 13 1 5 7 9 10 3 10 18 0 18 13 17 12 15 14 0 15 6 16 6 7 4 3 17 8 7 16 8 0 13 3 16 15 8 16 7 14 2 6 8 0 7
1 12 15 16 5 3 4 18 2 3 18 5 9 18 9 17 19 5 2 1 11 1 2 15 0 14 2 18 2 3 5 5 18 15 7 0 7 5 17 18 6 11 10 2 7 13 19 10 6 3
14 14 19 11 3 0 0 14 4 10 9 2 15 19 15 12 11 17 0 13 18 11 7 6 14 0 13 13 6 17 3 2 4 18 5 19 3 17 7 7 7 4 10 4 10 1 13 11 1 18
1 17 0 0 19 7 0 12 14 9 12 10 8 17 0 6 5 0 9 3 18 10 6 16 2 13 0 15 4 1 2 11 5 4 9 17 7 6 13 7 5 14 4 14 8 7 8 19 7 7
17 13 8 19 9 8 11 7 11 0 14 6 10 16 16 5 11 4 9 12 12 5 8 6 18 13 15 0 18 0 1 3 6 11 12 16 15 2 14 15 5 8 19 5 0 15 14 6 11 15
9 17 19 15 5 16 4 5 10 2 17 0 2 14 16 7 14 5 19 12 6 2 17 7 2 6 4 18 0 14 4 2 10 2 11 0 13 18 15 0 2 4 17 10 19 17 7 6 13 5
15 3 0 17 4 15 2 13 15 18 9 6 4 12 13 5 8 14 1 13 19 0 14 4 3 17 1 0 14 0 5 18 3 17 9 0 16 1 3 4 8 7 10 3 13 19 3 6 17 5
18 5 3 6 17 7 12 0 19 18 8 2 6 15 19 8 7 15 10 6 4 6 2 3 5 3 2 1 4 5 0 13 6 15 16 15 5 2 14 11 14 11 11 6 9 5 16 6 17 12
19 3 8 12 8 4 10 3 5 19 8 5 14 1 4 16 3 9 1 5 5 19 6 17 5 2 11 3 2 18 13 0 19 4 6 12 1 12 0 15 1 17 16 18 11 18 12 13 13 8
9 9 12 13 15 8 15 11 4 19 2 8 7 11 0 16 0 9 15 5 14 17 14 8 18 4 5 6 10 3 6 19 0 17 5 1 5 3 8 7 6 1 14 14 10 0 3 13 16 9
3 2 14 1 17 6 17 2 4 16 5 12 1 9 3 7 8 12 16 2 11 3 6 7 15 18 4 11 2 17 15 4 17 0 10 6 17 17 4 11 10 17 14 15 1 10 13 0 14 3
5 11 18 8 6 19 8 0 15 12 16 15 13 14 5 11 1 3 1 19 10 13 8 16 7 5 9 12 11 9 16 6 5 10 0 11 15 11 17 3 19 1 0 14 2 18 5 4 15 4
14 1 15 0 17 0 13 4 4 6 9 18 17 6 11 14 11 12 11 13 3 1 6 8 0 19 17 16 0 0 15 12 1 6 11 0 2 6 19 1 14 11 4 8 1 9 19 16 18 18
8 4 14 12 4 15 19 17 12 10 18 11 11 12 0 1 4 14 18 14 15 9 16 0 7 3 7 15 13 16 5 1 5 17 15 2 0 8 9 10 16 7 11 6 2 16 13 10 4 8
4 18 9 6 8 19 15 4 1 3 19 12 1 3 3 13 5 1 6 2 12 5 12 13 5 17 6 2 18 1 2 12 3 17 11 6 8 0 19 6 18 13 11 10 3 1 19 18 18 19
15 17 18 1 8 6 11 18 11 19 16 1 13 17 19 2 0 15 11 4 13 8 17 3 17 7 13 14 15 3 14 0 8 4 17 19 9 19 0 12 0 6 13 0 12 3 9 6 3 19
18 3 5 1 6 15 5 3 12 9 8 13 8 4 11 9 10 1 7 12 18 5 8 16 18 7 7 15 0 4 11 15 7 11 3 1 10 6 12 0 0 3 13 19 18 8 2 15 2 14
3 0 8 14 4 5 17 16 14 9 14 5 9 13 19 18 10 10 6 9 6 15 7 15 6 7 5 5 2 8 14 1 6 10 19 14 16 18 0 0 0 7 0 12 10 13 12 15 12 16
3 15 2 15 13 8 9 16 11 11 8 9 3 7 3 12 5 11 14 8 7 15 0 8 11 4 14 8 4 7 11 17 1 17 1 11 7 13 6 3 7 0 16 16 6 18 10 13 5 4
9 9 10 9 14 1 5 13 18 13 17 17 18 9 3 18 7 19 0 4 5 19 16 16 10 10 4 19 17 10 11 16 14 14 0 4 11 11 13 13 0 16 0 4 5 10 16 14 14 19
11 18 17 0 9 0 3 13 6 0 16 15 6 1 17 5 5 8 12 18 3 17 1 7 2 4 14 5 10 3 6 18 14 15 14 8 6 10 0 19 12 16 4 0 0 0 4 17 14 5
11 13 1 10 7 8 14 19 14 13 13 13 2 12 11 8 11 10 18 13 18 4 18 14 7 10 8 0 19 13 9 11 10 1 2 1 2 3 12 18 10 6 5 0 0 7 0 16 7 10
19 8 15 3 3 16 16 7 18 11 3 0 14 9 18 14 17 14 5 6 6 5 6 2 13 1 7 15 17 19 5 18 0 10 18 9 16 1 3 8 13 18 10 0 7 0 4 17 17 6
0 8 13 4 0 9 1 10 11 0 11 0 19 11 9 1 9 13 6 4 2 8 8 6 19 13 8 14 7 3 16 12 3 13 5 19 13 19 9 2 12 10 16 4 0 4 0 5 3 16
1 6 17 6 12 12 6 12 6 9 10 12 14 3 8 8 17 4 14 14 11 17 2 8 10 11 19 6 6 6 6 13 13 0 4 16 10 18 6 15 15 13 14 17 16 17 5 0 2 2
13 0 16 17 3 16 4 13 4 12 4 0 6 18 9 2 11 16 8 6 12 6 15 0 6 1 7 11 13 17 17 13 16 14 15 18 4 18 3 2 12 5 14 14 7 17 3 2 0 2
5 10 7 18 0 15 19 16 13 8 4 4 8 4 1 11 2 19 8 13 10 12 11 7 3 18 7 15 5 5 12 8 9 3 4 18 8 19 19 14 16 4 19 5 10 6 16 2 2 0
