50
50
0 14 0 5 2 14 3 12 11 8 1 19 19 6 11 7 7 8 3 12 10 0 8 7 17 18 5 4 8 11 9 2 1 2 11 12 12 0 6 17 19 11 11 3 7 2 11 3 10 16
14 0 12 14 4 8 2 13 10 3 11 3 0 11 16 16 8 11 14 2 2 9 2 0 11 4 8 17 3 6 13 7 3 8 11 1 19 4 4 4 16 1 9 12 0 0 17 2 18 0
0 12 0 19 0 7 15 15 6 4 6 3 13 11 16 14 2 5 5 5 19 19 18 9 16 5 16 7 19 10 11 12 8 13 1 8 14 0 12 11 7 8 0 4 2 3 4 2 11 7
5 14 19 0 1 5 6 15 5 8 13 3 13 12 4 19 6 9 4 15 12 15 12 15 4 17 14 9 8 13 6 14 13 0 7 13 18 9 3 12 8 0 5 14 8 12 13 5 16 9
2 4 0 1 0 6 5 5 14 5 5 13 13 2 0 19 17 14 14 4 3 18 8 15 13 6 12 0 6 15 13 2 13 5 14 13 17 13 0 12 4 1 0 16 11 5 7 9 17 2
14 8 7 5 6 0 0 3 6 2 16 17 6 4 13 3 18 6 18 9 18 13 16 4 10 18 17 16 7 14 11 10 0 4 7 1 9 4 7 6 19 7 0 11 14 17 5 5 6 9
3 2 15 6 5 0 0 19 8 7 18 3 7 12 18 15 7 19 14 2 17 6 5 14 13 0 9 9 17 15 4 0 14 14 15 9 19 2 8 12 3 14 6 14 12 17 4 3 17 4
12 13 15 15 5 3 19 0 14 13 9 13 1 5 1 16 17 0 10 4 4 10 10 16 1 3 14 12 10 3 2 13 4 4 15 3 2 7 7 8 9 7 19 2 14 9 3 15 10 0
11 10 6 5 14 6 8 14 0 10 9 6 2 8 7 12 0 16 9 19 1 17 1 10 13 0 0 19 12 11 11 7 10 18 17 13 9 17 19 4 5 4 1 5 13 8 6 17 8 13
8 3 4 8 5 2 7 13 10 0 1 14 3 12 8 17 10 17 11 0 13 4 5 0 0 2 4 1 18 8 8 8 17 1 3 11 7 8 4 9 2 14 14 15 10 7 13 13 14 10
1 11 6 13 5 16 18 9 9 1 0 13 1 3 4 15 0 17 5 19 7 11 13 9 2 15 11 7 18 13 2 13 17 8 6 0 0 17 0 5 7 8 6 15 12 7 2 19 16 19
19 3 3 3 13 17 3 13 6 14 13 0 2 7 0 2 16 5 2 9 14 7 4 14 16 1 14 1 18 6 18 4 13 9 6 12 3 12 0 9 18 13 13 15 11 14 4 13 9 10
19 0 13 13 13 6 7 1 2 3 1 2 0 14 16 3 15 19 9 19 6 3 19 1 9 14 10 3 2 6 13 8 9 8 10 3 11 14 13 18 4 12 3 0 12 5 7 18 11 7
6 11 11 12 2 4 12 5 8 12 3 7 14 0 6 0 16 12 2 8 1 19 12 14 4 10 5 19 3 2 15 19 13 18 19 0 11 12 4 18 7 16 14 4 19 3 14 11 0 13
11 16 16 4 0 13 18 1 7 8 4 0 16 6 0 6 8 2 5 1 11 3 9 2 10 18 11 9 11 7 5 18 9 18 3 7 8 2 19 4 8 0 3 7 11 19 7 1 7 19
7 16 14 19 19 3 15 16 12 17 15 2 3 0 6 0 4 2 4 16 10 10 16 13 2 9 13 9 2 12 11 7 2 5 5 1 8 12 6 11 18 12 15 14 4 4 15 1 12 16
7 8 2 6 17 18 7 17 0 10 0 16 15 16 8 4 0 4 11 6 16 15 4 0 1 9 15 17 2 1 11 14 17 15 16 18 1 10 0 16 18 6 10 9 7 8 9 17 17 2
8 11 5 9 14 6 19 0 16 17 17 5 19 12 2 2 4 0 9 1 7 14 18 6 10 9 12 6 13 8 10 8 2 8 16 17 10 9 11 12 4 15 13 19 16 1 1 19 13 3
3 14 5 4 14 18 14 10 9 11 5 2 9 2 5 4 11 9 0 4 0 1 1 12 2 6 12 17 14 4 4 6 15 3 17 0 15 14 19 8 6 7 14 14 1 7 12 16 17 4
12 2 5 15 4 9 2 4 19 0 19 9 19 8 1 16 6 1 4 0 4 7 5 15 2 8 13 8 5 3 14 12 16 14 5 9 17 5 17 11 7 14 3 15 4 0 4 9 17 17
10 2 19 12 3 18 17 4 1 13 7 14 6 1 11 10 16 7 0 4 0 4 10 1 18 1 0 10 0 12 13 18 1 8 4 10 9 2 15 8 7 6 10 12 17 4 18 13 4 7
0 9 19 15 18 13 6 10 17 4 11 7 3 19 3 10 15 14 1 7 4 0 9 14 12 0 16 5 12 7 11 10 12 4 2 5 14 15 7 5 6 8 3 12 11 3 17 12 17 9
8 2 18 12 8 16 5 10 1 5 13 4 19 12 9 16 4 18 1 5 10 9 0 3 10 8 1 11 1 19 19 18 15 11 19 9 7 19 11 7 16 5 5 3 4 8 11 4 7 1
7 0 9 15 15 4 14 16 10 0 9 14 1 14 2 13 0 6 12 15 1 14 3 0 8 12 9 10 5 17 2 19 15 14 15 17 15 18 4 17 1 17 19 9 10 8 19 18 5 1
17 11 16 4 13 10 13 1 13 0 2 16 9 4 10 2 1 10 2 2 18 12 10 8 0 16 2 6 10 15 2 10 15 17 1 4 6 9 12 4 18 1 3 3 8 9 1 9 15 3
18 4 5 17 6 18 0 3 0 2 15 1 14 10 18 9 9 9 6 8 1 0 8 12 16 0 16 6 7 4 0 14 14 6 6 8 17 18 14 15 12 6 3 5 19 10 17 12 17 9
5 8 16 14 12 17 9 14 0 4 11 14 10 5 11 13 15 12 12 13 0 16 1 9 2 16 0 11 2 6 13 10 11 6 14 4 18 19 1 13 0 19 14 16 3 8 15 12 8 11
4 17 7 9 0 16 9 12 19 1 7 1 3 19 9 9 17 6 17 8 10 5 11 10 6 6 11 0 7 4 8 11 17 10 15 11 11 1 3 12 10 19 2 15 6 3 9 13 5 3
8 3 19 8 6 7 17 10 12 18 18 18 2 3 11 2 2 13 14 5 0 12 1 5 10 7 2 7 0 13 7 8 17 7 4 8 9 13 14 19 17 13 1 8 3 10 3 14 7 12
11 6 10 13 15 14 15 3 11 8 13 6 6 2 7 12 1 8 4 3 12 7 19 17 15 4 6 4 13 0 16 13 10 0 11 9 8 1 4 11 0 1 18 12 10 17 9 2 13 2
9 13 11 6 13 11 4 2 11 8 2 18 13 15 5 11 11 10 4 14 13 11 19 2 2 0 13 8 7 16 0 14 8 12 8 13 12 6 12 6 0 17 1 12 12 17 7 1 15 0
2 7 12 14 2 10 0 13 7 8 13 4 8 19 18 7 14 8 6 12 18 10 18 19 10 14 10 11 8 13 14 0 15 16 6 5 13 18 18 14 13 9 17 7 15 3 8 14 17 8
1 3 8 13 13 0 14 4 10 17 17 13 9 13 9 2 17 2 15 16 1 12 15 15 15 14 11 17 17 10 8 15 0 12 0 5 17 18 3 17 1 6 19 18 2 17 11 8 9 18
2 8 13 0 5 4 14 4 18 1 8 9 8 18 18 5 15 8 3 14 8 4 11 14 17 6 6 10 7 0 12 16 12 0 11 19 17 2 2 7 6 16 2 12 1 18 14 2 16 5
11 11 1 7 14 7 15 15 17 3 6 6 10 19 3 5 16 16 17 5 4 2 19 15 1 6 14 15 4 11 8 6 0 11 0 4 8 9 9 0 1 17 19 13 14 2 7 1 18 9
12 1 8 13 13 1 9 3 13 11 0 12 3 0 7 1 18 17 0 9 10 5 9 17 4 8 4 11 8 9 13 5 5 19 4 0 15 5 15 8 9 19 6 11 2 2 6 15 8 18
12 19 14 18 17 9 19 2 9 7 0 3 11 11 8 8 1 10 15 17 9 14 7 15 6 17 18 11 9 8 12 13 17 17 8 15 0 9 14 4 10 19 11 13 7 4 12 17 3 9
0 4 0 9 13 4 2 7 17 8 17 12 14 12 2 12 10 9 14 5 2 15 19 18 9 18 19 1 13 1 6 18 18 2 9 5 9 0 11 18 0 13 13 14 11 7 16 9 14 6
6 4 12 3 0 7 8 7 19 4 0 0 13 4 19 6 0 11 19 17 15 7 11 4 12 14 1 3 14 4 12 18 3 2 9 15 14 11 0 2 15 19 5 3 9 0 5 17 19 7
17 4 11 12 12 6 12 8 4 9 5 9 18 18 4 11 16 12 8 11 8 5 7 17 4 15 13 12 19 11 6 14 17 7 0 8 4 18 2 0 16 0 8 9 14 19 14 13 18 14
19 16 7 8 4 19 3 9 5 2 7 18 4 7 8 18 18 4 6 7 7 6 16 1 18 12 0 10 17 0 0 13 1 6 1 9 10 0 15 16 0 16 5 3 4 9 16 18 12 3
11 1 8 0 1 7 14 7 4 14 8 13 12 16 0 12 6 15 7 14 6 8 5 17 1 6 19 19 13 1 17 9 6 16 17 19 19 13 19 0 16 0 4 16 6 12 0 7 9 7
11 9 0 5 0 0 6 19 1 14 6 13 3 14 3 15 10 13 14 3 10 3 5 19 3 3 14 2 1 18 1 17 19 2 19 6 11 13 5 8 5 4 0 15 1 8 9 14 7 17
3 12 4 14 16 11 14 2 5 15 15 15 0 4 7 14 9 19 14 15 12 12 3 9 3 5 16 15 8 12 12 7 18 12 13 11 13 14 3 9 3 16 15 0 9 13 1 1 9 9
7 0 2 8 11 14 12 14 13 10 12 11 12 19 11 4 7 16 1 4 17 11 4 10 8 19 3 6 3 10 12 15 2 1 14 2 7 11 9 14 4 6 1 9 0 16 14 1 8 15
2 0 3 12 5 17 17 9 8 7 7 14 5 3 19 4 8 1 7 0 4 3 8 8 9 10 8 3 10 17 17 3 17 18 2 2 4 7 0 19 9 12 8 13 16 0 6 6 2 2
11 17 4 13 7 5 4 3 6 13 2 4 7 14 7 15 9 1 12 4 18 17 11 19 1 17 15 9 3 9 7 8 11 14 7 6 12 16 5 14 16 0 9 1 14 6 0 15 0 2
3 2 2 5 9 5 3 15 17 13 19 13 18 11 1 1 17 19 16 9 13 12 4 18 9 12 12 13 14 2 1 14 8 2 1 15 17 9 17 13 18 7 14 1 1 6 15 0 10 12
10 18 11 16 17 6 17 10 8 14 16 9 11 0 7 12 17 13 17 17 4 17 7 5 15 17 8 5 7 13 15 17 9 16 18 8 3 14 19 18 12 9 7 9 8 2 0 10 0 2
16 0 7 9 2 9 4 0 13 10 19 10 7 13 19 16 2 3 4 17 7 9 1 1 3 9 11 3 12 2 0 8 18 5 9 18 9 6 7 14 3 7 17 9 15 2 2 12 2 0
