100
50
0 11 6 4 0 0 0 0 0 0 0 2 0 0 0 0 0 11 0 10 5 5 8 1 10 13 0 0 0 0 0 0 0 0 18 0 0 17 16 0 0 0 0 0 11 0 0 0 0 0
11 0 5 0 0 0 0 0 1 0 0 0 9 5 0 0 0 5 7 0 7 17 15 0 0 0 0 0 0 4 0 17 0 4 18 0 0 0 2 0 1 7 0 0 0 0 0 0 0 0
6 5 0 0 0 0 3 0 0 0 5 6 0 3 0 0 0 0 16 0 0 0 0 0 0 0 0 0 0 0 0 0 0 0 0 0 0 0 0 13 0 0 0 13 0 0 0 0 0 0
4 0 0 0 0 0 0 0 4 0 19 0 13 10 11 0 0 0 0 0 9 8 0 8 0 0 0 0 6 0 4 0 0 0 0 2 0 18 0 0 0 15 0 0 0 15 0 16 0 0
0 0 0 0 0 3 0 7 2 0 0 0 0 0 18 0 0 0 0 9 9 16 8 0 0 0 11 0 0 0 0 0 12 0 0 11 0 0 0 0 0 0 0 13 0 0 0 0 6 0
0 0 0 0 3 0 0 16 0 0 7 0 0 0 0 0 10 0 0 0 0 0 0 0 0 2 6 0 0 0 0 0 0 0 0 0 0 0 4 0 0 0 0 0 0 5 11 0 0 0
0 0 3 0 0 0 0 15 0 0 18 0 14 0 0 0 12 0 11 0 11 0 0 0 0 0 0 0 0 6 0 0 13 4 0 0 0 0 0 0 0 13 0 0 0 0 4 0 18 0
0 0 0 0 7 16 15 0 1 12 0 0 0 0 4 0 0 0 0 0 0 0 13 11 0 0 5 15 3 8 0 0 0 0 0 14 0 0 0 0 0 0 2 17 0 0 0 0 0 0
0 1 0 4 2 0 0 1 0 0 0 0 0 0 3 0 0 0 12 0 0 0 0 0 0 0 0 6 8 0 0 0 2 0 16 0 12 0 0 18 0 3 0 0 0 0 0 16 7 0
0 0 0 0 0 0 0 12 0 0 0 18 0 0 1 0 18 0 0 1 0 5 0 0 0 17 0 4 0 16 0 0 0 3 0 0 0 14 0 0 0 0 8 0 7 14 0 0 0 0
0 0 5 19 0 7 18 0 0 0 0 10 0 0 0 0 0 0 0 0 0 0 12 7 0 0 0 0 16 0 8 7 0 15 0 0 0 16 4 0 0 17 0 0 6 0 3 0 0 0
2 0 6 0 0 0 0 0 0 18 10 0 0 0 0 0 0 0 4 0 6 3 0 0 0 5 0 1 0 12 0 10 0 5 0 4 0 0 0 0 0 0 0 0 17 10 10 0 18 0
0 9 0 13 0 0 14 0 0 0 0 0 0 8 0 0 0 0 16 0 0 6 0 0 0 0 0 0 0 0 15 0 0 11 0 0 0 18 0 0 0 0 4 0 0 0 0 0 6 0
0 5 3 10 0 0 0 0 0 0 0 0 8 0 13 5 0 0 0 0 0 0 13 0 18 0 11 0 0 0 0 5 0 0 0 0 0 13 9 0 2 0 0 4 0 0 0 0 0 0
0 0 0 11 18 0 0 4 3 1 0 0 0 13 0 0 0 0 0 14 0 0 0 0 0 0 0 0 0 0 0 1 0 0 0 0 0 6 0 0 18 0 11 12 4 0 0 1 0 0
0 0 0 0 0 0 0 0 0 0 0 0 0 5 0 0 0 0 0 0 13 5 0 2 0 5 5 3 6 0 0 6 0 0 11 2 0 0 13 4 0 0 0 19 0 0 0 0 4 7
0 0 0 0 0 10 12 0 0 18 0 0 0 0 0 0 0 0 12 19 15 0 0 11 0 0 0 0 5 0 14 19 0 7 17 0 0 8 4 0 14 4 10 0 12 0 0 9 0 0
11 5 0 0 0 0 0 0 0 0 0 0 0 0 0 0 0 0 0 0 0 0 0 2 0 0 0 0 0 0 0 0 0 9 10 0 0 0 0 0 0 0 10 0 0 0 7 6 0 0
0 7 16 0 0 0 11 0 12 0 0 4 16 0 0 0 12 0 0 0 16 0 0 0 0 0 0 1 0 0 0 0 0 0 0 14 0 0 0 0 17 0 9 0 0 1 0 0 6 0
10 0 0 0 9 0 0 0 0 1 0 0 0 0 14 0 19 0 0 0 0 0 0 0 0 0 0 0 0 0 0 0 0 7 13 0 0 0 0 19 0 0 0 10 17 0 12 0 18 0
5 7 0 9 9 0 11 0 0 0 0 6 0 0 0 13 15 0 16 0 0 11 8 13 0 19 0 0 0 13 0 0 0 0 10 0 9 0 14 0 7 0 0 0 0 0 0 0 0 0
5 17 0 8 16 0 0 0 0 5 0 3 6 0 0 5 0 0 0 0 11 0 0 0 0 0 0 17 11 0 0 0 12 0 0 0 0 0 6 0 17 0 0 9 5 0 17 0 0 0
8 15 0 0 8 0 0 13 0 0 12 0 0 13 0 0 0 0 0 0 8 0 0 15 0 5 0 0 0 0 8 0 4 2 4 0 0 0 0 0 0 0 19 0 0 0 19 16 0 0
1 0 0 8 0 0 0 11 0 0 7 0 0 0 0 2 11 2 0 0 13 0 15 0 0 0 0 0 14 0 7 2 0 0 0 0 6 13 0 0 0 0 19 0 0 0 0 0 0 0
10 0 0 0 0 0 0 0 0 0 0 0 0 18 0 0 0 0 0 0 0 0 0 0 0 0 0 19 0 15 10 13 0 7 8 0 9 0 0 0 13 0 0 0 16 0 0 3 0 0
13 0 0 0 0 2 0 0 0 17 0 5 0 0 0 5 0 0 0 0 19 0 5 0 0 0 0 0 0 3 3 0 0 15 0 18 0 0 16 0 0 0 12 0 14 0 0 0 5 0
0 0 0 0 11 6 0 5 0 0 0 0 0 11 0 5 0 0 0 0 0 0 0 0 0 0 0 6 0 10 0 16 0 0 0 0 0 0 0 0 0 0 0 11 7 5 10 0 0 0
0 0 0 0 0 0 0 15 6 4 0 1 0 0 0 3 0 0 1 0 0 17 0 0 19 0 6 0 19 0 0 1 0 2 0 0 0 0 0 0 14 11 0 0 0 0 6 0 12 0
0 0 0 6 0 0 0 3 8 0 16 0 0 0 0 6 5 0 0 0 0 11 0 14 0 0 0 19 0 0 0 0 0 0 0 0 0 0 0 0 0 0 3 2 0 0 0 4 0 0
0 4 0 0 0 0 6 8 0 16 0 12 0 0 0 0 0 0 0 0 13 0 0 0 15 3 10 0 0 0 0 0 0 0 0 0 0 0 0 0 0 0 0 4 0 0 0 0 0 13
0 0 0 4 0 0 0 0 0 0 8 0 15 0 0 0 14 0 0 0 0 0 8 7 10 3 0 0 0 0 0 0 0 11 1 0 0 0 9 8 0 0 0 0 0 0 7 0 0 6
0 17 0 0 0 0 0 0 0 0 7 10 0 5 1 6 19 0 0 0 0 0 0 2 13 0 16 1 0 0 0 0 0 0 0 0 0 1 11 16 0 18 0 0 0 0 0 0 0 3
0 0 0 0 12 0 13 0 2 0 0 0 0 0 0 0 0 0 0 0 0 12 4 0 0 0 0 0 0 0 0 0 0 0 0 10 0 0 0 0 8 7 0 6 0 0 4 12 0 0
0 4 0 0 0 0 4 0 0 3 15 5 11 0 0 0 7 9 0 7 0 0 2 0 7 15 0 2 0 0 11 0 0 0 0 0 0 0 0 0 0 0 9 0 12 0 0 0 0 0
18 18 0 0 0 0 0 0 16 0 0 0 0 0 0 11 17 10 0 13 10 0 4 0 8 0 0 0 0 0 1 0 0 0 0 8 6 0 8 18 0 0 0 0 0 0 0 0 0 0
0 0 0 2 11 0 0 14 0 0 0 4 0 0 0 2 0 0 14 0 0 0 0 0 0 18 0 0 0 0 0 0 10 0 8 0 0 0 0 1 0 0 0 4 0 0 0 0 0 0
0 0 0 0 0 0 0 0 12 0 0 0 0 0 0 0 0 0 0 0 9 0 0 6 9 0 0 0 0 0 0 0 0 0 6 0 0 6 0 0 15 0 3 0 0 0 7 3 0 0
17 0 0 18 0 0 0 0 0 14 16 0 18 13 6 0 8 0 0 0 0 0 0 13 0 0 0 0 0 0 0 1 0 0 0 0 6 0 0 17 1 0 6 19 0 0 8 19 0 13
16 2 0 0 0 4 0 0 0 0 4 0 0 9 0 13 4 0 0 0 14 6 0 0 0 16 0 0 0 0 9 11 0 0 8 0 0 0 0 0 0 0 0 0 0 0 0 0 0 6
0 0 13 0 0 0 0 0 18 0 0 0 0 0 0 4 0 0 0 19 0 0 0 0 0 0 0 0 0 0 8 16 0 0 18 1 0 17 0 0 0 0 17 0 0 0 0 0 10 9
0 1 0 0 0 0 0 0 0 0 0 0 0 2 18 0 14 0 17 0 7 17 0 0 13 0 0 14 0 0 0 0 8 0 0 0 15 1 0 0 0 13 0 0 0 3 0 19 0 3
0 7 0 15 0 0 13 0 3 0 17 0 0 0 0 0 4 0 0 0 0 0 0 0 0 0 0 11 0 0 0 18 7 0 0 0 0 0 0 0 13 0 8 0 0 13 0 0 0 0
0 0 0 0 0 0 0 2 0 8 0 0 4 0 11 0 10 10 9 0 0 0 19 19 0 12 0 0 3 0 0 0 0 9 0 0 3 6 0 17 0 8 0 0 18 0 0 0 0 0
0 0 13 0 13 0 0 17 0 0 0 0 0 4 12 19 0 0 0 10 0 9 0 0 0 0 11 0 2 4 0 0 6 0 0 4 0 19 0 0 0 0 0 0 15 0 0 0 0 0
11 0 0 0 0 0 0 0 0 7 6 17 0 0 4 0 12 0 0 17 0 5 0 0 16 14 7 0 0 0 0 0 0 12 0 0 0 0 0 0 0 0 18 15 0 0 0 0 0 4
0 0 0 15 0 5 0 0 0 14 0 10 0 0 0 0 0 0 1 0 0 0 0 0 0 0 5 0 0 0 0 0 0 0 0 0 0 0 0 0 3 13 0 0 0 0 0 0 0 0
0 0 0 0 0 11 4 0 0 0 3 10 0 0 0 0 0 7 0 12 0 17 19 0 0 0 10 6 0 0 7 0 4 0 0 0 7 8 0 0 0 0 0 0 0 0 0 16 0 0
0 0 0 16 0 0 0 0 16 0 0 0 0 0 1 0 9 6 0 0 0 0 16 0 3 0 0 0 4 0 0 0 12 0 0 0 3 19 0 0 19 0 0 0 0 0 16 0 6 15
0 0 0 0 6 0 18 0 7 0 0 18 6 0 0 4 0 0 6 18 0 0 0 0 0 5 0 12 0 0 0 0 0 0 0 0 0 0 0 10 0 0 0 0 0 0 0 6 0 0
0 0 0 0 0 0 0 0 0 0 0 0 0 0 0 7 0 0 0 0 0 0 0 0 0 0 0 0 0 13 6 3 0 0 0 0 0 13 6 9 3 0 0 0 4 0 0 15 0 0
