100
50
0 0 0 0 0 5 0 14 0 0 5 0 0 11 0 0 0 0 0 5 8 0 17 0 0 0 17 0 0 0 0 0 0 0 0 0 0 0 0 10 13 0 0 0 0 0 0 0 0 0
0 0 0 4 0 8 4 0 18 0 2 19 7 12 0 2 0 3 0 0 0 0 11 0 0 0 0 0 6 0 12 0 0 0 17 12 0 0 0 0 0 0 0 19 0 0 0 0 0 0
0 0 0 0 2 15 0 0 6 0 0 16 6 16 0 0 0 0 0 0 0 0 0 0 0 0 8 0 0 0 0 0 0 0 0 0 0 0 0 14 0 0 0 0 0 0 12 10 7 0
0 4 0 0 0 0 0 0 0 0 0 0 0 0 0 0 0 17 0 0 0 10 0 0 3 19 5 19 0 0 0 0 0 14 0 0 0 5 0 0 0 0 0 0 0 0 0 12 7 0
0 0 2 0 0 4 0 9 0 0 0 0 0 0 0 0 2 0 1 0 0 0 0 0 4 0 13 7 17 0 15 0 3 3 0 16 0 0 8 0 0 7 0 0 0 0 0 0 0 0
5 8 15 0 4 0 0 7 0 0 0 0 0 0 16 11 0 0 0 0 0 0 14 0 15 0 0 0 0 19 0 0 0 0 0 0 0 0 5 0 17 4 0 0 0 0 0 0 0 15
0 4 0 0 0 0 0 18 0 11 6 0 0 0 2 0 0 0 4 0 0 1 0 0 0 0 16 0 19 0 0 0 0 0 18 0 0 0 7 0 0 0 0 11 0 0 12 0 0 0
14 0 0 0 9 7 18 0 0 0 0 0 11 0 0 0 2 17 12 10 0 0 7 0 0 0 12 0 0 0 0 0 0 0 0 0 0 0 0 0 0 0 0 0 16 0 10 14 2 0
0 18 6 0 0 0 0 0 0 0 0 0 5 0 9 1 0 9 0 0 0 17 2 0 0 2 0 18 0 0 0 0 0 0 0 0 0 0 0 0 0 0 5 0 0 0 11 10 0 0
0 0 0 0 0 0 11 0 0 0 0 4 2 0 15 0 2 14 19 0 0 0 0 0 0 6 0 0 0 0 0 0 0 14 0 0 0 0 0 0 0 0 0 11 0 0 3 0 0 11
5 2 0 0 0 0 6 0 0 0 0 0 0 0 0 0 0 15 3 0 0 12 18 0 0 0 13 17 0 0 0 0 4 0 0 0 9 0 0 0 5 0 0 0 0 0 11 0 0 10
0 19 16 0 0 0 0 0 0 4 0 0 0 11 0 0 6 0 6 0 0 9 0 0 0 0 6 0 0 2 0 0 0 0 3 0 0 0 10 0 16 0 0 0 4 0 0 17 0 0
0 7 6 0 0 0 0 11 5 2 0 0 0 0 0 0 0 7 0 0 0 0 0 0 0 3 19 0 0 3 0 0 0 19 1 3 0 0 0 0 0 0 0 0 0 0 14 0 0 0
11 12 16 0 0 0 0 0 0 0 0 11 0 0 0 0 0 4 18 18 0 0 5 0 0 0 0 3 15 0 0 0 0 0 0 0 1 0 0 5 5 1 0 0 0 0 0 0 0 0
0 0 0 0 0 16 2 0 9 15 0 0 0 0 0 0 0 0 9 0 0 4 0 9 0 0 11 0 0 12 0 6 0 0 2 0 0 0 17 0 14 12 17 0 0 7 3 0 0 5
0 2 0 0 0 11 0 0 1 0 0 0 0 0 0 0 16 2 0 0 0 17 17 0 0 0 0 10 0 1 0 6 0 12 0 0 19 0 0 0 0 0 0 0 0 0 1 0 0 11
0 0 0 0 2 0 0 2 0 2 0 6 0 0 0 16 0 0 8 0 13 0 14 8 0 0 1 3 0 0 0 0 0 0 0 0 0 0 0 0 0 0 0 0 0 2 1 0 0 0
0 3 0 17 0 0 0 17 9 14 15 0 7 4 0 2 0 0 16 8 0 10 0 15 0 0 1 0 14 0 0 0 0 19 0 15 10 0 0 18 0 0 0 0 12 12 0 0 7 0
0 0 0 0 1 0 4 12 0 19 3 6 0 18 9 0 8 16 0 0 10 0 0 0 6 0 0 0 0 0 0 3 0 0 0 9 6 4 18 0 0 0 9 17 14 0 0 0 0 0
5 0 0 0 0 0 0 10 0 0 0 0 0 18 0 0 0 8 0 0 0 0 0 0 0 0 0 0 0 0 0 0 0 0 2 0 0 4 16 0 0 5 0 0 0 0 16 0 17 4
8 0 0 0 0 0 0 0 0 0 0 0 0 0 0 0 13 0 10 0 0 0 0 0 0 0 0 0 0 7 0 0 0 6 0 0 10 0 0 7 0 0 0 0 0 0 0 0 0 0
0 0 0 10 0 0 1 0 17 0 12 9 0 0 4 17 0 10 0 0 0 0 12 8 1 0 15 0 19 3 0 0 6 0 0 0 5 0 0 19 0 0 0 0 0 0 6 0 0 0
17 11 0 0 0 14 0 7 2 0 18 0 0 5 0 17 14 0 0 0 0 12 0 10 0 0 0 0 0 0 0 0 3 0 0 0 0 0 0 0 0 0 0 15 13 0 0 0 0 5
0 0 0 0 0 0 0 0 0 0 0 0 0 0 9 0 8 15 0 0 0 8 10 0 18 3 2 0 0 12 0 0 7 9 8 7 0 0 0 0 0 5 0 0 0 14 0 19 0 3
0 0 0 3 4 15 0 0 0 0 0 0 0 0 0 0 0 0 6 0 0 1 0 18 0 17 0 0 0 0 0 0 0 8 0 0 0 0 0 0 0 0 0 2 19 0 0 0 2 8
0 0 0 19 0 0 0 0 2 6 0 0 3 0 0 0 0 0 0 0 0 0 0 3 17 0 0 11 0 0 0 15 0 0 0 0 0 0 0 16 16 0 0 13 0 0 11 0 0 0
17 0 8 5 13 0 16 12 0 0 13 6 19 0 11 0 1 1 0 0 0 15 0 2 0 0 0 0 18 0 0 0 14 0 0 0 0 0 0 19 0 5 6 0 0 2 5 0 1 0
0 0 0 19 7 0 0 0 18 0 17 0 0 3 0 10 3 0 0 0 0 0 0 0 0 11 0 0 0 17 15 0 0 3 0 0 0 0 0 0 0 0 0 9 0 0 0 8 8 5
0 6 0 0 17 0 19 0 0 0 0 0 0 15 0 0 0 14 0 0 0 19 0 0 0 0 18 0 0 0 0 0 0 0 0 0 7 0 0 5 0 0 0 0 0 0 12 8 0 7
0 0 0 0 0 19 0 0 0 0 0 2 3 0 12 1 0 0 0 0 7 3 0 12 0 0 0 17 0 0 7 0 0 0 0 0 0 0 0 0 0 9 13 16 5 10 9 15 0 0
0 12 0 0 15 0 0 0 0 0 0 0 0 0 0 0 0 0 0 0 0 0 0 0 0 0 0 15 0 7 0 0 0 0 0 10 0 0 0 0 2 0 0 0 0 0 0 0 0 0
0 0 0 0 0 0 0 0 0 0 0 0 0 0 6 6 0 0 3 0 0 0 0 0 0 15 0 0 0 0 0 0 0 14 0 0 0 3 8 0 0 0 0 0 0 16 9 0 0 0
0 0 0 0 3 0 0 0 0 0 4 0 0 0 0 0 0 0 0 0 0 6 3 7 0 0 14 0 0 0 0 0 0 8 0 0 0 6 12 0 5 0 0 0 0 0 0 4 17 0
0 0 0 14 3 0 0 0 0 14 0 0 19 0 0 12 0 19 0 0 6 0 0 9 8 0 0 3 0 0 0 14 8 0 9 0 0 0 0 0 16 0 19 0 0 8 17 0 0 0
0 17 0 0 0 0 18 0 0 0 0 3 1 0 2 0 0 0 0 2 0 0 0 8 0 0 0 0 0 0 0 0 0 9 0 0 0 0 0 6 10 1 0 5 14 0 0 0 10 0
0 12 0 0 16 0 0 0 0 0 0 0 3 0 0 0 0 15 9 0 0 0 0 7 0 0 0 0 0 0 10 0 0 0 0 0 0 0 11 0 0 14 0 0 1 0 19 0 0 0
0 0 0 0 0 0 0 0 0 0 9 0 0 1 0 19 0 10 6 0 10 5 0 0 0 0 0 0 7 0 0 0 0 0 0 0 0 0 9 0 0 0 0 3 11 4 0 18 0 0
0 0 0 5 0 0 0 0 0 0 0 0 0 0 0 0 0 0 4 4 0 0 0 0 0 0 0 0 0 0 0 3 6 0 0 0 0 0 19 18 0 0 0 0 0 0 0 0 0 0
0 0 0 0 8 5 7 0 0 0 0 10 0 0 17 0 0 0 18 16 0 0 0 0 0 0 0 0 0 0 0 8 12 0 0 11 9 19 0 0 13 0 11 0 0 0 0 19 0 0
10 0 14 0 0 0 0 0 0 0 0 0 0 5 0 0 0 18 0 0 7 19 0 0 0 16 19 0 5 0 0 0 0 0 6 0 0 18 0 0 0 9 17 0 0 0 0 0 0 0
13 0 0 0 0 17 0 0 0 0 5 16 0 5 14 0 0 0 0 0 0 0 0 0 0 16 0 0 0 0 2 0 5 16 10 0 0 0 13 0 0 6 0 0 0 0 0 0 1 0
0 0 0 0 7 4 0 0 0 0 0 0 0 1 12 0 0 0 0 5 0 0 0 5 0 0 5 0 0 9 0 0 0 0 1 14 0 0 0 9 6 0 0 0 0 0 0 19 0 0
0 0 0 0 0 0 0 0 5 0 0 0 0 0 17 0 0 0 9 0 0 0 0 0 0 0 6 0 0 13 0 0 0 19 0 0 0 0 11 17 0 0 0 19 0 0 0 0 0 17
0 19 0 0 0 0 11 0 0 11 0 0 0 0 0 0 0 0 17 0 0 0 15 0 2 13 0 9 0 16 0 0 0 0 5 0 3 0 0 0 0 0 19 0 19 0 0 0 0 7
0 0 0 0 0 0 0 16 0 0 0 4 0 0 0 0 0 12 14 0 0 0 13 0 19 0 0 0 0 5 0 0 0 0 14 1 11 0 0 0 0 0 0 19 0 5 16 16 0 0
0 0 0 0 0 0 0 0 0 0 0 0 0 0 7 0 2 12 0 0 0 0 0 14 0 0 2 0 0 10 0 16 0 8 0 0 4 0 0 0 0 0 0 0 5 0 0 5 14 14
0 0 12 0 0 0 12 10 11 3 11 0 14 0 3 1 1 0 0 16 0 6 0 0 0 11 5 0 12 9 0 9 0 17 0 19 0 0 0 0 0 0 0 0 16 0 0 0 0 0
0 0 10 12 0 0 0 14 10 0 0 17 0 0 0 0 0 0 0 0 0 0 0 19 0 0 0 8 8 15 0 0 4 0 0 0 18 0 19 0 0 19 0 0 16 5 0 0 0 10
0 0 7 7 0 0 0 2 0 0 0 0 0 0 0 0 0 7 0 17 0 0 0 0 2 0 1 8 0 0 0 0 17 0 10 0 0 0 0 0 1 0 0 0 0 14 0 0 0 2
0 0 0 0 0 15 0 0 0 11 10 0 0 0 5 11 0 0 0 4 0 0 5 3 8 0 0 5 7 0 0 0 0 0 0 0 0 0 0 0 0 0 17 7 0 14 0 10 2 0
