100
50
0 3 9 1 7 0 19 0 16 19 2 5 8 6 4 17 11 16 2 6 13 7 16 14 6 3 17 14 4 19 7 0 16 1 19 5 14 5 19 13 5 15 13 13 15 3 12 19 1 16
3 0 16 19 4 5 7 12 5 0 1 11 12 1 18 18 11 5 13 15 12 8 2 3 18 12 14 7 1 9 3 1 3 19 6 7 19 14 7 8 1 16 18 10 13 9 1 3 18 17
9 16 0 6 11 6 0 17 10 5 17 1 15 14 17 12 0 0 18 7 11 5 12 16 8 19 5 16 0 12 17 10 0 17 15 11 13 7 11 13 1 1 7 15 2 12 1 4 3 9
1 19 6 0 6 6 19 5 18 2 6 13 12 11 18 19 4 1 12 6 11 15 1 6 14 18 4 17 9 3 13 17 14 16 5 8 3 8 2 17 15 0 12 17 6 19 8 17 14 15
7 4 11 6 0 3 19 19 18 7 17 15 3 3 14 10 1 18 16 5 4 6 1 19 14 15 0 16 6 4 9 1 9 16 2 0 12 14 6 9 3 11 9 5 10 8 9 6 2 8
0 5 6 6 3 0 12 0 9 5 3 19 6 10 0 15 8 9 1 19 18 10 3 19 16 3 13 6 14 15 12 2 7 18 0 6 15 18 5 1 0 18 17 14 0 13 19 17 13 16
19 7 0 19 19 12 0 19 3 11 16 9 2 5 0 12 4 0 9 6 9 13 13 9 17 12 19 3 8 9 4 7 4 10 17 18 17 5 10 19 15 5 18 5 18 19 4 7 4 8
0 12 17 5 19 0 19 0 16 12 4 0 12 9 14 1 18 16 4 8 1 19 11 15 0 14 16 14 2 7 14 14 10 9 16 0 5 1 4 3 7 13 14 12 4 16 13 2 12 4
16 5 10 18 18 9 3 16 0 8 19 9 5 0 4 10 10 0 16 19 13 16 14 15 13 10 18 16 10 8 5 11 19 19 18 18 0 0 19 8 4 9 19 8 18 6 5 9 4 17
19 0 5 2 7 5 11 12 8 0 2 13 12 9 1 13 10 4 16 4 11 7 15 13 5 10 14 11 8 8 7 11 4 4 7 15 16 13 18 16 17 16 3 12 3 4 12 6 0 14
2 1 17 6 17 3 16 4 19 2 0 9 15 15 4 5 10 13 10 7 3 16 4 19 3 5 19 17 17 4 4 3 19 7 12 6 12 7 0 4 13 1 13 15 3 18 7 2 19 6
5 11 1 13 15 19 9 0 9 13 9 0 5 13 6 14 9 7 18 11 2 18 16 1 9 17 18 8 3 2 19 15 13 6 12 0 5 13 13 3 1 18 14 19 13 11 5 6 11 18
8 12 15 12 3 6 2 12 5 12 15 5 0 4 16 16 3 6 5 17 3 13 3 6 5 13 4 7 18 17 19 19 19 9 14 7 2 17 14 11 3 13 1 17 0 12 12 0 18 18
6 1 14 11 3 10 5 9 0 9 15 13 4 0 4 17 4 7 11 19 17 19 18 15 10 7 1 16 3 14 8 6 2 19 3 1 13 16 0 14 2 8 0 8 1 8 15 3 13 13
4 18 17 18 14 0 0 14 4 1 4 6 16 4 0 10 15 2 10 17 0 7 10 9 10 7 12 3 14 7 3 4 14 4 1 14 2 7 6 10 13 13 8 10 15 18 18 5 5 5
17 18 12 19 10 15 12 1 10 13 5 14 16 17 10 0 9 18 9 18 1 6 7 13 17 18 18 9 14 6 18 15 11 16 18 9 2 0 8 19 5 13 17 13 17 5 5 19 14 10
11 11 0 4 1 8 4 18 10 10 10 9 3 4 15 9 0 4 15 1 8 17 5 17 19 7 11 13 0 1 4 12 8 9 13 17 19 19 5 9 4 13 5 11 4 1 18 6 17 2
16 5 0 1 18 9 0 16 0 4 13 7 6 7 2 18 4 0 9 13 6 2 3 10 7 7 2 2 7 9 19 7 6 19 12 14 9 9 19 15 15 6 0 7 1 15 0 7 2 19
2 13 18 12 16 1 9 4 16 16 10 18 5 11 10 9 15 9 0 8 8 13 12 10 2 7 0 14 0 13 13 1 3 11 15 7 13 18 16 0 9 12 8 2 0 13 4 19 10 7
6 15 7 6 5 19 6 8 19 4 7 11 17 19 17 18 1 13 8 0 0 10 19 10 10 1 17 18 5 7 4 3 13 12 10 19 14 7 4 7 10 8 11 11 19 19 12 15 15 17
13 12 11 11 4 18 9 1 13 11 3 2 3 17 0 1 8 6 8 0 0 10 15 3 0 12 5 17 5 5 17 16 17 7 17 9 6 11 17 3 16 3 17 10 19 2 9 1 10 10
7 8 5 15 6 10 13 19 16 7 16 18 13 19 7 6 17 2 13 10 10 0 17 5 8 12 19 3 12 18 18 18 12 13 13 8 1 10 12 13 5 7 16 15 7 5 5 18 5 13
16 2 12 1 1 3 13 11 14 15 4 16 3 18 10 7 5 3 12 19 15 17 0 11 18 11 11 15 3 6 1 19 19 0 3 11 5 0 13 2 13 3 0 10 6 5 12 0 15 1
14 3 16 6 19 19 9 15 15 13 19 1 6 15 9 13 17 10 10 10 3 5 11 0 12 6 17 16 5 6 1 8 3 7 12 1 10 18 11 3 0 16 8 18 10 10 6 17 1 8
6 18 8 14 14 16 17 0 13 5 3 9 5 10 10 17 19 7 2 10 0 8 18 12 0 18 1 5 7 19 3 1 6 1 13 4 1 12 8 11 11 9 14 8 2 13 2 17 5 1
3 12 19 18 15 3 12 14 10 10 5 17 13 7 7 18 7 7 7 1 12 12 11 6 18 0 8 9 5 3 12 9 14 18 10 18 0 12 11 11 9 0 10 2 5 19 5 10 3 4
17 14 5 4 0 13 19 16 18 14 19 18 4 1 12 18 11 2 0 17 5 19 11 17 1 8 0 10 5 7 3 14 2 8 3 6 1 14 12 3 10 4 5 17 0 14 19 12 3 3
14 7 16 17 16 6 3 14 16 11 17 8 7 16 3 9 13 2 14 18 17 3 15 16 5 9 10 0 0 15 14 1 4 1 7 0 1 1 0 18 9 0 5 11 7 0 5 1 17 8
4 1 0 9 6 14 8 2 10 8 17 3 18 3 14 14 0 7 0 5 5 12 3 5 7 5 5 0 0 17 19 13 15 6 8 11 8 2 18 13 11 13 7 2 13 1 12 9 4 14
19 9 12 3 4 15 9 7 8 8 4 2 17 14 7 6 1 9 13 7 5 18 6 6 19 3 7 15 17 0 19 1 7 4 12 9 8 18 13 1 16 4 9 15 6 0 3 3 2 15
7 3 17 13 9 12 4 14 5 7 4 19 19 8 3 18 4 19 13 4 17 18 1 1 3 12 3 14 19 19 0 8 19 3 11 2 10 8 19 4 8 7 4 19 14 18 3 10 6 19
0 1 10 17 1 2 7 14 11 11 3 15 19 6 4 15 12 7 1 3 16 18 19 8 1 9 14 1 13 1 8 0 10 8 15 7 17 19 12 1 0 7 2 8 15 2 11 3 7 13
16 3 0 14 9 7 4 10 19 4 19 13 19 2 14 11 8 6 3 13 17 12 19 3 6 14 2 4 15 7 19 10 0 14 11 17 13 18 10 13 14 2 12 10 16 8 6 5 12 17
1 19 17 16 16 18 10 9 19 4 7 6 9 19 4 16 9 19 11 12 7 13 0 7 1 18 8 1 6 4 3 8 14 0 18 4 13 3 5 6 13 8 11 8 3 18 3 13 7 4
19 6 15 5 2 0 17 16 18 7 12 12 14 3 1 18 13 12 15 10 17 13 3 12 13 10 3 7 8 12 11 15 11 18 0 2 3 9 4 18 7 15 19 12 0 19 9 19 14 14
5 7 11 8 0 6 18 0 18 15 6 0 7 1 14 9 17 14 7 19 9 8 11 1 4 18 6 0 11 9 2 7 17 4 2 0 14 2 12 5 19 7 12 15 12 4 1 11 0 8
14 19 13 3 12 15 17 5 0 16 12 5 2 13 2 2 19 9 13 14 6 1 5 10 1 0 1 1 8 8 10 17 13 13 3 14 0 10 17 15 4 11 10 6 10 7 16 7 18 4
5 14 7 8 14 18 5 1 0 13 7 13 17 16 7 0 19 9 18 7 11 10 0 18 12 12 14 1 2 18 8 19 18 3 9 2 10 0 8 14 15 4 11 7 15 16 0 11 19 1
19 7 11 2 6 5 10 4 19 18 0 13 14 0 6 8 5 19 16 4 17 12 13 11 8 11 12 0 18 13 19 12 10 5 4 12 17 8 0 7 18 1 3 7 2 7 9 0 8 17
13 8 13 17 9 1 19 3 8 16 4 3 11 14 10 19 9 15 0 7 3 13 2 3 11 11 3 18 13 1 4 1 13 6 18 5 15 14 7 0 1 4 0 10 0 6 11 10 9 5
5 1 1 15 3 0 15 7 4 17 13 1 3 2 13 5 4 15 9 10 16 5 13 0 11 9 10 9 11 16 8 0 14 13 7 19 4 15 18 1 0 3 8 11 1 3 3 9 17 6
15 16 1 0 11 18 5 13 9 16 1 18 13 8 13 13 13 6 12 8 3 7 3 16 9 0 4 0 13 4 7 7 2 8 15 7 11 4 1 4 3 0 7 2 7 6 5 13 5 15
13 18 7 12 9 17 18 14 19 3 13 14 1 0 8 17 5 0 8 11 17 16 0 8 14 10 5 5 7 9 4 2 12 11 19 12 10 11 3 0 8 7 0 15 14 11 11 1 15 14
13 10 15 17 5 14 5 12 8 12 15 19 17 8 10 13 11 7 2 11 10 15 10 18 8 2 17 11 2 15 19 8 10 8 12 15 6 7 7 10 11 2 15 0 12 11 1 13 3 8
15 13 2 6 10 0 18 4 18 3 3 13 0 1 15 17 4 1 0 19 19 7 6 10 2 5 0 7 13 6 14 15 16 3 0 12 10 15 2 0 1 7 14 12 0 5 1 2 8 11
3 9 12 19 8 13 19 16 6 4 18 11 12 8 18 5 1 15 13 19 2 5 5 10 13 19 14 0 1 0 18 2 8 18 19 4 7 16 7 6 3 6 11 11 5 0 6 12 11 6
12 1 1 8 9 19 4 13 5 12 7 5 12 15 18 5 18 0 4 12 9 5 12 6 2 5 19 5 12 3 3 11 6 3 9 1 16 0 9 11 3 5 11 1 1 6 0 7 7 7
19 3 4 17 6 17 7 2 9 6 2 6 0 3 5 19 6 7 19 15 1 18 0 17 17 10 12 1 9 3 10 3 5 13 19 11 7 11 0 10 9 13 1 13 2 12 7 0 6 19
1 18 3 14 2 13 4 12 4 0 19 11 18 13 5 14 17 2 10 15 10 5 15 1 5 3 3 17 4 2 6 7 12 7 14 0 18 19 8 9 17 5 15 3 8 11 7 6 0 10
16 17 9 15 8 16 8 4 17 14 6 18 18 13 5 10 2 19 7 17 10 13 1 8 1 4 3 8 14 15 19 13 17 4 14 8 4 1 17 5 6 15 14 8 11 6 7 19 10 0
