100
50
0 13 0 0 0 0 0 0 4 0 19 1 4 0 0 0 0 0 6 18 10 7 0 0 0 16 0 0 15 0 14 0 0 0 0 0 0 12 0 15 0 7 12 6 0 0 13 16 17 18
13 0 0 0 0 18 0 10 0 0 19 0 1 12 0 0 0 0 0 0 0 0 6 0 18 12 0 0 0 15 2 0 0 0 0 7 1 5 0 18 18 5 0 0 0 13 12 16 3 0
0 0 0 0 0 6 17 0 0 0 9 0 0 12 0 0 0 0 0 9 0 0 0 0 17 0 14 0 0 0 7 0 0 5 0 0 17 5 0 0 0 0 0 0 0 2 0 9 0 0
0 0 0 0 0 18 5 0 19 0 0 0 0 0 0 0 0 0 2 0 11 0 10 12 0 0 0 4 7 0 12 0 0 0 0 0 19 0 0 0 0 0 0 0 0 0 0 0 14 4
0 0 0 0 0 0 15 11 0 0 0 0 0 13 0 3 10 0 0 0 6 0 1 0 0 0 0 0 13 0 18 0 15 0 0 0 16 0 0 0 0 3 0 11 0 0 8 0 0 0
0 18 6 18 0 0 18 0 19 8 0 6 18 0 4 0 0 0 0 0 15 0 0 0 0 0 0 0 13 0 7 0 7 0 0 0 0 0 0 15 10 2 18 0 0 16 0 4 0 0
0 0 17 5 15 18 0 0 6 0 0 0 0 7 0 2 0 10 13 15 0 0 0 1 18 2 0 0 2 0 0 0 0 0 1 0 0 0 0 13 0 0 6 0 0 0 0 0 0 8
0 10 0 0 11 0 0 0 10 0 4 0 0 0 0 12 0 0 3 17 0 9 0 0 0 0 15 0 0 12 16 11 0 6 4 0 6 0 0 0 0 0 0 15 0 11 0 0 7 5
4 0 0 19 0 19 6 10 0 0 0 0 0 0 0 0 0 0 0 0 7 9 2 0 0 0 18 4 0 0 0 13 0 0 9 0 0 0 17 0 0 0 17 7 0 0 0 0 0 10
0 0 0 0 0 8 0 0 0 0 17 9 16 0 0 0 0 0 0 14 0 6 0 0 5 2 13 9 0 0 2 0 0 8 17 0 0 0 0 0 0 0 0 0 0 0 0 11 0 0
19 19 9 0 0 0 0 4 0 17 0 0 8 17 0 0 5 0 8 7 10 0 0 0 7 0 0 0 0 18 0 7 0 0 0 0 0 0 0 0 9 0 0 10 9 0 0 7 0 0
1 0 0 0 0 6 0 0 0 9 0 0 10 0 12 0 0 0 8 0 0 0 0 5 0 0 0 0 0 0 0 0 0 0 19 0 11 0 0 0 0 0 0 10 3 0 0 18 0 0
4 1 0 0 0 18 0 0 0 16 8 10 0 0 0 0 0 10 0 7 0 0 0 0 10 0 0 0 0 0 0 0 0 0 0 10 0 0 0 0 0 0 0 11 0 6 0 0 0 0
0 12 12 0 13 0 7 0 0 0 17 0 0 0 0 0 0 0 0 0 0 0 8 7 0 0 14 10 0 0 0 0 0 0 0 18 8 7 0 0 0 0 0 0 11 6 5 17 0 0
0 0 0 0 0 4 0 0 0 0 0 12 0 0 0 0 12 0 0 1 4 0 10 3 0 0 0 8 15 11 6 0 0 0 0 0 0 0 6 0 0 0 1 0 0 0 0 0 4 19
0 0 0 0 3 0 2 12 0 0 0 0 0 0 0 0 0 0 0 14 0 0 0 0 0 19 0 0 1 0 3 0 0 0 0 13 0 0 1 18 0 0 0 0 0 5 1 16 0 0
0 0 0 0 10 0 0 0 0 0 5 0 0 0 12 0 0 0 0 0 0 0 12 0 0 0 0 0 0 0 12 0 0 0 0 0 0 0 0 0 7 0 0 14 0 0 6 0 0 0
0 0 0 0 0 0 10 0 0 0 0 0 10 0 0 0 0 0 16 0 0 11 0 0 0 16 0 0 15 7 18 0 6 0 0 19 0 0 0 9 14 0 0 9 19 7 0 0 0 18
6 0 0 2 0 0 13 3 0 0 8 8 0 0 0 0 0 16 0 0 0 2 0 0 0 0 0 19 17 0 0 0 0 0 0 0 0 11 0 0 0 0 9 0 0 0 0 0 0 17
18 0 9 0 0 0 15 17 0 14 7 0 7 0 1 14 0 0 0 0 0 0 0 0 0 0 0 0 0 0 0 0 2 0 0 0 0 0 0 0 0 0 0 0 0 0 0 0 1 6
10 0 0 11 6 15 0 0 7 0 10 0 0 0 4 0 0 0 0 0 0 0 8 0 0 18 0 5 18 0 0 0 9 0 0 0 2 8 0 0 0 0 13 0 0 0 0 0 0 0
7 0 0 0 0 0 0 9 9 6 0 0 0 0 0 0 0 11 2 0 0 0 10 0 13 0 3 0 0 0 17 0 0 0 0 0 0 0 0 7 3 0 0 9 11 0 0 0 0 0
0 6 0 10 1 0 0 0 2 0 0 0 0 8 10 0 12 0 0 0 8 10 0 0 18 9 0 14 0 2 0 0 1 0 17 7 10 0 0 0 0 0 0 0 0 13 0 6 0 0
0 0 0 12 0 0 1 0 0 0 0 5 0 7 3 0 0 0 0 0 0 0 0 0 0 0 0 0 0 0 0 12 0 0 0 17 0 0 0 10 10 7 0 3 0 0 2 18 0 0
0 18 17 0 0 0 18 0 0 5 7 0 10 0 0 0 0 0 0 0 0 13 18 0 0 16 0 0 0 0 0 0 12 0 0 0 10 18 0 0 0 3 0 0 0 0 0 0 0 5
16 12 0 0 0 0 2 0 0 2 0 0 0 0 0 19 0 16 0 0 18 0 9 0 16 0 15 7 0 0 0 0 0 14 0 15 0 0 0 5 0 0 5 0 0 0 0 0 0 9
0 0 14 0 0 0 0 15 18 13 0 0 0 14 0 0 0 0 0 0 0 3 0 0 0 15 0 0 0 0 0 18 0 2 0 9 7 0 0 0 15 1 6 0 0 1 18 0 0 0
0 0 0 4 0 0 0 0 4 9 0 0 0 10 8 0 0 0 19 0 5 0 14 0 0 7 0 0 0 0 0 7 0 0 0 0 5 0 0 19 0 0 0 0 0 0 0 0 0 19
15 0 0 7 13 13 2 0 0 0 0 0 0 0 15 1 0 15 17 0 18 0 0 0 0 0 0 0 0 0 0 0 0 0 16 0 0 0 0 10 0 0 0 15 0 0 0 18 0 0
0 15 0 0 0 0 0 12 0 0 18 0 0 0 11 0 0 7 0 0 0 0 2 0 0 0 0 0 0 0 1 5 0 0 0 0 14 0 0 0 15 0 0 0 0 0 1 0 0 0
14 2 7 12 18 7 0 16 0 2 0 0 0 0 6 3 12 18 0 0 0 17 0 0 0 0 0 0 0 1 0 0 0 0 0 0 0 0 0 11 0 0 0 0 0 6 10 0 0 0
0 0 0 0 0 0 0 11 13 0 7 0 0 0 0 0 0 0 0 0 0 0 0 12 0 0 18 7 0 5 0 0 9 0 0 0 1 0 0 0 2 0 0 0 0 0 0 0 16 0
0 0 0 0 15 7 0 0 0 0 0 0 0 0 0 0 0 6 0 2 9 0 1 0 12 0 0 0 0 0 0 9 0 0 0 0 4 0 0 0 0 0 0 0 0 0 0 0 13 0
0 0 5 0 0 0 0 6 0 8 0 0 0 0 0 0 0 0 0 0 0 0 0 0 0 14 2 0 0 0 0 0 0 0 0 0 6 0 0 0 0 0 0 10 0 0 14 11 0 0
0 0 0 0 0 0 1 4 9 17 0 19 0 0 0 0 0 0 0 0 0 0 17 0 0 0 0 0 16 0 0 0 0 0 0 0 0 0 0 0 0 0 0 0 0 0 0 5 0 0
0 7 0 0 0 0 0 0 0 0 0 0 10 18 0 13 0 19 0 0 0 0 7 17 0 15 9 0 0 0 0 0 0 0 0 0 0 0 0 0 0 0 0 10 0 12 6 0 0 0
0 1 17 19 16 0 0 6 0 0 0 11 0 8 0 0 0 0 0 0 2 0 10 0 10 0 7 5 0 14 0 1 4 6 0 0 0 0 0 0 16 8 3 6 0 0 0 4 9 0
12 5 5 0 0 0 0 0 0 0 0 0 0 7 0 0 0 0 11 0 8 0 0 0 18 0 0 0 0 0 0 0 0 0 0 0 0 0 5 17 0 15 0 0 0 0 0 0 0 0
0 0 0 0 0 0 0 0 17 0 0 0 0 0 6 1 0 0 0 0 0 0 0 0 0 0 0 0 0 0 0 0 0 0 0 0 0 5 0 0 0 3 0 0 0 0 0 7 0 0
15 18 0 0 0 15 13 0 0 0 0 0 0 0 0 18 0 9 0 0 0 7 0 10 0 5 0 19 10 0 11 0 0 0 0 0 0 17 0 0 1 0 0 0 11 0 0 0 0 11
0 18 0 0 0 10 0 0 0 0 9 0 0 0 0 0 7 14 0 0 0 3 0 10 0 0 15 0 0 15 0 2 0 0 0 0 16 0 0 1 0 12 13 0 13 12 0 0 0 0
7 5 0 0 3 2 0 0 0 0 0 0 0 0 0 0 0 0 0 0 0 0 0 7 3 0 1 0 0 0 0 0 0 0 0 0 8 15 3 0 12 0 0 0 0 0 0 0 0 3
12 0 0 0 0 18 6 0 17 0 0 0 0 0 1 0 0 0 9 0 13 0 0 0 0 5 6 0 0 0 0 0 0 0 0 0 3 0 0 0 13 0 0 0 0 0 17 0 8 3
6 0 0 0 11 0 0 15 7 0 10 10 11 0 0 0 14 9 0 0 0 9 0 3 0 0 0 0 15 0 0 0 0 10 0 10 6 0 0 0 0 0 0 0 0 0 3 10 19 13
0 0 0 0 0 0 0 0 0 0 9 3 0 11 0 0 0 19 0 0 0 11 0 0 0 0 0 0 0 0 0 0 0 0 0 0 0 0 0 11 13 0 0 0 0 0 0 0 0 0
0 13 2 0 0 16 0 11 0 0 0 0 6 6 0 5 0 7 0 0 0 0 13 0 0 0 1 0 0 0 6 0 0 0 0 12 0 0 0 0 12 0 0 0 0 0 0 0 0 0
13 12 0 0 8 0 0 0 0 0 0 0 0 5 0 1 6 0 0 0 0 0 0 2 0 0 18 0 0 1 10 0 0 14 0 6 0 0 0 0 0 0 17 3 0 0 0 0 0 0
16 16 9 0 0 4 0 0 0 11 7 18 0 17 0 16 0 0 0 0 0 0 6 18 0 0 0 0 18 0 0 0 0 11 5 0 4 0 7 0 0 0 0 10 0 0 0 0 0 7
17 3 0 14 0 0 0 7 0 0 0 0 0 0 4 0 0 0 0 1 0 0 0 0 0 0 0 0 0 0 0 16 13 0 0 0 9 0 0 0 0 0 8 19 0 0 0 0 0 0
18 0 0 4 0 0 8 5 10 0 0 0 0 0 19 0 0 18 17 6 0 0 0 0 5 9 0 19 0 0 0 0 0 0 0 0 0 0 0 11 0 3 3 13 0 0 0 7 0 0
