75
50
0 8 18 4 0 13 13 0 16 19 2 12 16 1 2 1 14 18 17 19 18 6 17 19 4 10 17 14 4 5 14 0 14 6 2 2 11 3 4 6 2 8 15 5 2 12 2 10 10 4
8 0 13 1 1 18 6 15 14 8 18 12 3 6 7 0 18 10 12 13 14 7 3 1 12 10 7 11 13 0 14 15 14 7 14 4 0 15 13 14 6 13 12 5 5 15 3 1 8 0
18 13 0 18 6 12 0 7 13 14 8 2 15 18 7 16 7 9 7 12 6 19 10 11 19 16 15 12 7 5 1 3 15 9 5 5 5 6 19 18 3 19 11 14 11 3 10 16 7 1
4 1 18 0 0 1 8 12 3 1 19 8 7 4 15 1 12 11 2 3 0 15 11 19 18 8 15 10 8 13 4 2 13 10 8 5 17 19 15 15 11 19 12 10 4 9 12 15 17 17
0 1 6 0 0 10 14 4 2 8 4 12 0 17 0 6 19 2 6 16 7 10 16 0 1 18 8 8 4 19 4 6 16 6 6 17 3 13 12 10 17 17 14 12 8 8 18 18 4 14
13 18 12 1 10 0 0 7 12 4 5 5 7 17 8 13 10 8 5 11 0 17 6 16 11 6 1 0 16 12 5 3 16 1 19 4 15 11 15 6 1 15 13 11 8 10 8 8 12 9
13 6 0 8 14 0 0 10 14 17 12 6 6 4 1 10 16 4 6 0 1 16 9 6 9 11 16 1 13 18 6 10 16 1 19 4 2 18 6 15 12 5 6 4 15 2 13 2 1 11
0 15 7 12 4 7 10 0 10 5 10 2 17 17 11 19 5 2 13 5 8 16 17 15 8 10 4 7 3 17 8 2 16 3 11 14 10 11 2 13 14 3 7 8 16 14 9 0 7 5
16 14 13 3 2 12 14 10 0 18 9 11 18 8 18 17 1 4 15 5 16 17 1 7 0 10 16 16 5 16 15 16 6 17 10 12 1 14 1 4 17 7 12 7 7 9 19 1 13 19
19 8 14 1 8 4 17 5 18 0 6 10 13 15 12 3 0 15 16 14 15 13 1 7 13 2 7 3 14 3 11 3 4 16 8 19 2 12 12 5 18 7 14 2 1 6 2 13 3 0
2 18 8 19 4 5 12 10 9 6 0 13 17 4 8 5 18 6 16 16 0 3 4 0 18 9 16 9 3 14 3 17 17 17 4 17 16 9 2 18 1 10 0 10 5 19 1 16 7 7
12 12 2 8 12 5 6 2 11 10 13 0 3 19 14 19 14 6 4 18 15 0 8 8 6 8 6 18 13 15 4 19 14 14 13 12 19 10 12 0 2 3 18 2 12 10 3 2 8 0
16 3 15 7 0 7 6 17 18 13 17 3 0 13 16 4 4 2 3 14 4 1 2 3 12 10 0 15 11 6 16 2 11 9 16 18 18 5 17 10 19 6 10 8 2 2 2 4 5 12
1 6 18 4 17 17 4 17 8 15 4 19 13 0 18 18 18 12 8 10 18 17 7 1 16 19 5 9 10 7 11 17 4 17 3 18 3 3 11 9 14 15 14 15 13 17 3 9 7 12
2 7 7 15 0 8 1 11 18 12 8 14 16 18 0 17 10 8 2 1 2 2 8 13 1 8 18 16 15 18 6 6 15 13 5 9 0 14 15 19 19 10 13 18 0 8 2 16 14 15
1 0 16 1 6 13 10 19 17 3 5 19 4 18 17 0 11 15 9 7 8 8 5 12 13 10 14 17 2 1 15 5 7 16 15 14 0 0 7 4 4 11 3 10 16 10 15 6 19 4
14 18 7 12 19 10 16 5 1 0 18 14 4 18 10 11 0 1 9 9 13 9 7 4 3 4 15 17 19 10 19 18 11 5 9 5 10 17 3 11 8 15 7 14 7 15 7 3 0 2
18 10 9 11 2 8 4 2 4 15 6 6 2 12 8 15 1 0 8 11 8 16 10 14 11 6 4 5 16 11 4 2 13 16 7 11 14 10 6 9 9 10 7 1 13 12 10 12 3 1
17 12 7 2 6 5 6 13 15 16 16 4 3 8 2 9 9 8 0 0 10 5 12 11 7 10 7 15 17 8 14 13 7 1 10 12 8 6 8 5 2 17 10 3 10 1 7 16 10 15
19 13 12 3 16 11 0 5 5 14 16 18 14 10 1 7 9 11 0 0 18 11 3 11 11 7 9 13 2 15 7 1 8 9 16 5 2 17 17 0 1 2 18 7 9 7 8 6 7 8
18 14 6 0 7 0 1 8 16 15 0 15 4 18 2 8 13 8 10 18 0 3 4 9 18 7 0 0 18 11 7 8 16 5 0 7 13 17 19 13 12 13 15 0 4 17 10 19 6 17
6 7 19 15 10 17 16 16 17 13 3 0 1 17 2 8 9 16 5 11 3 0 9 6 0 12 16 11 6 3 7 10 1 1 0 0 13 13 14 18 11 12 13 6 16 4 6 15 10 6
17 3 10 11 16 6 9 17 1 1 4 8 2 7 8 5 7 10 12 3 4 9 0 12 16 2 15 2 12 15 15 14 4 16 2 0 10 1 12 19 1 12 9 15 19 9 8 10 12 6
19 1 11 19 0 16 6 15 7 7 0 8 3 1 13 12 4 14 11 11 9 6 12 0 7 0 5 6 13 9 16 11 3 18 11 13 14 0 13 18 9 6 0 4 9 12 3 8 9 8
4 12 19 18 1 11 9 8 0 13 18 6 12 16 1 13 3 11 7 11 18 0 16 7 0 18 18 12 7 2 6 2 11 16 12 4 17 6 18 15 16 1 2 8 13 16 3 8 18 19
10 10 16 8 18 6 11 10 10 2 9 8 10 19 8 10 4 6 10 7 7 12 2 0 18 0 1 3 1 5 17 5 11 2 15 5 9 14 5 17 2 14 17 1 12 17 15 9 11 3
17 7 15 15 8 1 16 4 16 7 16 6 0 5 18 14 15 4 7 9 0 16 15 5 18 1 0 17 11 6 11 12 5 6 0 8 19 16 16 0 11 1 5 2 19 11 0 18 11 8
14 11 12 10 8 0 1 7 16 3 9 18 15 9 16 17 17 5 15 13 0 11 2 6 12 3 17 0 14 14 12 8 15 5 9 2 5 12 10 12 8 2 17 7 16 19 12 4 14 11
4 13 7 8 4 16 13 3 5 14 3 13 11 10 15 2 19 16 17 2 18 6 12 13 7 1 11 14 0 12 8 6 7 14 12 4 5 6 4 9 16 3 13 17 9 9 17 18 6 3
5 0 5 13 19 12 18 17 16 3 14 15 6 7 18 1 10 11 8 15 11 3 15 9 2 5 6 14 12 0 10 15 9 2 11 19 1 6 2 17 10 0 12 10 2 15 4 0 19 19
14 14 1 4 4 5 6 8 15 11 3 4 16 11 6 15 19 4 14 7 7 7 15 16 6 17 11 12 8 10 0 7 9 14 14 7 0 7 15 13 17 11 5 6 19 15 10 11 5 14
0 15 3 2 6 3 10 2 16 3 17 19 2 17 6 5 18 2 13 1 8 10 14 11 2 5 12 8 6 15 7 0 15 6 8 8 8 2 1 11 19 0 0 19 2 19 15 5 5 18
14 14 15 13 16 16 16 16 6 4 17 14 11 4 15 7 11 13 7 8 16 1 4 3 11 11 5 15 7 9 9 15 0 15 15 16 15 1 6 16 19 2 18 13 3 9 19 8 10 3
6 7 9 10 6 1 1 3 17 16 17 14 9 17 13 16 5 16 1 9 5 1 16 18 16 2 6 5 14 2 14 6 15 0 2 11 8 1 7 13 5 11 13 1 16 16 6 5 19 1
2 14 5 8 6 19 19 11 10 8 4 13 16 3 5 15 9 7 10 16 0 0 2 11 12 15 0 9 12 11 14 8 15 2 0 14 4 16 2 17 12 1 8 8 2 3 6 16 7 12
2 4 5 5 17 4 4 14 12 19 17 12 18 18 9 14 5 11 12 5 7 0 0 13 4 5 8 2 4 19 7 8 16 11 14 0 8 1 5 18 3 13 2 8 0 17 14 18 3 13
11 0 5 17 3 15 2 10 1 2 16 19 18 3 0 0 10 14 8 2 13 13 10 14 17 9 19 5 5 1 0 8 15 8 4 8 0 5 9 10 6 1 3 12 3 10 15 6 4 17
3 15 6 19 13 11 18 11 14 12 9 10 5 3 14 0 17 10 6 17 17 13 1 0 6 14 16 12 6 6 7 2 1 1 16 1 5 0 4 16 1 6 5 0 10 4 2 5 2 8
4 13 19 15 12 15 6 2 1 12 2 12 17 11 15 7 3 6 8 17 19 14 12 13 18 5 16 10 4 2 15 1 6 7 2 5 9 4 0 13 1 5 4 16 13 15 18 7 12 2
6 14 18 15 10 6 15 13 4 5 18 0 10 9 19 4 11 9 5 0 13 18 19 18 15 17 0 12 9 17 13 11 16 13 17 18 10 16 13 0 3 18 12 7 8 18 8 3 5 1
2 6 3 11 17 1 12 14 17 18 1 2 19 14 19 4 8 9 2 1 12 11 1 9 16 2 11 8 16 10 17 19 19 5 12 3 6 1 1 3 0 7 17 4 19 16 16 17 17 11
8 13 19 19 17 15 5 3 7 7 10 3 6 15 10 11 15 10 17 2 13 12 12 6 1 14 1 2 3 0 11 0 2 11 1 13 1 6 5 18 7 0 2 9 4 0 12 5 7 17
15 12 11 12 14 13 6 7 12 14 0 18 10 14 13 3 7 7 10 18 15 13 9 0 2 17 5 17 13 12 5 0 18 13 8 2 3 5 4 12 17 2 0 15 13 2 8 2 10 13
5 5 14 10 12 11 4 8 7 2 10 2 8 15 18 10 14 1 3 7 0 6 15 4 8 1 2 7 17 10 6 19 13 1 8 8 12 0 16 7 4 9 15 0 1 9 10 12 18 3
2 5 11 4 8 8 15 16 7 1 5 12 2 13 0 16 7 13 10 9 4 16 19 9 13 12 19 16 9 2 19 2 3 16 2 0 3 10 13 8 19 4 13 1 0 19 1 15 11 14
12 15 3 9 8 10 2 14 9 6 19 10 2 17 8 10 15 12 1 7 17 4 9 12 16 17 11 19 9 15 15 19 9 16 3 17 10 4 15 18 16 0 2 9 19 0 10 12 16 0
2 3 10 12 18 8 13 9 19 2 1 3 2 3 2 15 7 10 7 8 10 6 8 3 3 15 0 12 17 4 10 15 19 6 6 14 15 2 18 8 16 12 8 10 1 10 0 3 16 3
10 1 16 15 18 8 2 0 1 13 16 2 4 9 16 6 3 12 16 6 19 15 10 8 8 9 18 4 18 0 11 5 8 5 16 18 6 5 7 3 17 5 2 12 15 12 3 0 7 4
10 8 7 17 4 12 1 7 13 3 7 8 5 7 14 19 0 3 10 7 6 10 12 9 18 11 11 14 6 19 5 5 10 19 7 3 4 2 12 5 17 7 10 18 11 16 16 7 0 7
4 0 1 17 14 9 11 5 19 0 7 0 12 12 15 4 2 1 15 8 17 6 6 8 19 3 8 11 3 19 14 18 3 1 12 13 17 8 2 1 11 17 13 3 14 0 3 4 7 0
