50
50
0 9 5 19 9 0 18 6 18 14 2 11 9 5 19 9 15 7 6 3 19 0 2 16 14 16 8 14 18 14 19 19 13 7 19 4 16 12 9 16 6 4 4 8 16 2 5 17 11 11
9 0 8 8 4 19 3 10 14 1 8 14 7 9 2 15 3 4 19 12 16 0 18 4 0 14 1 5 2 8 17 17 19 2 4 3 18 1 14 3 6 0 11 6 7 6 15 14 11 12
5 8 0 1 9 19 13 9 5 17 19 18 7 17 11 13 11 14 1 6 3 6 2 19 3 12 8 9 8 1 4 19 18 17 19 15 13 4 7 10 1 5 10 4 2 15 4 5 7 15
19 8 1 0 8 17 11 4 4 15 17 8 7 14 8 4 0 4 15 4 0 16 11 16 7 19 7 8 16 15 16 2 12 6 17 17 7 13 2 8 0 0 5 4 15 8 14 14 17 10
9 4 9 8 0 19 8 13 7 15 19 15 8 11 14 13 17 12 1 13 1 7 7 10 10 14 10 18 17 1 17 0 1 4 1 11 1 14 5 11 1 7 2 18 19 14 5 17 10 13
0 19 19 17 19 0 3 3 2 6 11 5 5 9 14 10 3 0 18 7 9 18 14 14 16 7 3 17 2 2 7 8 1 0 5 12 6 6 2 3 17 10 18 7 1 10 16 11 5 15
18 3 13 11 8 3 0 9 12 4 12 13 1 17 16 0 9 13 14 1 9 0 5 11 4 8 14 14 6 18 6 14 6 15 14 18 7 3 5 13 13 0 18 14 11 2 19 3 19 15
6 10 9 4 13 3 9 0 19 11 8 11 18 4 7 19 12 19 13 13 10 1 15 14 8 13 3 2 4 15 10 0 10 16 4 18 15 17 12 4 3 3 17 11 16 4 15 2 5 17
18 14 5 4 7 2 12 19 0 18 16 7 7 8 8 2 11 16 13 0 11 10 4 6 0 16 11 15 19 4 19 1 16 17 2 4 4 5 1 19 18 9 2 9 14 6 11 18 12 5
14 1 17 15 15 6 4 11 18 0 15 10 19 0 18 12 1 0 6 19 3 10 14 16 14 4 2 7 0 6 2 16 10 8 2 4 8 5 7 3 17 18 14 16 15 4 0 18 16 4
2 8 19 17 19 11 12 8 16 15 0 18 0 3 2 18 3 0 13 13 16 12 3 18 8 15 16 18 7 18 13 7 1 5 19 8 10 14 0 5 18 7 0 10 0 4 4 5 13 16
11 14 18 8 15 5 13 11 7 10 18 0 19 1 16 4 11 8 17 18 11 5 7 13 1 14 19 6 7 0 7 2 0 19 12 13 11 19 7 10 3 1 17 8 8 3 2 17 4 7
9 7 7 7 8 5 1 18 7 19 0 19 0 15 8 19 0 0 13 6 18 19 17 17 5 1 12 10 17 5 7 2 8 9 7 10 13 2 17 10 10 6 5 7 10 16 12 1 8 11
5 9 17 14 11 9 17 4 8 0 3 1 15 0 13 6 6 15 1 11 6 14 15 16 16 4 7 8 8 12 5 1 10 8 12 6 8 8 13 0 7 6 17 0 3 11 5 17 10 8
19 2 11 8 14 14 16 7 8 18 2 16 8 13 0 12 2 13 5 14 17 10 18 14 7 10 0 3 3 3 4 9 0 18 18 14 3 13 9 10 14 6 1 7 11 13 16 10 11 13
9 15 13 4 13 10 0 19 2 12 18 4 19 6 12 0 14 11 7 7 17 15 13 11 0 18 11 1 8 11 13 17 7 2 1 4 8 14 5 7 3 6 6 18 19 17 4 16 2 12
15 3 11 0 17 3 9 12 11 1 3 11 0 6 2 14 0 2 11 16 11 1 19 9 9 14 15 13 2 8 1 8 4 11 6 2 1 19 7 3 18 0 17 2 12 0 3 1 15 13
7 4 14 4 12 0 13 19 16 0 0 8 0 15 13 11 2 0 19 15 14 14 8 10 16 16 18 11 12 5 6 5 5 0 16 18 1 1 1 7 9 2 3 4 7 3 4 2 17 19
6 19 1 15 1 18 14 13 13 6 13 17 13 1 5 7 11 19 0 15 19 8 4 18 16 15 9 5 7 15 9 5 10 10 4 17 16 16 2 10 13 10 2 3 10 11 9 10 10 16
3 12 6 4 13 7 1 13 0 19 13 18 6 11 14 7 16 15 15 0 17 5 9 12 3 2 5 7 19 3 15 13 18 15 8 13 5 18 12 13 12 16 11 18 5 1 12 11 10 11
19 16 3 0 1 9 9 10 11 3 16 11 18 6 17 17 11 14 19 17 0 1 15 13 9 10 10 6 17 5 8 5 7 0 13 15 14 11 13 18 19 17 8 12 8 19 2 10 6 8
0 0 6 16 7 18 0 1 10 10 12 5 19 14 10 15 1 14 8 5 1 0 12 6 11 7 19 0 11 8 8 9 4 8 10 6 4 13 16 12 17 0 8 2 5 17 7 11 17 4
2 18 2 11 7 14 5 15 4 14 3 7 17 15 18 13 19 8 4 9 15 12 0 19 13 18 6 18 1 10 3 8 11 8 5 13 8 19 8 5 8 14 18 10 10 13 14 11 14 2
16 4 19 16 10 14 11 14 6 16 18 13 17 16 14 11 9 10 18 12 13 6 19 0 14 12 6 3 2 15 13 6 12 11 0 9 5 2 5 10 5 13 7 19 16 11 18 19 0 5
14 0 3 7 10 16 4 8 0 14 8 1 5 16 7 0 9 16 16 3 9 11 13 14 0 13 0 3 12 4 6 18 1 19 0 7 17 2 13 8 13 14 19 13 13 11 2 14 12 4
16 14 12 19 14 7 8 13 16 4 15 14 1 4 10 18 14 16 15 2 10 7 18 12 13 0 19 15 18 4 14 11 18 19 16 5 2 0 4 13 14 5 11 15 0 9 10 0 17 19
8 1 8 7 10 3 14 3 11 2 16 19 12 7 0 11 15 18 9 5 10 19 6 6 0 19 0 17 15 1 18 18 15 9 11 5 6 3 8 0 3 9 18 11 19 4 13 10 17 4
14 5 9 8 18 17 14 2 15 7 18 6 10 8 3 1 13 11 5 7 6 0 18 3 3 15 17 0 17 14 6 17 12 7 13 1 8 3 17 14 1 4 13 7 7 3 1 0 5 13
18 2 8 16 17 2 6 4 19 0 7 7 17 8 3 8 2 12 7 19 17 11 1 2 12 18 15 17 0 5 9 5 10 19 9 13 14 3 5 14 18 8 0 8 9 18 7 14 2 6
14 8 1 15 1 2 18 15 4 6 18 0 5 12 3 11 8 5 15 3 5 8 10 15 4 4 1 14 5 0 12 17 17 15 4 4 17 15 11 16 17 3 7 12 18 17 7 7 1 14
19 17 4 16 17 7 6 10 19 2 13 7 7 5 4 13 1 6 9 15 8 8 3 13 6 14 18 6 9 12 0 15 2 1 16 7 14 17 18 4 0 3 0 7 4 14 6 13 4 11
19 17 19 2 0 8 14 0 1 16 7 2 2 1 9 17 8 5 5 13 5 9 8 6 18 11 18 17 5 17 15 0 7 19 8 13 0 9 11 15 2 5 8 5 11 2 6 17 17 19
13 19 18 12 1 1 6 10 16 10 1 0 8 10 0 7 4 5 10 18 7 4 11 12 1 18 15 12 10 17 2 7 0 10 1 17 10 0 12 6 13 4 15 18 2 12 14 17 3 6
7 2 17 6 4 0 15 16 17 8 5 19 9 8 18 2 11 0 10 15 0 8 8 11 19 19 9 7 19 15 1 19 10 0 12 15 14 7 8 12 6 11 15 16 11 18 18 18 2 9
19 4 19 17 1 5 14 4 2 2 19 12 7 12 18 1 6 16 4 8 13 10 5 0 0 16 11 13 9 4 16 8 1 12 0 7 9 15 16 11 14 6 2 4 4 7 18 5 19 5
4 3 15 17 11 12 18 18 4 4 8 13 10 6 14 4 2 18 17 13 15 6 13 9 7 5 5 1 13 4 7 13 17 15 7 0 11 2 16 3 16 16 2 13 1 12 4 11 10 15
16 18 13 7 1 6 7 15 4 8 10 11 13 8 3 8 1 1 16 5 14 4 8 5 17 2 6 8 14 17 14 0 10 14 9 11 0 7 5 13 16 18 6 15 10 18 7 4 14 4
12 1 4 13 14 6 3 17 5 5 14 19 2 8 13 14 19 1 16 18 11 13 19 2 2 0 3 3 3 15 17 9 0 7 15 2 7 0 19 15 8 7 4 15 4 11 7 6 19 4
9 14 7 2 5 2 5 12 1 7 0 7 17 13 9 5 7 1 2 12 13 16 8 5 13 4 8 17 5 11 18 11 12 8 16 16 5 19 0 18 3 16 19 11 7 17 13 10 14 16
16 3 10 8 11 3 13 4 19 3 5 10 10 0 10 7 3 7 10 13 18 12 5 10 8 13 0 14 14 16 4 15 6 12 11 3 13 15 18 0 2 6 12 5 8 8 3 8 10 1
6 6 1 0 1 17 13 3 18 17 18 3 10 7 14 3 18 9 13 12 19 17 8 5 13 14 3 1 18 17 0 2 13 6 14 16 16 8 3 2 0 13 5 6 15 17 2 7 1 0
4 0 5 0 7 10 0 3 9 18 7 1 6 6 6 6 0 2 10 16 17 0 14 13 14 5 9 4 8 3 3 5 4 11 6 16 18 7 16 6 13 0 1 12 11 1 2 9 12 12
4 11 10 5 2 18 18 17 2 14 0 17 5 17 1 6 17 3 2 11 8 8 18 7 19 11 18 13 0 7 0 8 15 15 2 2 6 4 19 12 5 1 0 9 1 10 0 2 8 19
8 6 4 4 18 7 14 11 9 16 10 8 7 0 7 18 2 4 3 18 12 2 10 19 13 15 11 7 8 12 7 5 18 16 4 13 15 15 11 5 6 12 9 0 6 2 6 11 10 7
16 7 2 15 19 1 11 16 14 15 0 8 10 3 11 19 12 7 10 5 8 5 10 16 13 0 19 7 9 18 4 11 2 11 4 1 10 4 7 8 15 11 1 6 0 15 1 11 0 19
2 6 15 8 14 10 2 4 6 4 4 3 16 11 13 17 0 3 11 1 19 17 13 11 11 9 4 3 18 17 14 2 12 18 7 12 18 11 17 8 17 1 10 2 15 0 5 1 17 13
5 15 4 14 5 16 19 15 11 0 4 2 12 5 16 4 3 4 9 12 2 7 14 18 2 10 13 1 7 7 6 6 14 18 18 4 7 7 13 3 2 2 0 6 1 5 0 0 5 8
17 14 5 14 17 11 3 2 18 18 5 17 1 17 10 16 1 2 10 11 10 11 11 19 14 0 10 0 14 7 13 17 17 18 5 11 4 6 10 8 7 9 2 11 11 1 0 0 14 17
11 11 7 17 10 5 19 5 12 16 13 4 8 10 11 2 15 17 10 10 6 17 14 0 12 17 17 5 2 1 4 17 3 2 19 10 14 19 14 10 1 12 8 10 0 17 5 14 0 8
11 12 15 10 13 15 15 17 5 4 16 7 11 8 13 12 13 19 16 11 8 4 2 5 4 19 4 13 6 14 11 19 6 9 5 15 4 4 16 1 0 12 19 7 19 13 8 17 8 0
