100
50
0 12 17 15 10 11 7 2 5 10 10 7 0 0 15 0 13 7 0 17 0 5 2 17 6 18 13 3 11 9 4 5 18 8 14 15 8 14 8 3 1 0 16 11 18 17 14 12 11 2
12 0 4 3 13 13 7 9 12 16 2 2 4 13 6 3 9 6 5 7 19 16 3 0 14 2 15 2 7 6 10 2 7 8 6 14 13 2 19 15 18 11 1 0 19 16 10 10 3 18
17 4 0 8 10 9 13 3 11 1 13 6 0 12 12 5 15 19 6 12 1 5 10 3 10 9 13 14 9 0 2 6 19 9 9 16 19 13 7 15 15 19 19 19 10 3 2 12 8 16
15 3 8 0 8 7 8 14 16 1 11 19 11 17 8 6 6 13 14 0 18 12 7 1 14 4 7 13 8 3 5 7 7 1 16 17 19 5 5 10 10 7 4 7 6 16 9 1 5 15
10 13 10 8 0 7 4 16 4 4 13 1 14 14 17 19 5 2 3 9 2 7 10 10 19 11 10 7 8 15 14 0 12 4 3 8 1 14 16 3 13 13 16 9 7 16 16 15 7 17
11 13 9 7 7 0 5 2 7 5 12 5 0 3 17 17 17 18 16 15 6 16 12 19 13 8 19 1 8 14 9 1 7 12 5 3 5 16 5 12 9 8 1 0 6 11 8 4 8 19
7 7 13 8 4 5 0 12 2 6 11 10 14 0 5 14 1 8 11 4 9 15 5 18 18 7 5 16 11 10 7 5 19 5 2 0 11 1 1 1 6 5 7 5 12 11 1 5 14 12
2 9 3 14 16 2 12 0 19 6 0 6 10 16 3 8 7 3 6 9 0 19 2 11 5 4 6 0 12 4 2 18 17 6 13 18 14 3 8 14 18 0 7 16 15 6 14 0 6 15
5 12 11 16 4 7 2 19 0 18 1 17 0 1 10 9 5 11 5 14 6 19 17 6 1 11 12 9 4 11 2 3 1 3 17 4 5 2 5 14 2 14 12 19 16 4 3 4 8 19
10 16 1 1 4 5 6 6 18 0 19 12 19 4 2 15 5 6 11 4 11 2 8 6 19 1 13 7 4 6 4 18 1 3 15 12 11 3 6 16 16 8 3 9 9 7 12 14 4 1
10 2 13 11 13 12 11 0 1 19 0 4 5 15 2 11 5 6 6 3 18 1 1 9 6 4 11 5 16 1 1 16 16 11 8 3 1 13 13 17 12 3 2 12 12 14 9 3 1 9
7 2 6 19 1 5 10 6 17 12 4 0 4 12 8 16 4 8 15 6 12 19 19 9 15 15 3 3 9 10 1 17 10 7 15 17 1 16 9 8 7 16 0 9 1 3 9 10 19 13
0 4 0 11 14 0 14 10 0 19 5 4 0 5 2 3 11 0 16 18 1 13 11 14 6 15 11 10 1 4 3 16 5 13 6 16 16 12 8 4 14 3 12 13 5 6 9 5 1 10
0 13 12 17 14 3 0 16 1 4 15 12 5 0 10 18 3 6 9 3 3 4 2 19 8 1 12 1 9 14 18 8 8 9 8 8 2 14 13 6 3 14 10 17 15 16 7 4 14 8
15 6 12 8 17 17 5 3 10 2 2 8 2 10 0 12 9 18 19 18 1 10 15 2 5 15 3 5 1 9 10 5 6 10 4 18 19 6 12 15 0 19 6 2 1 8 11 3 2 4
0 3 5 6 19 17 14 8 9 15 11 16 3 18 12 0 11 8 2 17 16 18 7 10 10 3 19 2 17 7 13 13 13 18 13 7 15 3 1 12 0 10 10 2 15 6 3 3 14 1
13 9 15 6 5 17 1 7 5 5 5 4 11 3 9 11 0 17 15 13 3 2 9 10 4 17 8 1 15 9 15 18 5 11 5 14 3 4 8 9 14 2 9 2 13 0 4 2 3 5
7 6 19 13 2 18 8 3 11 6 6 8 0 6 18 8 17 0 18 9 3 13 12 8 2 5 14 14 10 15 10 0 18 15 7 0 11 7 10 13 16 9 7 9 19 1 10 17 18 15
0 5 6 14 3 16 11 6 5 11 6 15 16 9 19 2 15 18 0 5 10 7 8 3 9 11 8 10 19 12 7 2 9 17 4 15 9 6 2 18 9 2 16 15 13 11 7 0 11 13
17 7 12 0 9 15 4 9 14 4 3 6 18 3 18 17 13 9 5 0 10 2 0 19 1 16 13 16 11 7 12 5 0 3 0 18 15 13 9 18 4 3 19 18 11 1 6 17 4 0
0 19 1 18 2 6 9 0 6 11 18 12 1 3 1 16 3 3 10 10 0 10 9 2 14 6 3 10 13 16 5 8 14 11 9 0 7 7 2 1 12 13 12 18 3 19 15 12 17 19
5 16 5 12 7 16 15 19 19 2 1 19 13 4 10 18 2 13 7 2 10 0 15 4 17 12 0 1 4 4 1 11 11 16 10 0 14 18 15 2 9 18 14 0 7 8 18 9 13 0
2 3 10 7 10 12 5 2 17 8 1 19 11 2 15 7 9 12 8 0 9 15 0 19 0 9 14 10 12 18 12 13 0 5 1 12 8 9 10 5 7 19 15 6 10 19 0 18 18 4
17 0 3 1 10 19 18 11 6 6 9 9 14 19 2 10 10 8 3 19 2 4 19 0 15 9 4 12 13 1 0 6 16 5 10 7 5 5 15 2 15 5 13 10 14 17 14 13 10 6
6 14 10 14 19 13 18 5 1 19 6 15 6 8 5 10 4 2 9 1 14 17 0 15 0 7 17 1 10 0 4 0 8 12 13 2 15 3 4 18 14 1 19 0 11 1 10 14 3 13
18 2 9 4 11 8 7 4 11 1 4 15 15 1 15 3 17 5 11 16 6 12 9 9 7 0 15 3 7 18 19 6 10 19 2 0 10 15 0 19 17 7 15 13 3 15 11 15 2 2
13 15 13 7 10 19 5 6 12 13 11 3 11 12 3 19 8 14 8 13 3 0 14 4 17 15 0 17 0 10 5 15 12 3 5 17 4 11 19 12 2 2 14 2 3 19 19 5 2 18
3 2 14 13 7 1 16 0 9 7 5 3 10 1 5 2 1 14 10 16 10 1 10 12 1 3 17 0 15 16 15 12 14 17 9 8 19 4 5 5 14 10 14 3 6 0 16 15 8 6
11 7 9 8 8 8 11 12 4 4 16 9 1 9 1 17 15 10 19 11 13 4 12 13 10 7 0 15 0 2 5 4 12 18 13 14 2 2 7 10 15 5 7 3 5 9 2 12 15 11
9 6 0 3 15 14 10 4 11 6 1 10 4 14 9 7 9 15 12 7 16 4 18 1 0 18 10 16 2 0 7 6 3 8 15 10 13 0 14 11 12 16 15 19 10 15 12 8 14 15
4 10 2 5 14 9 7 2 2 4 1 1 3 18 10 13 15 10 7 12 5 1 12 0 4 19 5 15 5 7 0 13 13 16 15 5 5 5 0 12 4 16 4 14 11 5 2 6 14 17
5 2 6 7 0 1 5 18 3 18 16 17 16 8 5 13 18 0 2 5 8 11 13 6 0 6 15 12 4 6 13 0 4 11 14 8 1 2 6 11 13 0 10 11 14 13 5 19 13 8
18 7 19 7 12 7 19 17 1 1 16 10 5 8 6 13 5 18 9 0 14 11 0 16 8 10 12 14 12 3 13 4 0 4 4 11 16 8 15 18 14 4 2 1 1 8 16 18 12 17
8 8 9 1 4 12 5 6 3 3 11 7 13 9 10 18 11 15 17 3 11 16 5 5 12 19 3 17 18 8 16 11 4 0 6 4 18 19 8 5 0 16 19 5 6 1 17 2 10 11
14 6 9 16 3 5 2 13 17 15 8 15 6 8 4 13 5 7 4 0 9 10 1 10 13 2 5 9 13 15 15 14 4 6 0 16 8 12 5 7 19 4 5 3 19 3 12 6 19 8
15 14 16 17 8 3 0 18 4 12 3 17 16 8 18 7 14 0 15 18 0 0 12 7 2 0 17 8 14 10 5 8 11 4 16 0 6 5 1 19 15 2 12 7 4 1 2 18 6 19
8 13 19 19 1 5 11 14 5 11 1 1 16 2 19 15 3 11 9 15 7 14 8 5 15 10 4 19 2 13 5 1 16 18 8 6 0 18 14 15 6 0 15 1 16 2 0 4 15 19
14 2 13 5 14 16 1 3 2 3 13 16 12 14 6 3 4 7 6 13 7 18 9 5 3 15 11 4 2 0 5 2 8 19 12 5 18 0 2 5 13 19 2 14 12 6 16 5 15 8
8 19 7 5 16 5 1 8 5 6 13 9 8 13 12 1 8 10 2 9 2 15 10 15 4 0 19 5 7 14 0 6 15 8 5 1 14 2 0 8 19 2 6 15 14 13 17 12 2 10
3 15 15 10 3 12 1 14 14 16 17 8 4 6 15 12 9 13 18 18 1 2 5 2 18 19 12 5 10 11 12 11 18 5 7 19 15 5 8 0 11 2 7 6 7 16 10 16 5 15
1 18 15 10 13 9 6 18 2 16 12 7 14 3 0 0 14 16 9 4 12 9 7 15 14 17 2 14 15 12 4 13 14 0 19 15 6 13 19 11 0 12 1 10 16 11 11 3 18 10
0 11 19 7 13 8 5 0 14 8 3 16 3 14 19 10 2 9 2 3 13 18 19 5 1 7 2 10 5 16 16 0 4 16 4 2 0 19 2 2 12 0 15 2 6 5 8 6 19 19
16 1 19 4 16 1 7 7 12 3 2 0 12 10 6 10 9 7 16 19 12 14 15 13 19 15 14 14 7 15 4 10 2 19 5 12 15 2 6 7 1 15 0 18 1 7 18 10 8 14
11 0 19 7 9 0 5 16 19 9 12 9 13 17 2 2 2 9 15 18 18 0 6 10 0 13 2 3 3 19 14 11 1 5 3 7 1 14 15 6 10 2 18 0 5 10 14 7 14 13
18 19 10 6 7 6 12 15 16 9 12 1 5 15 1 15 13 19 13 11 3 7 10 14 11 3 3 6 5 10 11 14 1 6 19 4 16 12 14 7 16 6 1 5 0 19 7 12 15 12
17 16 3 16 16 11 11 6 4 7 14 3 6 16 8 6 0 1 11 1 19 8 19 17 1 15 19 0 9 15 5 13 8 1 3 1 2 6 13 16 11 5 7 10 19 0 7 9 6 15
14 10 2 9 16 8 1 14 3 12 9 9 9 7 11 3 4 10 7 6 15 18 0 14 10 11 19 16 2 12 2 5 16 17 12 2 0 16 17 10 11 8 18 14 7 7 0 6 0 17
12 10 12 1 15 4 5 0 4 14 3 10 5 4 3 3 2 17 0 17 12 9 18 13 14 15 5 15 12 8 6 19 18 2 6 18 4 5 12 16 3 6 10 7 12 9 6 0 7 6
11 3 8 5 7 8 14 6 8 4 1 19 1 14 2 14 3 18 11 4 17 13 18 10 3 2 2 8 15 14 14 13 12 10 19 6 15 15 2 5 18 19 8 14 15 6 0 7 0 10
2 18 16 15 17 19 12 15 19 1 9 13 10 8 4 1 5 15 13 0 19 0 4 6 13 2 18 6 11 15 17 8 17 11 8 19 19 8 10 15 10 19 14 13 12 15 17 6 10 0
