75
50
0 0 0 0 9 0 0 0 0 0 0 0 0 0 17 0 11 0 0 18 0 2 11 0 0 0 4 0 0 0 0 9 0 12 19 10 0 5 8 0 0 0 0 3 0 0 0 0 0 8
0 0 0 0 0 0 0 0 9 0 0 0 0 0 5 1 0 0 11 18 0 0 0 18 0 11 0 0 0 0 0 1 0 0 14 0 0 0 19 3 0 0 18 0 7 7 0 0 5 0
0 0 0 0 0 0 18 0 0 0 0 0 11 0 0 1 3 0 18 0 13 0 0 9 0 0 0 0 2 0 0 17 0 0 4 0 0 11 0 18 0 0 13 0 0 0 0 18 15 4
0 0 0 0 6 16 9 4 7 0 19 0 0 0 0 2 0 0 0 0 0 0 2 0 0 0 13 0 0 0 0 0 9 5 0 11 0 0 0 0 0 0 0 0 0 0 0 5 19 0
9 0 0 6 0 0 0 6 0 0 10 0 19 0 0 0 13 0 16 0 0 0 0 0 0 0 13 0 0 0 0 0 0 0 13 0 0 0 0 0 15 0 0 0 0 0 0 0 0 0
0 0 0 16 0 0 1 0 11 0 9 0 0 19 15 17 0 0 3 0 11 18 0 2 0 0 12 12 17 18 0 10 11 0 0 0 0 0 0 0 0 10 0 0 0 11 0 4 0 15
0 0 18 9 0 1 0 1 8 0 0 0 0 4 0 0 0 3 1 0 0 0 0 0 0 0 6 0 0 0 18 0 0 0 0 0 0 0 0 0 14 17 0 9 0 0 0 0 0 0
0 0 0 4 6 0 1 0 11 0 0 0 0 0 4 13 0 0 13 0 0 0 0 11 0 0 0 9 0 0 0 0 0 0 0 0 4 0 0 0 0 0 0 0 0 0 0 0 0 0
0 9 0 7 0 11 8 11 0 0 0 0 0 0 0 0 0 0 0 14 0 0 0 5 0 0 0 0 0 11 0 1 0 0 0 0 15 0 0 0 0 17 0 0 0 0 1 0 9 0
0 0 0 0 0 0 0 0 0 0 13 6 0 0 2 0 0 6 7 0 2 19 0 0 0 0 1 6 0 17 0 11 10 0 0 0 0 0 4 0 0 12 0 0 0 0 0 7 0 14
0 0 0 19 10 9 0 0 0 13 0 0 0 0 15 7 1 0 4 0 0 11 17 3 0 0 17 9 0 4 0 0 0 0 0 0 7 0 0 0 0 0 0 0 0 0 12 0 0 0
0 0 0 0 0 0 0 0 0 6 0 0 0 0 0 0 0 0 0 0 0 0 0 0 8 0 0 9 0 0 0 11 7 19 0 2 0 0 0 11 16 8 0 0 0 0 0 1 0 9
0 0 11 0 19 0 0 0 0 0 0 0 0 0 0 0 0 18 0 0 0 0 0 0 15 16 18 0 3 0 0 0 9 0 0 0 11 0 18 15 0 0 0 5 1 0 0 17 12 0
0 0 0 0 0 19 4 0 0 0 0 0 0 0 0 0 0 13 0 0 0 0 0 15 0 0 11 14 19 0 5 0 0 0 0 0 0 4 0 4 0 0 16 14 0 0 0 0 2 0
17 5 0 0 0 15 0 4 0 2 15 0 0 0 0 3 0 9 0 0 0 0 0 5 0 0 0 0 0 0 14 0 0 0 0 0 0 13 0 0 0 12 0 0 1 0 0 0 1 10
0 1 1 2 0 17 0 13 0 0 7 0 0 0 3 0 10 6 0 0 0 0 0 0 0 0 11 0 0 0 0 10 0 0 0 0 0 0 17 0 0 15 0 13 0 14 0 0 18 16
11 0 3 0 13 0 0 0 0 0 1 0 0 0 0 10 0 18 0 0 0 4 3 0 0 0 0 14 4 0 0 14 0 0 0 0 4 0 0 0 3 0 0 0 8 19 0 19 2 17
0 0 0 0 0 0 3 0 0 6 0 0 18 13 9 6 18 0 18 0 0 0 0 0 0 0 0 0 0 0 4 0 0 0 0 0 0 0 6 0 0 0 0 10 0 0 0 0 0 11
0 11 18 0 16 3 1 13 0 7 4 0 0 0 0 0 0 18 0 5 0 6 3 0 0 0 8 0 0 15 0 0 19 16 0 0 0 0 0 0 0 9 16 0 0 0 0 0 12 0
18 18 0 0 0 0 0 0 14 0 0 0 0 0 0 0 0 0 5 0 0 0 4 0 0 0 6 0 0 0 0 0 0 0 19 0 0 0 0 0 5 18 14 0 3 0 0 0 0 0
0 0 13 0 0 11 0 0 0 2 0 0 0 0 0 0 0 0 0 0 0 0 0 0 16 0 0 0 0 0 1 8 0 12 0 0 3 0 0 0 13 0 0 0 0 0 0 18 1 0
2 0 0 0 0 18 0 0 0 19 11 0 0 0 0 0 4 0 6 0 0 0 0 0 0 19 0 0 0 0 0 0 0 1 0 15 0 0 0 0 0 1 0 0 1 0 19 4 0 0
11 0 0 2 0 0 0 0 0 0 17 0 0 0 0 0 3 0 3 4 0 0 0 17 0 0 4 0 0 0 7 0 10 0 0 11 0 0 0 13 0 0 0 0 0 0 0 0 0 0
0 18 9 0 0 2 0 11 5 0 3 0 0 15 5 0 0 0 0 0 0 0 17 0 0 3 7 11 2 1 0 0 0 0 0 0 0 6 0 0 0 0 0 0 0 0 10 0 0 0
0 0 0 0 0 0 0 0 0 0 0 8 15 0 0 0 0 0 0 0 16 0 0 0 0 0 0 0 0 0 0 0 16 0 18 0 0 4 0 0 0 0 0 0 0 0 0 0 0 0
0 11 0 0 0 0 0 0 0 0 0 0 16 0 0 0 0 0 0 0 0 19 0 3 0 0 0 16 0 0 0 0 0 0 9 0 0 16 0 0 0 14 1 0 0 0 0 11 0 0
4 0 0 13 13 12 6 0 0 1 17 0 18 11 0 11 0 0 8 6 0 0 4 7 0 0 0 0 0 12 0 0 9 18 0 0 0 9 15 2 0 0 0 0 0 0 0 0 0 0
0 0 0 0 0 12 0 9 0 6 9 9 0 14 0 0 14 0 0 0 0 0 0 11 0 16 0 0 0 0 0 5 16 0 12 0 0 0 19 2 0 17 1 0 0 0 4 10 0 0
0 0 2 0 0 17 0 0 0 0 0 0 3 19 0 0 4 0 0 0 0 0 0 2 0 0 0 0 0 19 0 0 6 0 0 0 0 19 0 0 0 0 14 7 0 9 16 0 1 0
0 0 0 0 0 18 0 0 11 17 4 0 0 0 0 0 0 0 15 0 0 0 0 1 0 0 12 0 19 0 0 15 0 19 0 0 0 0 0 0 0 17 0 12 0 0 0 0 16 0
0 0 0 0 0 0 18 0 0 0 0 0 0 5 14 0 0 4 0 0 1 0 7 0 0 0 0 0 0 0 0 0 0 0 0 0 0 0 0 0 0 0 0 0 0 0 0 0 0 18
9 1 17 0 0 10 0 0 1 11 0 11 0 0 0 10 14 0 0 0 8 0 0 0 0 0 0 5 0 15 0 0 0 16 16 19 0 4 0 0 0 0 0 12 0 0 0 0 0 0
0 0 0 9 0 11 0 0 0 10 0 7 9 0 0 0 0 0 19 0 0 0 10 0 16 0 9 16 6 0 0 0 0 0 0 0 0 0 0 6 0 3 13 0 19 0 8 0 0 15
12 0 0 5 0 0 0 0 0 0 0 19 0 0 0 0 0 0 16 0 12 1 0 0 0 0 18 0 0 19 0 16 0 0 5 16 0 2 0 0 0 0 0 19 0 10 0 0 0 0
19 14 4 0 13 0 0 0 0 0 0 0 0 0 0 0 0 0 0 19 0 0 0 0 18 9 0 12 0 0 0 16 0 5 0 0 16 0 0 0 0 0 0 0 19 16 0 6 0 0
10 0 0 11 0 0 0 0 0 0 0 2 0 0 0 0 0 0 0 0 0 15 11 0 0 0 0 0 0 0 0 19 0 16 0 0 15 0 0 0 9 0 2 0 0 0 0 2 0 13
0 0 0 0 0 0 0 4 15 0 7 0 11 0 0 0 4 0 0 0 3 0 0 0 0 0 0 0 0 0 0 0 0 0 16 15 0 0 10 0 17 0 8 0 1 3 10 0 0 0
5 0 11 0 0 0 0 0 0 0 0 0 0 4 13 0 0 0 0 0 0 0 0 6 4 16 9 0 19 0 0 4 0 2 0 0 0 0 0 5 0 0 1 0 0 19 0 0 0 0
8 19 0 0 0 0 0 0 0 4 0 0 18 0 0 17 0 6 0 0 0 0 0 0 0 0 15 19 0 0 0 0 0 0 0 0 10 0 0 0 0 0 0 0 0 0 0 0 19 2
0 3 18 0 0 0 0 0 0 0 0 11 15 4 0 0 0 0 0 0 0 0 13 0 0 0 2 2 0 0 0 0 6 0 0 0 0 5 0 0 15 18 0 0 7 0 18 0 0 16
0 0 0 0 15 0 14 0 0 0 0 16 0 0 0 0 3 0 0 5 13 0 0 0 0 0 0 0 0 0 0 0 0 0 0 9 17 0 0 15 0 0 0 0 0 0 0 18 0 9
0 0 0 0 0 10 17 0 17 12 0 8 0 0 12 15 0 0 9 18 0 1 0 0 0 14 0 17 0 17 0 0 3 0 0 0 0 0 0 18 0 0 0 5 16 0 17 7 0 0
0 18 13 0 0 0 0 0 0 0 0 0 0 16 0 0 0 0 16 14 0 0 0 0 0 1 0 1 14 0 0 0 13 0 0 2 8 1 0 0 0 0 0 13 0 0 0 0 0 0
3 0 0 0 0 0 9 0 0 0 0 0 5 14 0 13 0 10 0 0 0 0 0 0 0 0 0 0 7 12 0 12 0 19 0 0 0 0 0 0 0 5 13 0 16 0 0 0 0 0
0 7 0 0 0 0 0 0 0 0 0 0 1 0 1 0 8 0 0 3 0 1 0 0 0 0 0 0 0 0 0 0 19 0 19 0 1 0 0 7 0 16 0 16 0 0 0 15 0 0
0 7 0 0 0 11 0 0 0 0 0 0 0 0 0 14 19 0 0 0 0 0 0 0 0 0 0 0 9 0 0 0 0 10 16 0 3 19 0 0 0 0 0 0 0 0 10 0 0 0
0 0 0 0 0 0 0 0 1 0 12 0 0 0 0 0 0 0 0 0 0 19 0 10 0 0 0 4 16 0 0 0 8 0 0 0 10 0 0 18 0 17 0 0 0 10 0 13 9 0
0 0 18 5 0 4 0 0 0 7 0 1 17 0 0 0 19 0 0 0 18 4 0 0 0 11 0 10 0 0 0 0 0 0 6 2 0 0 0 0 18 7 0 0 15 0 13 0 0 0
0 5 15 19 0 0 0 0 9 0 0 0 12 2 1 18 2 0 12 0 1 0 0 0 0 0 0 0 1 16 0 0 0 0 0 0 0 0 19 0 0 0 0 0 0 0 9 0 0 3
8 0 4 0 0 15 0 0 0 14 0 9 0 0 10 16 17 11 0 0 0 0 0 0 0 0 0 0 0 0 18 0 15 0 0 13 0 0 2 16 9 0 0 0 0 0 0 0 3 0
