75
75
0 0 0 0 8 0 0 0 0 18 0 7 11 16 0 0 0 0 0 0 0 0 7 0 0 0 0 0 0 0 19 18 0 0 0 4 6 0 0 0 0 10 0 0 0 0 7 0 16 0 0 0 0 0 0 18 0 0 15 0 0 0 0 0 0 0 13 9 1 4 0 0 0 0 0
0 0 15 0 0 19 0 3 0 4 0 0 8 0 0 0 0 0 0 0 0 0 0 2 0 17 0 8 15 0 0 11 0 7 0 0 0 0 0 0 0 16 0 11 10 0 0 0 0 0 0 0 11 6 0 0 8 0 0 0 0 17 0 0 0 0 0 0 5 0 3 18 2 0 0
0 15 0 0 0 2 9 11 0 0 0 0 5 0 0 0 0 0 0 0 8 0 0 0 0 0 0 0 0 0 0 3 5 0 0 0 0 0 0 0 0 18 0 0 17 0 0 0 0 8 0 0 0 0 6 0 0 0 0 0 0 0 0 0 0 0 9 15 19 0 15 0 0 1 0
0 0 0 0 0 0 0 0 0 8 0 0 0 0 0 5 0 0 0 0 0 0 0 13 0 0 0 15 0 0 0 0 3 1 8 0 0 0 0 0 19 4 18 19 0 17 7 0 0 0 0 15 0 0 0 19 0 8 1 7 0 8 0 0 0 12 0 0 0 0 0 16 0 7 19
8 0 0 0 0 0 0 0 0 0 0 0 11 0 0 19 8 5 12 0 0 0 9 0 0 0 16 15 0 14 0 0 0 0 0 0 16 0 11 0 5 0 16 0 0 0 0 2 0 0 0 19 0 0 0 0 0 0 0 0 0 6 0 0 0 0 0 0 0 0 0 0 0 19 1
0 19 2 0 0 0 7 10 1 0 0 0 0 14 0 0 0 16 17 19 5 0 0 0 2 0 2 0 0 0 0 0 0 0 0 0 18 2 0 0 7 19 7 9 0 0 1 0 0 0 0 0 0 13 12 3 0 3 0 19 17 0 3 3 11 0 0 0 0 0 0 0 0 0 0
0 0 9 0 0 7 0 0 0 18 10 0 16 0 3 0 0 0 0 0 0 0 0 0 8 0 0 0 0 0 0 0 0 0 14 0 2 0 3 0 19 2 13 0 0 0 0 14 0 0 0 0 0 0 10 9 7 0 3 17 15 0 0 0 0 2 0 4 15 5 19 0 0 5 0
0 3 11 0 0 10 0 0 11 0 4 7 13 5 0 0 0 0 4 0 0 0 0 7 0 3 19 0 13 0 0 11 0 0 0 0 0 0 6 0 0 0 0 0 12 9 0 0 0 0 0 0 0 15 0 0 0 0 0 0 16 0 0 0 0 0 0 0 0 7 7 0 0 0 0
0 0 0 0 0 1 0 11 0 0 17 16 0 0 12 0 0 0 0 0 0 0 0 0 10 8 9 1 0 10 14 19 0 0 8 0 0 0 0 0 7 6 0 0 6 0 0 0 14 0 0 0 0 0 0 0 0 0 0 0 11 0 0 0 0 4 0 10 0 0 0 3 0 0 0
18 4 0 8 0 0 18 0 0 0 0 8 0 0 0 15 0 0 11 4 0 0 3 0 0 4 0 19 0 0 0 0 11 1 0 0 10 0 11 18 0 0 0 0 0 18 0 0 0 0 0 11 14 14 0 0 0 0 0 15 0 8 13 0 0 0 0 0 0 12 18 0 0 0 0
0 0 0 0 0 0 10 4 17 0 0 1 0 0 0 1 0 17 9 0 0 0 0 0 0 0 10 0 19 0 0 0 0 0 0 0 1 0 8 15 0 0 0 1 0 0 3 0 0 13 0 0 0 12 0 0 0 5 12 0 0 0 0 0 0 0 0 1 0 0 0 11 0 0 15
7 0 0 0 0 0 0 7 16 8 1 0 0 0 3 0 0 0 11 0 0 0 5 6 18 0 0 0 0 0 0 0 0 0 0 0 0 0 0 0 6 7 0 0 0 3 15 0 0 0 7 0 0 0 0 0 0 4 0 9 0 19 0 0 0 17 0 9 6 0 10 0 11 0 0
11 8 5 0 11 0 16 13 0 0 0 0 0 0 0 3 3 0 15 12 0 0 10 4 0 0 10 0 0 5 4 0 0 0 0 11 0 0 0 0 11 0 0 0 10 0 0 0 0 0 14 7 0 0 0 0 15 0 18 18 1 0 17 19 0 0 0 0 0 18 19 0 5 0 0
16 0 0 0 0 14 0 5 0 0 0 0 0 0 0 13 0 0 0 11 16 0 0 13 0 0 0 5 0 0 2 0 0 0 5 0 2 16 0 7 0 3 0 0 0 0 0 0 0 16 3 0 0 5 11 15 0 0 4 0 0 0 0 3 0 0 0 0 7 6 15 14 0 0 0
0 0 0 0 0 0 3 0 12 0 0 3 0 0 0 0 0 13 4 0 9 10 0 0 18 0 0 0 12 18 16 0 0 0 0 2 10 1 0 0 0 0 0 0 0 0 0 0 0 0 0 0 6 0 15 0 0 7 19 19 0 6 3 0 0 0 8 0 4 0 0 0 0 0 8
0 0 0 5 19 0 0 0 0 15 1 0 3 13 0 0 0 0 0 0 0 0 0 0 0 0 0 9 8 0 0 0 0 0 0 0 0 0 0 0 0 0 0 0 0 3 0 3 2 0 0 0 0 0 0 0 0 8 0 12 0 0 10 0 0 0 0 0 0 0 0 0 6 13 0
0 0 0 0 8 0 0 0 0 0 0 0 3 0 0 0 0 11 0 0 0 0 0 18 0 0 0 12 0 0 0 0 0 0 3 0 0 0 19 0 0 0 0 0 0 1 0 19 0 0 0 0 0 0 0 0 5 0 0 0 15 18 2 0 0 0 0 0 0 0 0 0 5 0 0
0 0 0 0 5 16 0 0 0 0 17 0 0 0 13 0 11 0 0 0 0 0 0 11 9 11 14 0 0 1 1 0 0 0 0 0 0 0 0 0 0 10 19 0 0 0 0 8 0 0 0 0 0 19 0 2 0 0 0 0 0 0 3 0 11 0 0 0 17 0 4 0 0 0 2
0 0 0 0 12 17 0 4 0 11 9 11 15 0 4 0 0 0 0 0 0 0 8 14 0 0 0 0 0 0 8 0 0 0 0 0 0 0 12 0 0 0 0 0 1 0 17 14 0 0 11 0 0 0 11 0 0 15 0 0 0 15 0 0 0 0 10 0 0 0 2 0 2 0 0
0 0 0 0 0 19 0 0 0 4 0 0 12 11 0 0 0 0 0 0 0 0 0 11 17 0 0 0 0 0 0 0 5 0 0 0 0 19 0 0 0 0 0 13 6 0 14 0 0 0 0 0 0 0 0 0 0 0 0 0 15 0 0 0 0 0 0 17 0 8 0 0 0 0 0
0 0 8 0 0 5 0 0 0 0 0 0 0 16 9 0 0 0 0 0 0 0 0 0 0 0 0 0 0 2 0 0 0 0 0 7 10 0 0 0 0 0 19 14 0 0 0 17 0 0 0 0 0 0 19 3 0 0 0 0 0 0 0 0 0 0 0 0 0 0 0 0 0 0 0
0 0 0 0 0 0 0 0 0 0 0 0 0 0 10 0 0 0 0 0 0 0 8 0 11 16 0 0 16 6 11 15 0 15 0 8 0 0 0 0 0 2 0 0 0 10 0 19 1 0 0 0 14 0 0 0 0 0 0 0 16 0 0 0 0 0 15 0 0 9 0 0 16 0 1
7 0 0 0 9 0 0 0 0 3 0 5 10 0 0 0 0 0 8 0 0 8 0 6 0 13 0 10 12 0 12 13 0 0 0 0 0 0 0 0 0 0 0 0 0 13 0 7 13 0 1 0 0 0 3 0 0 2 0 0 0 0 19 0 0 0 0 0 0 0 0 0 0 0 0
0 2 0 13 0 0 0 7 0 0 0 6 4 13 0 0 18 11 14 11 0 0 6 0 0 0 2 3 0 9 0 12 0 0 0 0 0 0 17 0 0 8 0 15 16 0 0 5 9 0 2 11 18 0 0 0 0 0 0 16 0 0 0 0 0 8 0 0 0 0 0 0 0 4 0
0 0 0 0 0 2 8 0 10 0 0 18 0 0 18 0 0 9 0 17 0 11 0 0 0 9 14 0 0 0 2 5 0 0 0 0 0 0 9 0 0 0 0 0 0 0 0 6 0 0 0 0 0 0 0 0 0 12 0 4 0 0 11 8 0 0 9 0 15 0 16 0 0 7 0
0 17 0 0 0 0 0 3 8 4 0 0 0 0 0 0 0 11 0 0 0 16 13 0 9 0 0 0 16 4 13 0 0 0 0 12 0 0 14 0 0 0 5 0 0 0 0 0 13 18 0 0 9 0 0 0 0 4 11 0 0 0 18 0 0 0 0 0 0 0 3 10 0 0 16
0 0 0 0 16 2 0 19 9 0 10 0 10 0 0 0 0 14 0 0 0 0 0 2 14 0 0 0 0 6 0 0 0 1 10 0 0 0 0 0 1 17 16 17 18 3 0 0 0 0 0 0 0 0 0 5 12 0 0 0 0 0 0 0 0 0 0 0 14 0 0 0 0 0 0
0 8 0 15 15 0 0 0 1 19 0 0 0 5 0 9 12 0 0 0 0 0 10 3 0 0 0 0 0 7 0 0 0 0 12 0 0 7 0 0 0 14 0 0 0 5 0 0 0 0 0 0 19 0 0 0 13 3 0 0 0 0 0 0 0 0 0 0 0 14 18 0 0 0 0
0 15 0 0 0 0 0 13 0 0 19 0 0 0 12 8 0 0 0 0 0 16 12 0 0 16 0 0 0 18 0 0 13 1 14 18 0 18 0 0 0 7 14 0 0 0 0 5 13 0 0 0 2 0 0 15 0 15 0 0 0 0 19 19 12 0 0 0 0 7 4 10 0 0 0
0 0 0 0 14 0 0 0 10 0 0 0 5 0 18 0 0 1 0 0 2 6 0 9 0 4 6 7 18 0 11 0 0 0 0 0 0 0 0 3 9 0 0 0 0 4 0 3 18 0 0 0 4 0 0 0 0 6 0 7 8 0 0 0 0 0 12 17 0 0 0 0 2 0 4
19 0 0 0 0 0 0 0 14 0 0 0 4 2 16 0 0 1 8 0 0 11 12 0 2 13 0 0 0 11 0 8 0 0 0 0 11 2 0 0 0 5 0 7 0 0 0 18 0 0 0 0 0 4 0 0 0 0 18 9 0 9 0 19 0 7 13 4 0 16 0 0 0 0 6
18 11 3 0 0 0 0 11 19 0 0 0 0 0 0 0 0 0 0 0 0 15 13 12 5 0 0 0 0 0 8 0 0 0 0 0 0 0 0 0 0 0 0 13 0 0 0 0 7 0 0 13 0 0 16 0 2 0 5 0 0 0 1 0 0 0 0 0 14 0 0 9 0 0 0
0 0 5 3 0 0 0 0 0 11 0 0 0 0 0 0 0 0 0 5 0 0 0 0 0 0 0 0 13 0 0 0 0 0 13 0 0 0 0 0 0 0 0 0 0 0 0 0 15 0 5 17 0 0 1 9 0 8 0 0 0 0 0 0 0 0 0 0 15 11 6 0 0 4 0
0 7 0 1 0 0 0 0 0 1 0 0 0 0 0 0 0 0 0 0 0 15 0 0 0 0 1 0 1 0 0 0 0 0 3 16 0 0 0 0 0 3 0 0 11 0 0 0 0 0 0 0 16 19 0 1 0 0 10 3 0 10 9 0 0 0 0 0 18 3 4 12 0 0 0
0 0 0 8 0 0 14 0 8 0 0 0 0 5 0 0 3 0 0 0 0 0 0 0 0 0 10 12 14 0 0 0 13 3 0 0 14 0 0 0 0 0 0 0 0 0 0 0 0 0 7 0 0 0 0 0 0 0 0 0 0 0 15 7 0 12 0 0 0 0 0 0 0 0 19
4 0 0 0 0 0 0 0 0 0 0 0 11 0 2 0 0 0 0 0 7 8 0 0 0 12 0 0 18 0 0 0 0 16 0 0 0 17 8 0 0 0 0 0 0 9 6 7 9 0 0 3 3 0 0 0 0 0 0 0 17 0 0 14 0 0 9 5 0 0 0 0 0 0 0
6 0 0 0 16 18 2 0 0 10 1 0 0 2 10 0 0 0 0 0 10 0 0 0 0 0 0 0 0 0 11 0 0 0 14 0 0 0 0 0 8 0 0 0 0 0 0 0 0 0 0 0 0 9 0 0 0 0 13 0 0 0 11 0 0 0 0 0 0 0 0 0 0 0 0
0 0 0 0 0 2 0 0 0 0 0 0 0 16 1 0 0 0 0 19 0 0 0 0 0 0 0 7 18 0 2 0 0 0 0 17 0 0 0 0 0 0 0 0 0 0 0 0 6 0 0 0 0 6 0 0 0 13 0 0 0 0 0 0 17 18 10 0 13 0 0 0 16 0 11
0 0 0 0 11 0 3 6 0 11 8 0 0 0 0 0 19 0 12 0 0 0 0 17 9 14 0 0 0 0 0 0 0 0 0 8 0 0 0 16 0 17 0 0 6 0 0 0 0 0 0 0 1 0 11 0 0 0 0 0 0 19 0 2 0 0 0 10 0 0 1 3 9 0 16
0 0 0 0 0 0 0 0 0 18 15 0 0 7 0 0 0 0 0 0 0 0 0 0 0 0 0 0 0 3 0 0 0 0 0 0 0 0 16 0 0 0 0 0 12 0 0 0 0 4 0 0 0 0 0 0 17 0 0 0 9 0 11 0 0 10 0 0 19 0 14 0 0 1 0
0 0 0 19 5 7 19 0 7 0 0 6 11 0 0 0 0 0 0 0 0 0 0 0 0 0 1 0 0 9 0 0 0 0 0 0 8 0 0 0 0 8 0 0 16 3 0 0 5 1 0 0 0 0 0 12 0 0 0 0 0 0 8 11 3 16 15 0 17 0 5 0 0 0 0
10 16 18 4 0 19 2 0 6 0 0 7 0 3 0 0 0 10 0 0 0 2 0 8 0 0 17 14 7 0 5 0 0 3 0 0 0 0 17 0 8 0 0 0 0 0 10 0 0 15 3 16 0 4 0 9 0 10 0 0 0 3 0 0 0 0 0 9 4 17 0 0 2 4 8
0 0 0 18 16 7 13 0 0 0 0 0 0 0 0 0 0 19 0 0 19 0 0 0 0 5 16 0 14 0 0 0 0 0 0 0 0 0 0 0 0 0 0 0 6 11 0 0 5 0 0 0 0 0 0 0 11 0 8 6 0 0 0 0 0 0 14 4 13 0 0 0 3 0 0
0 11 0 19 0 9 0 0 0 0 1 0 0 0 0 0 0 0 0 13 14 0 0 15 0 0 17 0 0 0 7 13 0 0 0 0 0 0 0 0 0 0 0 0 0 18 0 0 0 0 0 0 15 0 0 8 4 0 0 0 0 0 0 0 0 18 0 0 16 0 0 0 0 0 13
0 10 17 0 0 0 0 12 6 0 0 0 10 0 0 0 0 0 1 6 0 0 0 16 0 0 18 0 0 0 0 0 0 11 0 0 0 0 6 12 16 0 6 0 0 9 0 7 0 0 0 11 0 0 0 1 0 0 0 0 0 0 0 0 0 0 0 9 6 0 0 0 0 0 0
0 0 0 17 0 0 0 9 0 18 0 3 0 0 0 3 1 0 0 0 0 10 13 0 0 0 3 5 0 4 0 0 0 0 0 9 0 0 0 0 3 0 11 18 9 0 11 0 0 0 15 0 0 11 0 0 0 0 0 0 2 0 0 0 0 0 0 0 18 15 0 0 0 10 0
7 0 0 7 0 1 0 0 0 0 3 15 0 0 0 0 0 0 17 14 0 0 0 0 0 0 0 0 0 0 0 0 0 0 0 6 0 0 0 0 0 10 0 0 0 11 0 0 0 0 0 1 0 0 0 0 0 0 0 19 0 0 0 0 8 0 0 3 0 0 0 0 0 8 0
0 0 0 0 2 0 14 0 0 0 0 0 0 0 0 3 19 8 14 0 17 19 7 5 6 0 0 0 5 3 18 0 0 0 0 7 0 0 0 0 0 0 0 0 7 0 0 0 3 0 6 0 11 0 0 0 0 0 0 6 17 0 0 19 18 6 0 0 0 3 0 0 0 0 0
16 0 0 0 0 0 0 0 14 0 0 0 0 0 0 2 0 0 0 0 0 1 13 9 0 13 0 0 13 18 0 7 15 0 0 9 0 6 0 0 5 0 5 0 0 0 0 3 0 0 0 0 5 0 0 0 0 0 0 10 13 0 0 0 10 0 10 0 0 9 0 6 0 7 0
0 0 8 0 0 0 0 0 0 0 13 0 0 16 0 0 0 0 0 0 0 0 0 0 0 18 0 0 0 0 0 0 0 0 0 0 0 0 0 4 1 15 0 0 0 0 0 0 0 0 0 0 0 0 0 0 0 16 0 17 0 0 0 0 0 2 0 12 18 0 0 0 12 0 0
0 0 0 0 0 0 0 0 0 0 0 7 14 3 0 0 0 0 11 0 0 0 1 2 0 0 0 0 0 0 0 0 5 0 7 0 0 0 0 0 0 3 0 0 0 15 0 6 0 0 0 0 0 16 0 9 15 11 6 1 0 18 13 0 0 0 0 0 13 0 0 0 0 0 0
0 0 0 15 19 0 0 0 0 11 0 0 7 0 0 0 0 0 0 0 0 0 0 11 0 0 0 0 0 0 0 13 17 0 0 3 0 0 0 0 0 16 0 0 11 0 1 0 0 0 0 0 0 0 8 8 0 18 0 0 0 0 0 0 9 0 0 0 0 0 0 0 0 0 17
0 11 0 0 0 0 0 0 0 14 0 0 0 0 6 0 0 0 0 0 0 14 0 18 0 9 0 19 2 4 0 0 0 16 0 3 0 0 1 0 0 0 0 15 0 0 0 11 5 0 0 0 0 2 0 0 0 2 8 0 0 0 0 0 0 0 16 0 0 0 2 0 0 0 0
0 6 0 0 0 13 0 15 0 14 12 0 0 5 0 0 0 19 0 0 0 0 0 0 0 0 0 0 0 0 4 0 0 19 0 0 9 6 0 0 0 4 0 0 0 11 0 0 0 0 16 0 2 0 7 15 0 0 0 0 1 7 0 0 0 0 0 0 0 0 0 18 0 1 0
0 0 6 0 0 12 10 0 0 0 0 0 0 11 15 0 0 0 11 0 19 0 3 0 0 0 0 0 0 0 0 16 1 0 0 0 0 0 11 0 0 0 0 0 0 0 0 0 0 0 0 8 0 7 0 12 14 1 0 0 0 1 16 10 0 8 0 0 6 5 14 0 0 0 0
18 0 0 19 0 3 9 0 0 0 0 0 0 15 0 0 0 2 0 0 3 0 0 0 0 0 5 0 15 0 0 0 9 1 0 0 0 0 0 0 12 9 0 8 1 0 0 0 0 0 9 8 0 15 12 0 17 1 0 0 2 0 14 0 0 5 0 0 1 0 0 0 0 0 0
0 8 0 0 0 0 7 0 0 0 0 0 15 0 0 0 5 0 0 0 0 0 0 0 0 0 12 13 0 0 0 2 0 0 0 0 0 0 0 17 0 0 11 4 0 0 0 0 0 0 15 0 0 0 14 17 0 0 11 8 0 0 0 7 0 0 0 0 8 0 3 0 0 0 0
0 0 0 8 0 3 0 0 0 0 5 4 0 0 7 8 0 0 15 0 0 0 2 0 12 4 0 3 15 6 0 0 8 0 0 0 0 13 0 0 0 10 0 0 0 0 0 0 0 16 11 18 2 0 1 1 0 0 13 0 0 0 0 0 0 0 18 0 6 0 0 0 0 1 0
15 0 0 1 0 0 3 0 0 0 12 0 18 4 19 0 0 0 0 0 0 0 0 0 0 11 0 0 0 0 18 5 0 10 0 0 13 0 0 0 0 0 8 0 0 0 0 0 0 0 6 0 8 0 0 0 11 13 0 18 16 0 0 0 0 14 0 0 0 0 7 0 1 0 0
0 0 0 7 0 19 17 0 0 15 0 9 18 0 19 12 0 0 0 0 0 0 0 16 4 0 0 0 0 7 9 0 0 3 0 0 0 0 0 0 0 0 6 0 0 0 19 6 10 17 1 0 0 0 0 0 8 0 18 0 12 0 11 7 0 9 0 0 13 0 0 0 9 0 0
0 0 0 0 0 17 15 16 11 0 0 0 1 0 0 0 15 0 0 15 0 16 0 0 0 0 0 0 0 8 0 0 0 0 0 17 0 0 0 9 0 0 0 0 0 2 0 17 13 0 0 0 0 1 0 2 0 0 16 12 0 0 0 0 0 0 13 0 0 0 0 11 11 0 12
0 17 0 8 6 0 0 0 0 8 0 19 0 0 6 0 18 0 15 0 0 0 0 0 0 0 0 0 0 0 9 0 0 10 0 0 0 0 19 0 0 3 0 0 0 0 0 0 0 0 18 0 0 7 1 0 0 0 0 0 0 0 0 10 19 0 0 0 0 0 0 0 0 0 2
0 0 0 0 0 3 0 0 0 13 0 0 17 0 3 10 2 3 0 0 0 0 19 0 11 18 0 0 19 0 0 1 0 9 15 0 11 0 0 11 8 0 0 0 0 0 0 0 0 0 13 0 0 0 16 14 0 0 0 11 0 0 0 0 0 6 7 14 15 2 0 0 0 0 0
0 0 0 0 0 3 0 0 0 0 0 0 19 3 0 0 0 0 0 0 0 0 0 0 8 0 0 0 19 0 19 0 0 0 7 14 0 0 2 0 11 0 0 0 0 0 0 19 0 0 0 0 0 0 10 0 7 0 0 7 0 10 0 0 0 0 0 7 1 0 11 12 0 2 2
0 0 0 0 0 11 0 0 0 0 0 0 0 0 0 0 0 11 0 0 0 0 0 0 0 0 0 0 12 0 0 0 0 0 0 0 0 17 0 0 3 0 0 0 0 0 8 18 10 0 0 9 0 0 0 0 0 0 0 0 0 19 0 0 0 0 0 0 0 0 0 0 0 0 0
0 0 0 12 0 0 2 0 4 0 0 17 0 0 0 0 0 0 0 0 0 0 0 8 0 0 0 0 0 0 7 0 0 0 12 0 0 18 0 10 16 0 0 18 0 0 0 6 0 2 0 0 0 0 8 5 0 0 14 9 0 0 6 0 0 0 0 0 0 0 0 0 14 0 0
13 0 9 0 0 0 0 0 0 0 0 0 0 0 8 0 0 0 10 0 0 15 0 0 9 0 0 0 0 12 13 0 0 0 0 9 0 10 0 0 15 0 14 0 0 0 0 0 10 0 0 0 16 0 0 0 0 18 0 0 13 0 7 0 0 0 0 0 0 0 0 0 0 16 0
9 0 15 0 0 0 4 0 10 0 1 9 0 0 0 0 0 0 0 17 0 0 0 0 0 0 0 0 0 17 4 0 0 0 0 5 0 0 10 0 0 9 4 0 9 0 3 0 0 12 0 0 0 0 0 0 0 0 0 0 0 0 14 7 0 0 0 0 5 0 0 7 11 0 0
1 5 19 0 0 0 15 0 0 0 0 6 0 7 4 0 0 17 0 0 0 0 0 0 15 0 14 0 0 0 0 14 15 18 0 0 0 13 0 19 17 4 13 16 6 18 0 0 0 18 13 0 0 0 6 1 8 6 0 13 0 0 15 1 0 0 0 5 0 0 0 0 0 0 14
4 0 0 0 0 0 5 7 0 12 0 0 18 6 0 0 0 0 0 8 0 9 0 0 0 0 0 14 7 0 16 0 11 3 0 0 0 0 0 0 0 17 0 0 0 15 0 3 9 0 0 0 0 0 5 0 0 0 0 0 0 0 2 0 0 0 0 0 0 0 7 5 0 0 7
0 3 15 0 0 0 19 7 0 18 0 10 19 15 0 0 0 4 2 0 0 0 0 0 16 3 0 18 4 0 0 0 6 4 0 0 0 0 1 14 5 0 0 0 0 0 0 0 0 0 0 0 2 0 14 0 3 0 7 0 0 0 0 11 0 0 0 0 0 7 0 0 0 0 9
0 18 0 16 0 0 0 0 3 0 11 0 0 14 0 0 0 0 0 0 0 0 0 0 0 10 0 0 10 0 0 9 0 12 0 0 0 0 3 0 0 0 0 0 0 0 0 0 6 0 0 0 0 18 0 0 0 0 0 0 11 0 0 12 0 0 0 7 0 5 0 0 0 0 0
0 2 0 0 0 0 0 0 0 0 0 11 5 0 0 6 5 0 2 0 0 16 0 0 0 0 0 0 0 2 0 0 0 0 0 0 0 16 9 0 0 2 3 0 0 0 0 0 0 12 0 0 0 0 0 0 0 0 1 9 11 0 0 0 0 14 0 11 0 0 0 0 0 15 19
0 0 1 7 19 0 5 0 0 0 0 0 0 0 0 13 0 0 0 0 0 0 0 4 7 0 0 0 0 0 0 0 4 0 0 0 0 0 0 1 0 4 0 0 0 10 8 0 7 0 0 0 0 1 0 0 0 1 0 0 0 0 0 2 0 0 16 0 0 0 0 0 15 0 0
0 0 0 19 1 0 0 0 0 0 15 0 0 0 8 0 0 2 0 0 0 1 0 0 0 16 0 0 0 4 6 0 0 0 19 0 0 11 16 0 0 8 0 13 0 0 0 0 0 0 0 17 0 0 0 0 0 0 0 0 12 2 0 2 0 0 0 0 14 7 9 0 19 0 0
