100
50
0 16 0 0 0 0 6 10 0 0 0 0 6 15 0 9 0 0 0 0 0 0 0 0 0 0 0 13 0 0 0 2 12 0 0 0 6 19 0 2 0 0 9 18 0 0 0 0 0 0
16 0 0 0 0 0 0 0 0 0 0 0 0 0 0 0 0 6 0 0 0 0 16 0 0 0 0 1 13 0 0 3 0 0 0 0 3 7 0 0 0 0 0 0 18 0 6 19 0 0
0 0 0 17 0 17 19 0 18 17 0 0 0 0 0 0 3 0 14 0 14 0 0 0 0 14 0 0 11 0 0 0 5 0 0 0 0 5 1 0 11 0 0 6 0 0 15 0 0 0
0 0 17 0 0 0 8 0 0 0 17 0 0 13 0 0 0 0 4 0 0 0 0 0 12 0 0 1 0 0 0 0 0 14 0 0 0 0 0 0 0 0 0 0 13 0 0 14 0 0
0 0 0 0 0 3 2 0 0 0 0 0 0 0 0 0 0 0 0 0 0 0 0 0 2 0 0 19 1 0 10 0 3 14 0 0 0 1 0 1 0 0 0 0 18 0 7 0 12 0
0 0 17 0 3 0 0 0 0 0 0 0 12 0 0 0 0 0 11 0 0 2 0 0 0 0 0 0 0 11 0 8 0 13 11 0 17 0 0 0 4 0 6 0 11 0 0 0 9 0
6 0 19 8 2 0 0 0 0 14 0 0 0 0 0 0 0 0 0 0 0 11 0 0 0 0 0 0 0 10 0 0 0 0 9 0 0 2 0 0 0 0 4 0 0 0 0 0 16 0
10 0 0 0 0 0 0 0 6 0 0 0 0 0 0 0 5 0 0 0 12 0 0 0 0 0 0 5 0 0 19 0 0 0 0 4 0 4 0 0 0 0 0 0 1 0 15 0 0 1
0 0 18 0 0 0 0 6 0 0 0 0 0 0 0 0 0 0 0 0 0 0 0 0 14 0 0 0 9 0 0 18 0 5 0 0 17 0 0 0 14 11 0 8 0 0 19 0 1 0
0 0 17 0 0 0 14 0 0 0 0 4 1 0 0 0 0 0 9 0 0 0 0 0 18 0 0 14 5 0 2 0 0 17 15 12 0 0 1 0 0 3 0 0 0 0 0 0 6 0
0 0 0 17 0 0 0 0 0 0 0 9 0 0 12 0 0 0 0 9 0 0 0 10 0 0 0 19 0 0 0 0 3 0 16 4 13 0 0 0 0 0 0 4 0 0 0 0 8 0
0 0 0 0 0 0 0 0 0 4 9 0 0 0 0 8 1 8 8 12 8 0 0 0 0 0 0 11 16 0 5 10 10 3 0 2 0 0 0 19 13 0 0 0 0 0 0 0 15 0
6 0 0 0 0 12 0 0 0 1 0 0 0 0 0 0 12 0 19 0 19 0 0 18 0 0 9 0 0 0 0 2 18 7 0 0 0 0 0 9 0 0 0 12 0 7 0 0 0 0
15 0 0 13 0 0 0 0 0 0 0 0 0 0 4 0 11 0 0 19 0 0 0 0 10 14 0 19 0 0 0 0 0 0 0 0 0 0 0 2 0 0 16 6 5 14 0 13 0 0
0 0 0 0 0 0 0 0 0 0 12 0 0 4 0 0 0 0 5 0 0 0 19 0 0 11 14 8 2 13 0 0 0 0 0 0 8 0 0 0 0 0 0 13 6 0 0 0 0 0
9 0 0 0 0 0 0 0 0 0 0 8 0 0 0 0 0 16 0 0 11 0 0 0 18 0 0 0 0 12 3 19 0 0 0 0 0 0 0 0 10 4 0 0 5 9 0 0 0 0
0 0 3 0 0 0 0 5 0 0 0 1 12 11 0 0 0 0 0 0 0 0 0 0 0 0 1 0 0 0 11 12 0 0 15 5 11 0 17 15 0 0 0 0 0 6 0 0 15 10
0 6 0 0 0 0 0 0 0 0 0 8 0 0 0 16 0 0 0 0 0 0 0 0 0 0 0 0 14 0 13 0 0 0 15 18 0 0 4 0 0 0 0 0 0 0 0 16 0 12
0 0 14 4 0 11 0 0 0 9 0 8 19 0 5 0 0 0 0 14 0 4 0 0 6 0 0 0 0 0 0 10 0 0 17 0 11 2 9 0 0 9 0 0 0 0 0 5 0 8
0 0 0 0 0 0 0 0 0 0 9 12 0 19 0 0 0 0 14 0 0 0 0 0 0 19 0 0 7 9 0 0 0 15 0 0 4 0 8 0 13 0 0 0 0 10 12 0 4 16
0 0 14 0 0 0 0 12 0 0 0 8 19 0 0 11 0 0 0 0 0 0 0 0 0 0 0 15 0 6 0 0 0 0 0 0 7 17 4 0 18 0 7 0 0 0 0 0 0 13
0 0 0 0 0 2 11 0 0 0 0 0 0 0 0 0 0 0 4 0 0 0 8 0 0 14 0 13 0 0 0 12 4 0 0 0 0 0 16 0 5 15 0 0 13 0 0 13 11 0
0 16 0 0 0 0 0 0 0 0 0 0 0 0 19 0 0 0 0 0 0 8 0 0 0 0 19 8 0 0 8 0 0 0 0 0 0 16 9 0 18 0 0 0 0 0 0 0 19 0
0 0 0 0 0 0 0 0 0 0 10 0 18 0 0 0 0 0 0 0 0 0 0 0 0 0 13 0 0 0 11 0 12 5 0 10 19 5 13 0 0 19 0 0 0 5 0 0 0 0
0 0 0 12 2 0 0 0 14 18 0 0 0 10 0 18 0 0 6 0 0 0 0 0 0 0 0 0 0 0 3 0 16 6 0 0 0 0 0 0 15 0 8 10 3 14 0 0 3 0
0 0 14 0 0 0 0 0 0 0 0 0 0 14 11 0 0 0 0 19 0 14 0 0 0 0 0 0 0 4 0 11 0 0 0 0 0 0 0 16 0 0 0 0 0 0 2 14 0 0
0 0 0 0 0 0 0 0 0 0 0 0 9 0 14 0 1 0 0 0 0 0 19 13 0 0 0 0 0 0 0 0 16 0 2 0 0 0 12 16 12 15 0 0 16 0 0 0 14 0
13 1 0 1 19 0 0 5 0 14 19 11 0 19 8 0 0 0 0 0 15 13 8 0 0 0 0 0 0 0 5 0 0 0 0 0 0 0 5 0 4 13 0 0 0 0 0 0 0 0
0 13 11 0 1 0 0 0 9 5 0 16 0 0 2 0 0 14 0 7 0 0 0 0 0 0 0 0 0 5 0 0 0 0 0 0 0 0 5 12 12 0 0 0 0 0 3 0 0 0
0 0 0 0 0 11 10 0 0 0 0 0 0 0 13 12 0 0 0 9 6 0 0 0 0 4 0 0 5 0 18 3 0 2 0 19 9 0 0 0 0 0 0 0 4 2 0 0 0 3
0 0 0 0 10 0 0 19 0 2 0 5 0 0 0 3 11 13 0 0 0 0 8 11 3 0 0 5 0 18 0 0 3 1 1 0 0 0 0 0 10 1 1 14 0 0 0 4 0 0
2 3 0 0 0 8 0 0 18 0 0 10 2 0 0 19 12 0 10 0 0 12 0 0 0 11 0 0 0 3 0 0 0 0 17 16 0 0 0 0 0 0 0 0 18 0 0 0 0 18
12 0 5 0 3 0 0 0 0 0 3 10 18 0 0 0 0 0 0 0 0 4 0 12 16 0 16 0 0 0 3 0 0 9 0 0 8 4 13 12 0 4 0 0 0 0 19 0 0 0
0 0 0 14 14 13 0 0 5 17 0 3 7 0 0 0 0 0 0 15 0 0 0 5 6 0 0 0 0 2 1 0 9 0 0 0 0 0 0 15 6 6 0 0 0 0 0 12 0 0
0 0 0 0 0 11 9 0 0 15 16 0 0 0 0 0 15 15 17 0 0 0 0 0 0 0 2 0 0 0 1 17 0 0 0 0 14 0 0 7 0 6 10 0 0 0 0 0 0 0
0 0 0 0 0 0 0 4 0 12 4 2 0 0 0 0 5 18 0 0 0 0 0 10 0 0 0 0 0 19 0 16 0 0 0 0 0 13 15 8 0 0 0 18 0 17 0 0 0 0
6 3 0 0 0 17 0 0 17 0 13 0 0 0 8 0 11 0 11 4 7 0 0 19 0 0 0 0 0 9 0 0 8 0 14 0 0 0 0 0 13 0 0 0 0 0 10 0 17 0
19 7 5 0 1 0 2 4 0 0 0 0 0 0 0 0 0 0 2 0 17 0 16 5 0 0 0 0 0 0 0 0 4 0 0 13 0 0 0 4 0 0 18 0 15 2 0 0 14 0
0 0 1 0 0 0 0 0 0 1 0 0 0 0 0 0 17 4 9 8 4 16 9 13 0 0 12 5 5 0 0 0 13 0 0 15 0 0 0 0 0 0 16 0 0 0 5 0 0 0
2 0 0 0 1 0 0 0 0 0 0 19 9 2 0 0 15 0 0 0 0 0 0 0 0 16 16 0 12 0 0 0 12 15 7 8 0 4 0 0 0 0 0 0 0 0 13 0 0 0
0 0 11 0 0 4 0 0 14 0 0 13 0 0 0 10 0 0 0 13 18 5 18 0 15 0 12 4 12 0 10 0 0 6 0 0 13 0 0 0 0 14 1 0 0 3 14 8 0 0
0 0 0 0 0 0 0 0 11 3 0 0 0 0 0 4 0 0 9 0 0 15 0 19 0 0 15 13 0 0 1 0 4 6 6 0 0 0 0 0 14 0 0 8 0 0 0 0 0 15
9 0 0 0 0 6 4 0 0 0 0 0 0 16 0 0 0 0 0 0 7 0 0 0 8 0 0 0 0 0 1 0 0 0 10 0 0 18 16 0 1 0 0 5 15 0 0 0 0 0
18 0 6 0 0 0 0 0 8 0 4 0 12 6 13 0 0 0 0 0 0 0 0 0 10 0 0 0 0 0 14 0 0 0 0 18 0 0 0 0 0 8 5 0 0 14 0 0 8 0
0 18 0 13 18 11 0 1 0 0 0 0 0 5 6 5 0 0 0 0 0 13 0 0 3 0 16 0 0 4 0 18 0 0 0 0 0 15 0 0 0 0 15 0 0 0 0 0 0 16
0 0 0 0 0 0 0 0 0 0 0 0 7 14 0 9 6 0 0 10 0 0 0 5 14 0 0 0 0 2 0 0 0 0 0 17 0 2 0 0 3 0 0 14 0 0 0 0 0 0
0 6 15 0 7 0 0 15 19 0 0 0 0 0 0 0 0 0 0 12 0 0 0 0 0 2 0 0 3 0 0 0 19 0 0 0 10 0 5 13 14 0 0 0 0 0 0 0 0 0
0 19 0 14 0 0 0 0 0 0 0 0 0 13 0 0 0 16 5 0 0 13 0 0 0 14 0 0 0 0 4 0 0 12 0 0 0 0 0 0 8 0 0 0 0 0 0 0 0 0
0 0 0 0 12 9 16 0 1 6 8 15 0 0 0 0 15 0 0 4 0 11 19 0 3 0 14 0 0 0 0 0 0 0 0 0 17 14 0 0 0 0 0 8 0 0 0 0 0 0
0 0 0 0 0 0 0 1 0 0 0 0 0 0 0 0 10 12 8 16 13 0 0 0 0 0 0 0 0 3 0 18 0 0 0 0 0 0 0 0 0 15 0 0 16 0 0 0 0 0
