50
50
0 2 5 17 1 11 18 7 12 13 15 0 3 18 16 2 9 18 0 11 16 17 7 3 8 7 3 15 18 4 18 9 5 2 6 1 18 6 17 0 17 7 4 6 16 17 2 1 16 6
2 0 10 0 12 17 12 12 14 8 13 18 11 6 11 10 6 13 1 7 8 15 13 9 14 2 18 4 19 9 16 10 3 2 6 15 2 15 14 13 11 19 10 5 1 7 11 2 15 8
5 10 0 16 14 9 12 3 19 18 5 4 7 11 10 1 11 3 6 18 19 2 9 2 3 12 17 18 2 8 13 7 18 14 7 4 3 15 9 6 2 2 13 15 11 18 16 8 19 6
17 0 16 0 14 0 8 19 2 15 12 17 8 7 5 4 5 6 16 1 10 2 18 6 11 8 15 8 13 19 7 1 17 0 12 16 5 6 19 14 12 5 13 9 12 0 17 10 9 10
1 12 14 14 0 14 16 15 19 2 9 8 16 15 4 19 17 13 16 6 15 2 2 12 11 4 18 5 13 10 12 15 8 10 12 6 17 19 6 12 5 2 5 6 16 11 4 17 11 0
11 17 9 0 14 0 4 9 6 4 14 14 6 5 9 16 13 7 0 13 3 12 16 10 2 4 12 3 5 0 12 2 2 16 10 6 7 9 2 1 3 5 11 8 5 1 12 0 13 13
18 12 12 8 16 4 0 18 11 6 14 1 5 11 19 11 6 15 13 15 10 15 2 14 5 19 10 0 10 0 12 18 11 6 8 3 4 0 11 1 4 10 18 2 19 0 7 11 19 9
7 12 3 19 15 9 18 0 0 7 17 5 12 12 4 14 13 17 0 12 19 16 8 18 2 14 9 6 8 16 10 6 18 10 14 17 10 1 7 14 17 5 13 18 11 3 3 17 7 11
12 14 19 2 19 6 11 0 0 8 4 6 6 0 0 12 7 15 0 19 6 16 6 12 14 7 9 2 15 0 3 7 3 17 3 1 4 7 17 14 6 3 17 16 14 0 19 7 7 9
13 8 18 15 2 4 6 7 8 0 8 7 3 2 19 5 0 18 19 0 6 11 0 12 12 5 4 16 2 18 8 6 16 4 17 2 10 6 6 13 19 9 3 8 0 10 8 6 1 12
15 13 5 12 9 14 14 17 4 8 0 9 7 12 18 7 12 10 1 16 10 12 15 2 1 15 0 10 3 14 5 0 2 17 12 15 12 13 10 19 3 7 17 14 14 7 6 16 5 0
0 18 4 17 8 14 1 5 6 7 9 0 16 8 5 17 10 13 2 14 2 4 2 3 15 18 11 17 16 1 14 16 2 3 10 10 7 8 8 7 8 7 6 19 3 17 2 1 18 16
3 11 7 8 16 6 5 12 6 3 7 16 0 15 2 16 9 13 12 15 17 13 12 0 9 3 1 7 4 0 1 15 5 7 13 9 8 10 13 14 10 1 18 18 15 1 0 9 10 17
18 6 11 7 15 5 11 12 0 2 12 8 15 0 9 2 6 15 3 4 7 4 13 11 0 19 3 2 17 19 9 5 4 14 13 14 14 9 8 19 0 15 19 15 11 8 19 1 2 17
16 11 10 5 4 9 19 4 0 19 18 5 2 9 0 17 16 18 6 7 17 18 9 1 8 14 3 3 16 11 13 19 17 18 12 18 9 3 14 6 12 19 12 14 13 6 19 17 15 19
2 10 1 4 19 16 11 14 12 5 7 17 16 2 17 0 19 5 10 10 3 13 13 8 11 12 4 7 12 7 3 9 5 19 17 9 9 12 7 0 5 2 0 7 15 12 5 16 11 8
9 6 11 5 17 13 6 13 7 0 12 10 9 6 16 19 0 8 4 10 11 10 6 16 19 16 11 9 3 12 4 8 17 13 10 19 8 16 0 19 16 4 4 18 4 19 16 15 15 17
18 13 3 6 13 7 15 17 15 18 10 13 13 15 18 5 8 0 10 15 3 17 6 2 18 4 2 5 7 10 6 8 15 4 3 4 13 7 17 1 15 19 0 1 18 9 17 7 15 12
0 1 6 16 16 0 13 0 0 19 1 2 12 3 6 10 4 10 0 16 18 6 8 3 11 6 18 19 14 1 1 10 11 15 11 3 1 14 3 5 7 17 15 2 16 18 17 7 7 13
11 7 18 1 6 13 15 12 19 0 16 14 15 4 7 10 10 15 16 0 6 1 3 11 10 0 7 13 18 1 4 4 18 15 7 10 7 4 2 6 2 9 5 6 13 13 10 13 0 7
16 8 19 10 15 3 10 19 6 6 10 2 17 7 17 3 11 3 18 6 0 11 3 10 19 2 19 12 13 4 4 19 3 18 4 18 19 13 7 16 3 12 17 18 17 10 1 9 7 2
17 15 2 2 2 12 15 16 16 11 12 4 13 4 18 13 10 17 6 1 11 0 6 15 15 1 5 4 6 19 7 10 0 5 10 1 8 10 18 13 4 13 8 1 18 10 17 4 16 13
7 13 9 18 2 16 2 8 6 0 15 2 12 13 9 13 6 6 8 3 3 6 0 8 15 17 7 17 8 3 15 0 1 10 13 16 5 0 12 14 3 14 11 14 17 17 3 3 14 8
3 9 2 6 12 10 14 18 12 12 2 3 0 11 1 8 16 2 3 11 10 15 8 0 2 14 1 3 5 1 13 14 8 5 15 13 12 14 1 12 10 7 16 17 0 12 1 7 14 12
8 14 3 11 11 2 5 2 14 12 1 15 9 0 8 11 19 18 11 10 19 15 15 2 0 14 16 3 16 0 6 8 16 5 17 3 9 19 18 5 10 7 12 6 13 4 9 17 7 15
7 2 12 8 4 4 19 14 7 5 15 18 3 19 14 12 16 4 6 0 2 1 17 14 14 0 13 19 2 8 12 10 13 14 18 8 4 3 18 10 18 7 15 19 9 16 2 3 15 15
3 18 17 15 18 12 10 9 9 4 0 11 1 3 3 4 11 2 18 7 19 5 7 1 16 13 0 4 9 2 8 14 2 18 10 17 9 1 6 1 13 15 19 9 11 7 1 3 12 16
15 4 18 8 5 3 0 6 2 16 10 17 7 2 3 7 9 5 19 13 12 4 17 3 3 19 4 0 16 19 9 9 11 17 7 19 3 14 10 12 0 1 12 11 5 12 2 6 17 14
18 19 2 13 13 5 10 8 15 2 3 16 4 17 16 12 3 7 14 18 13 6 8 5 16 2 9 16 0 3 2 4 18 19 4 0 5 12 13 7 16 10 5 3 9 13 7 0 7 16
4 9 8 19 10 0 0 16 0 18 14 1 0 19 11 7 12 10 1 1 4 19 3 1 0 8 2 19 3 0 15 0 10 13 8 2 18 2 19 17 15 8 11 17 9 4 9 19 0 3
18 16 13 7 12 12 12 10 3 8 5 14 1 9 13 3 4 6 1 4 4 7 15 13 6 12 8 9 2 15 0 2 13 7 17 3 18 8 14 1 11 19 19 7 9 14 18 18 12 17
9 10 7 1 15 2 18 6 7 6 0 16 15 5 19 9 8 8 10 4 19 10 0 14 8 10 14 9 4 0 2 0 15 14 8 11 4 16 16 10 1 12 5 8 3 9 16 15 6 13
5 3 18 17 8 2 11 18 3 16 2 2 5 4 17 5 17 15 11 18 3 0 1 8 16 13 2 11 18 10 13 15 0 14 8 16 2 10 0 12 16 8 14 19 0 8 9 2 12 13
2 2 14 0 10 16 6 10 17 4 17 3 7 14 18 19 13 4 15 15 18 5 10 5 5 14 18 17 19 13 7 14 14 0 14 16 3 12 13 12 11 10 15 17 18 8 1 0 12 12
6 6 7 12 12 10 8 14 3 17 12 10 13 13 12 17 10 3 11 7 4 10 13 15 17 18 10 7 4 8 17 8 8 14 0 17 3 4 0 17 17 0 13 3 4 12 1 2 8 19
1 15 4 16 6 6 3 17 1 2 15 10 9 14 18 9 19 4 3 10 18 1 16 13 3 8 17 19 0 2 3 11 16 16 17 0 0 8 12 13 4 2 13 15 11 18 1 9 17 12
18 2 3 5 17 7 4 10 4 10 12 7 8 14 9 9 8 13 1 7 19 8 5 12 9 4 9 3 5 18 18 4 2 3 3 0 0 0 15 11 16 14 12 9 6 19 18 3 9 0
6 15 15 6 19 9 0 1 7 6 13 8 10 9 3 12 16 7 14 4 13 10 0 14 19 3 1 14 12 2 8 16 10 12 4 8 0 0 12 17 17 10 3 4 4 4 1 11 13 0
17 14 9 19 6 2 11 7 17 6 10 8 13 8 14 7 0 17 3 2 7 18 12 1 18 18 6 10 13 19 14 16 0 13 0 12 15 12 0 10 2 17 0 3 13 9 6 5 6 5
0 13 6 14 12 1 1 14 14 13 19 7 14 19 6 0 19 1 5 6 16 13 14 12 5 10 1 12 7 17 1 10 12 12 17 13 11 17 10 0 5 11 0 8 18 7 18 8 2 9
17 11 2 12 5 3 4 17 6 19 3 8 10 0 12 5 16 15 7 2 3 4 3 10 10 18 13 0 16 15 11 1 16 11 17 4 16 17 2 5 0 17 12 6 10 4 9 9 14 13
7 19 2 5 2 5 10 5 3 9 7 7 1 15 19 2 4 19 17 9 12 13 14 7 7 7 15 1 10 8 19 12 8 10 0 2 14 10 17 11 17 0 1 12 11 3 11 16 8 7
4 10 13 13 5 11 18 13 17 3 17 6 18 19 12 0 4 0 15 5 17 8 11 16 12 15 19 12 5 11 19 5 14 15 13 13 12 3 0 0 12 1 0 0 3 1 3 2 16 2
6 5 15 9 6 8 2 18 16 8 14 19 18 15 14 7 18 1 2 6 18 1 14 17 6 19 9 11 3 17 7 8 19 17 3 15 9 4 3 8 6 12 0 0 15 7 5 13 2 15
16 1 11 12 16 5 19 11 14 0 14 3 15 11 13 15 4 18 16 13 17 18 17 0 13 9 11 5 9 9 9 3 0 18 4 11 6 4 13 18 10 11 3 15 0 17 2 17 11 7
17 7 18 0 11 1 0 3 0 10 7 17 1 8 6 12 19 9 18 13 10 10 17 12 4 16 7 12 13 4 14 9 8 8 12 18 19 4 9 7 4 3 1 7 17 0 8 6 6 2
2 11 16 17 4 12 7 3 19 8 6 2 0 19 19 5 16 17 17 10 1 17 3 1 9 2 1 2 7 9 18 16 9 1 1 1 18 1 6 18 9 11 3 5 2 8 0 0 4 0
1 2 8 10 17 0 11 17 7 6 16 1 9 1 17 16 15 7 7 13 9 4 3 7 17 3 3 6 0 19 18 15 2 0 2 9 3 11 5 8 9 16 2 13 17 6 0 0 17 3
16 15 19 9 11 13 19 7 7 1 5 18 10 2 15 11 15 15 7 0 7 16 14 14 7 15 12 17 7 0 12 6 12 12 8 17 9 13 6 2 14 8 16 2 11 6 4 17 0 13
6 8 6 10 0 13 9 11 9 12 0 16 17 17 19 8 17 12 13 7 2 13 8 12 15 15 16 14 16 3 17 13 13 12 19 12 0 0 5 9 13 7 2 15 7 2 0 3 13 0
