50
50
0 18 15 19 4 13 19 13 1 15 8 3 5 17 14 18 18 7 4 3 9 2 4 12 2 16 12 18 15 5 6 15 9 14 2 14 11 13 8 13 3 13 7 5 17 8 9 11 18 7
18 0 1 19 19 19 1 7 9 10 3 1 4 17 5 6 11 3 15 15 14 8 15 6 6 10 16 5 1 9 3 10 13 19 10 19 9 11 4 14 7 15 1 10 18 8 11 9 4 11
15 1 0 19 9 1 2 0 9 5 11 0 15 15 5 4 17 6 7 3 19 0 3 18 17 12 3 19 7 15 2 6 17 8 18 2 12 0 6 11 12 9 14 19 7 9 8 10 10 7
19 19 19 0 19 5 16 1 19 16 8 17 13 15 1 15 6 17 6 6 15 19 5 2 6 14 11 3 2 9 9 7 3 15 0 10 1 14 19 17 15 7 6 16 5 2 15 7 6 5
4 19 9 19 0 12 9 1 4 7 2 12 7 5 9 2 2 18 18 8 2 10 12 4 4 9 17 17 14 19 17 14 15 17 10 4 11 1 12 13 5 1 15 10 3 5 5 10 3 18
13 19 1 5 12 0 10 18 0 15 11 19 5 13 1 2 15 19 10 10 3 1 8 19 11 1 9 8 19 11 17 16 12 8 10 18 10 13 4 19 11 7 8 7 19 8 2 4 5 10
19 1 2 16 9 10 0 15 18 6 0 17 16 0 17 5 10 14 13 15 12 19 2 17 0 15 11 13 15 2 13 13 13 6 15 13 13 5 13 3 19 10 19 3 14 16 5 17 19 12
13 7 0 1 1 18 15 0 16 3 10 3 14 13 12 5 4 19 15 6 17 12 17 15 9 9 13 15 12 4 4 0 7 6 0 12 4 10 19 8 14 17 8 15 3 16 3 11 13 12
1 9 9 19 4 0 18 16 0 14 7 8 1 1 17 16 3 7 12 15 15 8 3 9 6 4 0 17 6 2 16 11 6 8 0 8 2 19 13 17 18 0 8 11 4 11 18 3 11 11
15 10 5 16 7 15 6 3 14 0 4 10 13 4 7 19 11 1 17 4 5 2 12 0 19 12 5 3 4 15 3 10 10 0 7 1 10 3 12 19 19 8 17 4 13 9 5 0 9 13
8 3 11 8 2 11 0 10 7 4 0 19 5 4 12 19 18 6 12 11 2 4 3 7 17 1 17 1 19 19 7 5 17 19 0 7 11 10 15 5 13 19 19 1 3 10 9 4 9 19
3 1 0 17 12 19 17 3 8 10 19 0 12 9 17 19 12 13 11 10 2 8 3 16 7 17 7 19 11 6 11 9 10 17 6 9 8 3 15 4 0 9 17 4 0 18 10 12 14 9
5 4 15 13 7 5 16 14 1 13 5 12 0 1 17 0 19 7 11 2 18 3 8 12 1 7 14 9 18 12 10 4 4 11 17 16 15 10 3 11 17 7 10 13 3 12 2 12 7 0
17 17 15 15 5 13 0 13 1 4 4 9 1 0 19 14 6 7 5 5 17 18 16 13 19 14 5 14 4 3 15 10 19 19 5 1 15 16 15 17 11 13 17 13 7 19 6 3 19 3
14 5 5 1 9 1 17 12 17 7 12 17 17 19 0 2 16 6 19 19 4 10 10 12 0 11 19 15 5 4 14 11 7 2 10 12 5 3 2 12 0 14 0 2 1 17 6 17 19 1
18 6 4 15 2 2 5 5 16 19 19 19 0 14 2 0 19 1 19 14 15 11 9 18 10 0 18 19 8 12 5 10 5 15 12 9 7 2 10 6 14 8 12 2 1 14 6 13 13 10
18 11 17 6 2 15 10 4 3 11 18 12 19 6 16 19 0 9 11 10 11 3 13 18 7 10 13 5 0 8 10 3 0 12 8 14 0 0 12 10 18 3 1 18 4 18 17 3 18 6
7 3 6 17 18 19 14 19 7 1 6 13 7 7 6 1 9 0 18 18 14 13 16 17 13 9 0 16 13 10 17 16 14 18 15 4 18 5 13 19 1 7 12 12 0 13 3 13 13 7
4 15 7 6 18 10 13 15 12 17 12 11 11 5 19 19 11 18 0 11 16 8 8 14 6 6 0 15 19 14 18 2 18 2 11 13 2 18 17 16 15 12 0 19 1 2 16 2 16 9
3 15 3 6 8 10 15 6 15 4 11 10 2 5 19 14 10 18 11 0 1 14 19 5 6 19 2 6 7 16 12 10 15 18 15 18 16 18 13 2 3 9 7 15 10 6 9 6 4 6
9 14 19 15 2 3 12 17 15 5 2 2 18 17 4 15 11 14 16 1 0 17 15 13 2 1 2 18 16 7 13 7 19 5 1 0 9 9 2 12 5 19 16 8 11 16 1 16 17 14
2 8 0 19 10 1 19 12 8 2 4 8 3 18 10 11 3 13 8 14 17 0 1 8 3 7 14 16 12 12 17 15 18 7 19 12 11 16 15 19 13 13 6 13 16 7 11 12 7 19
4 15 3 5 12 8 2 17 3 12 3 3 8 16 10 9 13 16 8 19 15 1 0 17 17 11 0 3 19 8 14 16 5 14 8 14 3 14 14 2 19 14 14 3 18 7 10 19 15 11
12 6 18 2 4 19 17 15 9 0 7 16 12 13 12 18 18 17 14 5 13 8 17 0 14 9 18 16 15 3 19 2 14 12 15 6 10 8 1 17 13 14 11 7 4 12 8 16 6 9
2 6 17 6 4 11 0 9 6 19 17 7 1 19 0 10 7 13 6 6 2 3 17 14 0 2 1 12 6 17 6 4 18 14 3 14 2 5 12 17 2 16 15 3 10 9 18 7 14 2
16 10 12 14 9 1 15 9 4 12 1 17 7 14 11 0 10 9 6 19 1 7 11 9 2 0 10 13 1 5 19 15 13 11 18 0 5 14 4 3 19 0 15 19 16 16 0 1 1 17
12 16 3 11 17 9 11 13 0 5 17 7 14 5 19 18 13 0 0 2 2 14 0 18 1 10 0 8 6 10 13 16 15 12 5 2 11 12 8 7 19 10 11 17 2 6 12 18 4 15
18 5 19 3 17 8 13 15 17 3 1 19 9 14 15 19 5 16 15 6 18 16 3 16 12 13 8 0 15 0 17 19 0 6 1 4 13 4 2 18 5 12 9 13 0 13 12 15 15 2
15 1 7 2 14 19 15 12 6 4 19 11 18 4 5 8 0 13 19 7 16 12 19 15 6 1 6 15 0 13 19 12 15 17 15 17 18 2 5 6 17 9 0 5 7 6 2 19 1 19
5 9 15 9 19 11 2 4 2 15 19 6 12 3 4 12 8 10 14 16 7 12 8 3 17 5 10 0 13 0 7 2 3 17 10 15 2 0 14 5 3 5 12 14 19 18 13 10 10 10
6 3 2 9 17 17 13 4 16 3 7 11 10 15 14 5 10 17 18 12 13 17 14 19 6 19 13 17 19 7 0 19 1 4 10 6 5 4 8 15 11 15 19 12 7 16 0 10 17 9
15 10 6 7 14 16 13 0 11 10 5 9 4 10 11 10 3 16 2 10 7 15 16 2 4 15 16 19 12 2 19 0 4 8 4 0 18 7 13 7 4 16 19 1 14 14 15 0 1 16
9 13 17 3 15 12 13 7 6 10 17 10 4 19 7 5 0 14 18 15 19 18 5 14 18 13 15 0 15 3 1 4 0 4 8 10 14 4 19 0 5 14 9 13 6 16 14 6 4 6
14 19 8 15 17 8 6 6 8 0 19 17 11 19 2 15 12 18 2 18 5 7 14 12 14 11 12 6 17 17 4 8 4 0 1 11 15 5 14 10 16 19 16 17 11 5 0 9 14 6
2 10 18 0 10 10 15 0 0 7 0 6 17 5 10 12 8 15 11 15 1 19 8 15 3 18 5 1 15 10 10 4 8 1 0 0 3 8 10 19 2 11 19 12 7 16 0 11 1 0
14 19 2 10 4 18 13 12 8 1 7 9 16 1 12 9 14 4 13 18 0 12 14 6 14 0 2 4 17 15 6 0 10 11 0 0 12 12 16 15 17 4 10 1 11 11 17 11 12 8
11 9 12 1 11 10 13 4 2 10 11 8 15 15 5 7 0 18 2 16 9 11 3 10 2 5 11 13 18 2 5 18 14 15 3 12 0 9 1 13 14 12 15 5 6 11 16 7 12 2
13 11 0 14 1 13 5 10 19 3 10 3 10 16 3 2 0 5 18 18 9 16 14 8 5 14 12 4 2 0 4 7 4 5 8 12 9 0 4 4 3 15 11 9 12 17 15 1 9 15
8 4 6 19 12 4 13 19 13 12 15 15 3 15 2 10 12 13 17 13 2 15 14 1 12 4 8 2 5 14 8 13 19 14 10 16 1 4 0 12 17 7 11 6 14 11 0 8 3 16
13 14 11 17 13 19 3 8 17 19 5 4 11 17 12 6 10 19 16 2 12 19 2 17 17 3 7 18 6 5 15 7 0 10 19 15 13 4 12 0 18 18 18 11 15 0 10 6 10 12
3 7 12 15 5 11 19 14 18 19 13 0 17 11 0 14 18 1 15 3 5 13 19 13 2 19 19 5 17 3 11 4 5 16 2 17 14 3 17 18 0 14 18 16 18 16 1 18 15 17
13 15 9 7 1 7 10 17 0 8 19 9 7 13 14 8 3 7 12 9 19 13 14 14 16 0 10 12 9 5 15 16 14 19 11 4 12 15 7 18 14 0 17 10 11 4 11 7 19 0
7 1 14 6 15 8 19 8 8 17 19 17 10 17 0 12 1 12 0 7 16 6 14 11 15 15 11 9 0 12 19 19 9 16 19 10 15 11 11 18 18 17 0 0 19 13 18 19 19 8
5 10 19 16 10 7 3 15 11 4 1 4 13 13 2 2 18 12 19 15 8 13 3 7 3 19 17 13 5 14 12 1 13 17 12 1 5 9 6 11 16 10 0 0 15 11 10 16 1 11
17 18 7 5 3 19 14 3 4 13 3 0 3 7 1 1 4 0 1 10 11 16 18 4 10 16 2 0 7 19 7 14 6 11 7 11 6 12 14 15 18 11 19 15 0 5 18 8 3 10
8 8 9 2 5 8 16 16 11 9 10 18 12 19 17 14 18 13 2 6 16 7 7 12 9 16 6 13 6 18 16 14 16 5 16 11 11 17 11 0 16 4 13 11 5 0 18 5 17 19
9 11 8 15 5 2 5 3 18 5 9 10 2 6 6 6 17 3 16 9 1 11 10 8 18 0 12 12 2 13 0 15 14 0 0 17 16 15 0 10 1 11 18 10 18 18 0 16 9 12
11 9 10 7 10 4 17 11 3 0 4 12 12 3 17 13 3 13 2 6 16 12 19 16 7 1 18 15 19 10 10 0 6 9 11 11 7 1 8 6 18 7 19 16 8 5 16 0 7 9
18 4 10 6 3 5 19 13 11 9 9 14 7 19 19 13 18 13 16 4 17 7 15 6 14 1 4 15 1 10 17 1 4 14 1 12 12 9 3 10 15 19 19 1 3 17 9 7 0 4
7 11 7 5 18 10 12 12 11 13 19 9 0 3 1 10 6 7 9 6 14 19 11 9 2 17 15 2 19 10 9 16 6 6 0 8 2 15 16 12 17 0 8 11 10 19 12 9 4 0
