100
50
0 4 10 18 17 12 3 4 13 9 16 3 16 14 6 2 13 0 10 14 1 10 16 8 4 6 16 0 14 5 12 0 14 5 7 5 16 10 7 8 4 3 17 12 1 8 16 1 0 5
4 0 9 17 6 16 2 5 18 12 5 0 10 16 11 5 15 16 18 16 11 7 6 12 4 18 10 3 9 10 18 12 6 3 14 19 14 9 11 16 10 17 2 17 0 17 4 5 5 17
10 9 0 1 7 19 1 17 5 0 17 2 2 16 17 10 3 0 5 19 17 14 9 4 16 18 7 10 6 4 13 19 16 13 5 2 10 18 11 6 5 12 7 9 19 5 10 11 1 4
18 17 1 0 10 6 13 4 13 13 19 3 13 18 19 2 0 4 11 19 6 3 12 17 7 11 3 3 7 4 0 13 14 13 9 1 16 1 16 7 3 12 16 6 0 4 5 0 9 9
17 6 7 10 0 2 17 15 15 14 15 14 9 18 11 0 18 12 0 18 15 13 0 18 17 10 10 10 12 15 18 0 1 16 4 4 13 12 17 1 17 18 5 13 10 17 19 15 17 15
12 16 19 6 2 0 3 10 2 15 1 7 15 15 8 19 12 14 18 5 18 14 8 16 11 15 7 13 6 18 11 8 13 0 14 1 6 6 16 16 15 1 19 13 16 11 8 14 7 7
3 2 1 13 17 3 0 15 14 11 15 9 8 7 14 1 3 1 11 7 16 13 6 15 10 3 17 9 16 0 10 1 8 2 9 4 5 6 16 15 6 16 8 8 17 15 0 16 12 0
4 5 17 4 15 10 15 0 2 3 0 13 16 0 0 10 2 10 16 11 0 15 14 15 16 14 18 19 15 16 4 8 3 9 16 10 10 9 8 0 9 14 17 6 19 4 7 17 0 15
13 18 5 13 15 2 14 2 0 3 16 0 3 14 9 0 6 3 17 14 9 5 11 10 1 10 0 16 2 12 16 12 6 12 9 13 10 16 2 6 17 18 0 11 14 6 17 16 8 10
9 12 0 13 14 15 11 3 3 0 4 18 17 11 3 14 8 19 12 6 2 15 18 13 1 4 11 15 14 17 0 10 6 4 3 12 15 4 17 3 10 18 1 3 5 10 18 5 0 4
16 5 17 19 15 1 15 0 16 4 0 17 17 11 0 13 12 15 17 9 12 7 5 10 1 6 3 17 16 7 17 8 16 6 7 17 14 18 12 14 8 19 18 7 2 0 19 17 0 9
3 0 2 3 14 7 9 13 0 18 17 0 9 4 0 6 19 3 0 15 16 4 13 1 3 14 2 13 7 0 12 7 3 5 10 16 17 5 18 15 0 3 2 6 9 13 17 12 8 0
16 10 2 13 9 15 8 16 3 17 17 9 0 1 19 0 15 10 16 5 7 11 8 16 2 16 11 12 1 3 7 4 15 9 16 1 8 18 15 16 4 10 14 19 13 5 13 4 1 9
14 16 16 18 18 15 7 0 14 11 11 4 1 0 6 3 19 6 0 6 4 10 2 2 7 5 0 17 9 7 18 12 12 8 0 19 5 16 14 6 4 2 7 2 11 19 3 0 7 16
6 11 17 19 11 8 14 0 9 3 0 0 19 6 0 3 9 5 5 13 5 1 15 9 17 17 6 12 3 6 11 5 14 16 12 12 18 9 12 0 1 11 14 16 7 18 10 5 12 9
2 5 10 2 0 19 1 10 0 14 13 6 0 3 3 0 15 3 13 18 18 2 17 13 8 12 13 18 8 9 16 4 3 17 17 10 14 2 7 7 14 15 8 10 12 17 5 4 4 11
13 15 3 0 18 12 3 2 6 8 12 19 15 19 9 15 0 2 19 13 13 15 0 5 1 13 4 4 18 0 11 16 10 8 5 16 4 16 18 0 5 13 10 18 0 13 8 12 19 5
0 16 0 4 12 14 1 10 3 19 15 3 10 6 5 3 2 0 18 3 9 16 14 17 3 10 1 7 5 4 9 9 7 2 2 6 7 2 14 6 2 2 18 12 6 1 11 7 5 5
10 18 5 11 0 18 11 16 17 12 17 0 16 0 5 13 19 18 0 1 4 13 6 12 3 11 5 16 18 9 19 19 8 3 7 13 0 5 8 19 14 19 9 4 18 16 8 17 7 16
14 16 19 19 18 5 7 11 14 6 9 15 5 6 13 18 13 3 1 0 15 5 7 5 16 13 7 10 2 16 7 15 11 11 12 14 2 12 0 10 15 18 7 11 13 15 15 15 18 16
1 11 17 6 15 18 16 0 9 2 12 16 7 4 5 18 13 9 4 15 0 10 14 4 0 7 0 13 12 3 12 5 6 19 4 11 19 5 13 6 7 16 8 7 6 17 18 16 6 2
10 7 14 3 13 14 13 15 5 15 7 4 11 10 1 2 15 16 13 5 10 0 11 19 11 18 5 3 19 9 9 1 1 8 8 14 15 16 7 16 4 11 13 15 0 2 17 1 4 2
16 6 9 12 0 8 6 14 11 18 5 13 8 2 15 17 0 14 6 7 14 11 0 5 13 3 10 18 0 2 4 3 13 7 6 11 4 18 13 15 19 2 3 13 12 16 7 9 7 9
8 12 4 17 18 16 15 15 10 13 10 1 16 2 9 13 5 17 12 5 4 19 5 0 0 13 8 16 0 16 19 10 7 1 10 9 9 13 4 3 8 13 2 10 12 5 17 9 3 2
4 4 16 7 17 11 10 16 1 1 1 3 2 7 17 8 1 3 3 16 0 11 13 0 0 1 7 0 7 18 16 8 5 7 14 11 14 13 1 11 3 3 13 4 4 13 13 16 2 9
6 18 18 11 10 15 3 14 10 4 6 14 16 5 17 12 13 10 11 13 7 18 3 13 1 0 19 4 2 1 8 15 16 17 15 1 4 2 11 19 13 4 16 12 19 18 14 18 11 13
16 10 7 3 10 7 17 18 0 11 3 2 11 0 6 13 4 1 5 7 0 5 10 8 7 19 0 0 12 16 16 9 10 19 2 7 6 0 9 3 0 9 6 11 18 0 8 1 18 7
0 3 10 3 10 13 9 19 16 15 17 13 12 17 12 18 4 7 16 10 13 3 18 16 0 4 0 0 15 5 15 1 12 18 13 5 7 10 4 19 9 1 6 2 16 3 7 6 6 8
14 9 6 7 12 6 16 15 2 14 16 7 1 9 3 8 18 5 18 2 12 19 0 0 7 2 12 15 0 2 1 16 7 7 10 19 6 16 2 14 17 5 5 7 19 12 7 13 6 7
5 10 4 4 15 18 0 16 12 17 7 0 3 7 6 9 0 4 9 16 3 9 2 16 18 1 16 5 2 0 6 8 13 11 17 16 16 13 10 18 11 3 9 16 0 10 17 3 5 4
12 18 13 0 18 11 10 4 16 0 17 12 7 18 11 16 11 9 19 7 12 9 4 19 16 8 16 15 1 6 0 11 8 14 17 0 5 16 2 13 8 1 3 17 6 12 16 7 15 6
0 12 19 13 0 8 1 8 12 10 8 7 4 12 5 4 16 9 19 15 5 1 3 10 8 15 9 1 16 8 11 0 2 17 12 2 7 17 10 9 6 0 18 6 3 1 4 15 19 5
14 6 16 14 1 13 8 3 6 6 16 3 15 12 14 3 10 7 8 11 6 1 13 7 5 16 10 12 7 13 8 2 0 15 19 15 0 11 17 18 7 9 6 5 12 6 1 8 5 6
5 3 13 13 16 0 2 9 12 4 6 5 9 8 16 17 8 2 3 11 19 8 7 1 7 17 19 18 7 11 14 17 15 0 4 5 8 11 9 13 5 12 17 19 13 18 7 14 18 8
7 14 5 9 4 14 9 16 9 3 7 10 16 0 12 17 5 2 7 12 4 8 6 10 14 15 2 13 10 17 17 12 19 4 0 13 11 8 14 8 12 14 1 18 2 5 18 19 14 1
5 19 2 1 4 1 4 10 13 12 17 16 1 19 12 10 16 6 13 14 11 14 11 9 11 1 7 5 19 16 0 2 15 5 13 0 6 5 6 16 15 2 9 16 19 7 0 7 10 18
16 14 10 16 13 6 5 10 10 15 14 17 8 5 18 14 4 7 0 2 19 15 4 9 14 4 6 7 6 16 5 7 0 8 11 6 0 4 11 4 3 2 7 12 5 16 0 6 12 9
10 9 18 1 12 6 6 9 16 4 18 5 18 16 9 2 16 2 5 12 5 16 18 13 13 2 0 10 16 13 16 17 11 11 8 5 4 0 4 2 9 7 9 5 16 16 10 16 13 5
7 11 11 16 17 16 16 8 2 17 12 18 15 14 12 7 18 14 8 0 13 7 13 4 1 11 9 4 2 10 2 10 17 9 14 6 11 4 0 19 12 13 7 0 3 2 5 3 9 14
8 16 6 7 1 16 15 0 6 3 14 15 16 6 0 7 0 6 19 10 6 16 15 3 11 19 3 19 14 18 13 9 18 13 8 16 4 2 19 0 15 4 12 11 15 12 9 9 8 10
4 10 5 3 17 15 6 9 17 10 8 0 4 4 1 14 5 2 14 15 7 4 19 8 3 13 0 9 17 11 8 6 7 5 12 15 3 9 12 15 0 7 7 16 14 10 1 5 11 4
3 17 12 12 18 1 16 14 18 18 19 3 10 2 11 15 13 2 19 18 16 11 2 13 3 4 9 1 5 3 1 0 9 12 14 2 2 7 13 4 7 0 10 4 10 4 0 13 14 15
17 2 7 16 5 19 8 17 0 1 18 2 14 7 14 8 10 18 9 7 8 13 3 2 13 16 6 6 5 9 3 18 6 17 1 9 7 9 7 12 7 10 0 7 1 18 13 17 6 1
12 17 9 6 13 13 8 6 11 3 7 6 19 2 16 10 18 12 4 11 7 15 13 10 4 12 11 2 7 16 17 6 5 19 18 16 12 5 0 11 16 4 7 0 3 9 7 18 0 18
1 0 19 0 10 16 17 19 14 5 2 9 13 11 7 12 0 6 18 13 6 0 12 12 4 19 18 16 19 0 6 3 12 13 2 19 5 16 3 15 14 10 1 3 0 9 12 6 10 16
8 17 5 4 17 11 15 4 6 10 0 13 5 19 18 17 13 1 16 15 17 2 16 5 13 18 0 3 12 10 12 1 6 18 5 7 16 16 2 12 10 4 18 9 9 0 4 7 17 18
16 4 10 5 19 8 0 7 17 18 19 17 13 3 10 5 8 11 8 15 18 17 7 17 13 14 8 7 7 17 16 4 1 7 18 0 0 10 5 9 1 0 13 7 12 4 0 13 12 17
1 5 11 0 15 14 16 17 16 5 17 12 4 0 5 4 12 7 17 15 16 1 9 9 16 18 1 6 13 3 7 15 8 14 19 7 6 16 3 9 5 13 17 18 6 7 13 0 16 4
0 5 1 9 17 7 12 0 8 0 0 8 1 7 12 4 19 5 7 18 6 4 7 3 2 11 18 6 6 5 15 19 5 18 14 10 12 13 9 8 11 14 6 0 10 17 12 16 0 2
5 17 4 9 15 7 0 15 10 4 9 0 9 16 9 11 5 5 16 16 2 2 9 2 9 13 7 8 7 4 6 5 6 8 1 18 9 5 14 10 4 15 1 18 16 18 17 4 2 0
