100
50
0 4 18 19 4 1 18 10 0 0 1 18 16 17 14 5 16 0 1 15 19 11 5 15 11 6 1 0 15 8 11 3 17 7 11 13 15 18 7 0 16 9 13 7 8 9 1 10 1 2
4 0 16 0 5 5 3 8 5 10 6 6 16 18 16 15 15 1 15 1 13 1 0 5 16 17 16 2 2 18 7 7 1 12 10 12 16 11 5 4 3 9 0 7 10 19 8 2 13 3
18 16 0 19 10 5 10 6 10 5 1 11 18 8 14 9 8 12 2 16 10 11 2 2 11 6 11 8 5 0 14 2 4 2 6 7 14 0 19 6 5 5 6 6 4 4 10 12 13 17
19 0 19 0 9 15 12 1 10 0 12 16 15 1 14 0 16 11 12 9 12 6 9 10 19 0 16 0 12 1 15 6 4 2 3 12 10 10 5 1 16 7 0 1 14 3 18 8 8 0
4 5 10 9 0 0 19 2 13 1 6 4 19 19 4 11 19 6 15 0 9 14 12 13 1 13 9 6 18 8 17 3 16 16 0 13 15 0 16 6 7 18 2 8 4 14 8 0 7 6
1 5 5 15 0 0 1 16 9 7 1 6 10 12 5 3 6 17 14 16 13 7 19 18 12 2 6 17 4 14 13 12 3 10 10 16 6 19 10 6 7 14 17 11 2 17 2 2 7 3
18 3 10 12 19 1 0 0 8 15 5 1 10 16 17 1 11 14 19 2 4 6 18 11 0 13 10 1 15 9 19 3 5 17 4 16 19 13 9 0 14 3 14 9 10 17 2 12 8 3
10 8 6 1 2 16 0 0 9 5 3 1 5 16 9 8 10 5 4 3 13 6 0 11 3 2 13 10 1 15 10 17 5 2 0 13 17 17 9 5 1 8 5 2 16 1 0 3 10 17
0 5 10 10 13 9 8 9 0 0 17 18 18 2 5 6 0 8 2 15 16 11 5 16 1 15 19 10 8 4 9 8 4 2 4 19 19 15 3 8 3 1 7 11 17 10 11 5 5 19
0 10 5 0 1 7 15 5 0 0 6 15 18 1 7 9 12 13 15 2 10 6 6 12 16 9 0 4 9 7 9 1 17 14 11 11 10 11 11 4 8 4 0 0 6 14 10 17 17 9
1 6 1 12 6 1 5 3 17 6 0 4 17 4 2 14 5 11 1 14 5 19 4 1 2 1 18 8 3 2 18 6 13 2 11 1 1 7 18 2 16 8 10 17 6 0 12 8 8 13
18 6 11 16 4 6 1 1 18 15 4 0 14 17 2 4 16 8 4 16 12 18 1 11 13 10 2 19 1 8 14 3 14 5 4 9 12 4 13 6 12 14 2 3 1 16 8 9 9 11
16 16 18 15 19 10 10 5 18 18 17 14 0 13 15 10 17 17 7 11 11 13 3 1 15 8 7 16 7 5 13 4 12 1 9 9 4 9 16 2 12 3 13 15 2 14 15 6 5 8
17 18 8 1 19 12 16 16 2 1 4 17 13 0 16 3 16 14 18 0 6 9 6 1 7 18 4 11 8 17 2 17 19 12 9 2 7 9 15 17 12 0 0 19 3 9 9 17 16 15
14 16 14 14 4 5 17 9 5 7 2 2 15 16 0 19 9 2 1 6 5 1 12 15 5 10 16 2 5 4 12 9 16 8 9 0 9 9 14 13 4 9 12 5 4 14 12 16 18 5
5 15 9 0 11 3 1 8 6 9 14 4 10 3 19 0 4 7 9 9 17 11 10 18 13 19 8 11 18 9 13 17 0 0 12 19 18 11 18 12 7 14 5 17 1 15 4 8 12 11
16 15 8 16 19 6 11 10 0 12 5 16 17 16 9 4 0 7 18 7 9 11 11 18 10 3 3 5 8 6 9 15 9 5 3 10 5 8 4 15 7 7 17 11 10 6 16 5 11 2
0 1 12 11 6 17 14 5 8 13 11 8 17 14 2 7 7 0 13 11 12 14 16 17 5 10 5 11 0 18 10 18 8 1 13 17 9 3 14 12 14 6 1 18 16 0 15 16 18 8
1 15 2 12 15 14 19 4 2 15 1 4 7 18 1 9 18 13 0 8 10 12 3 2 16 2 6 13 5 19 16 6 6 0 4 0 9 12 7 18 7 13 14 3 0 13 5 14 5 5
15 1 16 9 0 16 2 3 15 2 14 16 11 0 6 9 7 11 8 0 5 0 8 11 18 8 16 14 9 8 0 15 14 10 5 5 9 1 4 4 16 8 1 1 19 8 9 18 5 9
19 13 10 12 9 13 4 13 16 10 5 12 11 6 5 17 9 12 10 5 0 15 7 3 19 18 18 11 5 0 17 6 7 1 0 16 0 9 18 3 5 5 17 0 18 19 17 5 7 19
11 1 11 6 14 7 6 6 11 6 19 18 13 9 1 11 11 14 12 0 15 0 6 0 2 7 10 7 15 9 18 12 16 12 11 18 15 17 19 11 9 12 9 18 1 13 15 8 0 6
5 0 2 9 12 19 18 0 5 6 4 1 3 6 12 10 11 16 3 8 7 6 0 2 16 17 0 7 16 15 0 4 3 2 12 1 9 7 17 0 11 6 0 6 16 15 18 9 4 0
15 5 2 10 13 18 11 11 16 12 1 11 1 1 15 18 18 17 2 11 3 0 2 0 0 8 7 15 11 6 7 0 15 0 6 4 3 14 3 3 8 2 10 17 9 7 10 13 6 7
11 16 11 19 1 12 0 3 1 16 2 13 15 7 5 13 10 5 16 18 19 2 16 0 0 6 10 6 19 12 1 2 13 10 17 4 5 8 8 5 12 9 0 3 18 7 6 3 2 18
6 17 6 0 13 2 13 2 15 9 1 10 8 18 10 19 3 10 2 8 18 7 17 8 6 0 1 10 1 0 5 0 16 4 2 12 4 10 12 11 12 11 5 10 10 3 13 13 15 7
1 16 11 16 9 6 10 13 19 0 18 2 7 4 16 8 3 5 6 16 18 10 0 7 10 1 0 0 12 11 11 11 4 4 0 7 8 7 5 8 15 1 0 9 0 12 13 11 4 8
0 2 8 0 6 17 1 10 10 4 8 19 16 11 2 11 5 11 13 14 11 7 7 15 6 10 0 0 16 9 7 1 8 10 4 4 17 11 11 10 8 18 0 17 7 4 14 5 8 2
15 2 5 12 18 4 15 1 8 9 3 1 7 8 5 18 8 0 5 9 5 15 16 11 19 1 12 16 0 16 19 5 15 19 13 0 17 12 18 11 8 18 9 5 16 2 19 17 19 17
8 18 0 1 8 14 9 15 4 7 2 8 5 17 4 9 6 18 19 8 0 9 15 6 12 0 11 9 16 0 18 10 3 16 2 3 19 18 14 11 0 3 3 2 19 16 13 11 19 16
11 7 14 15 17 13 19 10 9 9 18 14 13 2 12 13 9 10 16 0 17 18 0 7 1 5 11 7 19 18 0 8 10 5 19 16 2 18 18 3 0 17 0 4 12 15 10 16 19 15
3 7 2 6 3 12 3 17 8 1 6 3 4 17 9 17 15 18 6 15 6 12 4 0 2 0 11 1 5 10 8 0 1 3 15 9 13 9 15 5 0 18 19 12 9 11 9 8 3 5
17 1 4 4 16 3 5 5 4 17 13 14 12 19 16 0 9 8 6 14 7 16 3 15 13 16 4 8 15 3 10 1 0 1 5 19 4 6 4 19 15 12 10 18 11 18 10 11 3 8
7 12 2 2 16 10 17 2 2 14 2 5 1 12 8 0 5 1 0 10 1 12 2 0 10 4 4 10 19 16 5 3 1 0 13 4 0 12 12 14 5 5 5 4 11 11 16 9 16 6
11 10 6 3 0 10 4 0 4 11 11 4 9 9 9 12 3 13 4 5 0 11 12 6 17 2 0 4 13 2 19 15 5 13 0 11 12 14 6 2 3 10 19 17 12 19 4 15 0 13
13 12 7 12 13 16 16 13 19 11 1 9 9 2 0 19 10 17 0 5 16 18 1 4 4 12 7 4 0 3 16 9 19 4 11 0 12 4 6 6 11 9 19 3 18 18 0 19 1 16
15 16 14 10 15 6 19 17 19 10 1 12 4 7 9 18 5 9 9 9 0 15 9 3 5 4 8 17 17 19 2 13 4 0 12 12 0 3 0 2 9 5 5 15 9 11 6 2 18 13
18 11 0 10 0 19 13 17 15 11 7 4 9 9 9 11 8 3 12 1 9 17 7 14 8 10 7 11 12 18 18 9 6 12 14 4 3 0 12 3 12 4 6 19 7 11 7 2 0 13
7 5 19 5 16 10 9 9 3 11 18 13 16 15 14 18 4 14 7 4 18 19 17 3 8 12 5 11 18 14 18 15 4 12 6 6 0 12 0 15 5 12 18 12 1 13 4 8 3 17
0 4 6 1 6 6 0 5 8 4 2 6 2 17 13 12 15 12 18 4 3 11 0 3 5 11 8 10 11 11 3 5 19 14 2 6 2 3 15 0 19 12 6 9 10 0 4 8 5 5
16 3 5 16 7 7 14 1 3 8 16 12 12 12 4 7 7 14 7 16 5 9 11 8 12 12 15 8 8 0 0 0 15 5 3 11 9 12 5 19 0 6 1 16 12 9 9 14 9 15
9 9 5 7 18 14 3 8 1 4 8 14 3 0 9 14 7 6 13 8 5 12 6 2 9 11 1 18 18 3 17 18 12 5 10 9 5 4 12 12 6 0 0 11 2 9 12 4 8 18
13 0 6 0 2 17 14 5 7 0 10 2 13 0 12 5 17 1 14 1 17 9 0 10 0 5 0 0 9 3 0 19 10 5 19 19 5 6 18 6 1 0 0 8 6 11 9 6 5 11
7 7 6 1 8 11 9 2 11 0 17 3 15 19 5 17 11 18 3 1 0 18 6 17 3 10 9 17 5 2 4 12 18 4 17 3 15 19 12 9 16 11 8 0 5 19 3 4 9 6
8 10 4 14 4 2 10 16 17 6 6 1 2 3 4 1 10 16 0 19 18 1 16 9 18 10 0 7 16 19 12 9 11 11 12 18 9 7 1 10 12 2 6 5 0 16 10 5 19 12
9 19 4 3 14 17 17 1 10 14 0 16 14 9 14 15 6 0 13 8 19 13 15 7 7 3 12 4 2 16 15 11 18 11 19 18 11 11 13 0 9 9 11 19 16 0 15 11 5 18
1 8 10 18 8 2 2 0 11 10 12 8 15 9 12 4 16 15 5 9 17 15 18 10 6 13 13 14 19 13 10 9 10 16 4 0 6 7 4 4 9 12 9 3 10 15 0 5 10 12
10 2 12 8 0 2 12 3 5 17 8 9 6 17 16 8 5 16 14 18 5 8 9 13 3 13 11 5 17 11 16 8 11 9 15 19 2 2 8 8 14 4 6 4 5 11 5 0 4 4
1 13 13 8 7 7 8 10 5 17 8 9 5 16 18 12 11 18 5 5 7 0 4 6 2 15 4 8 19 19 19 3 3 16 0 1 18 0 3 5 9 8 5 9 19 5 10 4 0 5
2 3 17 0 6 3 3 17 19 9 13 11 8 15 5 11 2 8 5 9 19 6 0 7 18 7 8 2 17 16 15 5 8 6 13 16 13 13 17 5 15 18 11 6 12 18 12 4 5 0
