100
50
0 0 0 1 18 0 0 15 10 8 0 18 12 0 0 0 14 7 13 0 0 5 0 15 11 0 0 0 0 0 0 0 5 11 0 0 0 0 0 0 0 0 0 19 0 0 0 0 0 0
0 0 0 0 0 7 0 15 0 0 0 0 0 0 5 15 0 15 15 6 0 0 0 0 0 18 0 0 0 0 0 0 0 0 0 4 18 0 0 0 13 13 0 0 0 0 0 9 0 0
0 0 0 0 0 0 10 16 11 0 0 17 0 18 0 0 0 0 0 0 0 0 3 0 0 0 0 0 0 0 19 0 0 17 17 5 0 0 0 0 0 0 0 0 0 0 0 0 0 0
1 0 0 0 0 0 0 18 0 0 4 0 0 0 19 0 0 0 4 18 0 0 14 0 0 5 0 0 0 17 2 0 0 0 0 0 12 19 0 0 0 0 0 0 0 0 0 0 0 0
18 0 0 0 0 0 0 0 0 6 0 0 0 1 2 0 7 9 15 0 0 7 0 0 0 16 0 0 0 0 0 2 17 11 11 0 0 0 0 0 10 0 0 18 18 0 15 0 0 0
0 7 0 0 0 0 0 0 0 5 8 0 0 0 0 0 0 12 0 10 0 0 0 8 0 0 13 0 0 0 0 17 0 2 0 0 0 0 0 7 5 13 19 0 0 0 0 0 0 17
0 0 10 0 0 0 0 0 0 10 0 0 0 0 0 0 0 0 0 0 0 3 0 0 5 0 0 0 16 5 8 0 0 0 0 0 0 0 12 0 0 0 0 0 0 6 13 0 0 0
15 15 16 18 0 0 0 0 14 10 9 9 19 0 0 17 0 0 0 0 0 0 19 0 0 16 0 0 3 0 0 0 0 0 13 0 0 0 3 0 2 8 0 5 0 18 0 17 13 0
10 0 11 0 0 0 0 14 0 0 0 0 0 19 0 0 4 7 12 0 0 0 0 5 2 2 0 0 0 0 0 0 0 16 8 0 0 0 0 0 0 0 1 0 0 0 0 0 6 0
8 0 0 0 6 5 10 10 0 0 15 2 0 7 0 16 1 0 0 8 5 0 6 0 15 0 0 0 8 12 16 11 0 0 0 0 0 0 0 0 0 0 15 9 1 19 0 10 0 0
0 0 0 4 0 8 0 9 0 15 0 0 0 10 19 0 0 0 11 0 0 0 0 0 11 0 0 0 0 0 6 0 0 0 11 12 0 0 1 0 0 0 4 0 0 15 0 12 18 0
18 0 17 0 0 0 0 9 0 2 0 0 0 0 3 0 0 0 13 0 0 0 0 0 0 19 0 0 1 0 0 0 0 0 0 5 0 0 0 6 16 12 0 1 0 0 15 0 0 0
12 0 0 0 0 0 0 19 0 0 0 0 0 0 0 0 0 0 0 0 6 0 16 0 0 0 0 0 0 0 0 0 0 0 0 0 0 0 0 0 0 0 13 15 0 14 0 0 14 0
0 0 18 0 1 0 0 0 19 7 10 0 0 0 19 1 0 0 14 0 0 0 0 0 0 0 1 0 0 0 0 0 0 6 0 6 0 0 0 0 18 0 0 0 3 0 0 11 13 3
0 5 0 19 2 0 0 0 0 0 19 3 0 19 0 18 0 4 0 0 1 0 0 8 0 0 0 0 15 0 0 8 0 7 4 0 0 15 0 0 8 0 0 0 0 0 0 0 0 19
0 15 0 0 0 0 0 17 0 16 0 0 0 1 18 0 0 0 0 10 11 6 0 0 0 18 0 6 0 0 0 2 7 0 0 0 10 0 0 0 0 0 0 19 0 14 0 6 16 0
14 0 0 0 7 0 0 0 4 1 0 0 0 0 0 0 0 0 13 0 0 0 2 5 0 0 0 0 4 0 0 0 0 9 3 13 19 0 0 0 0 0 0 0 0 0 0 6 14 0
7 15 0 0 9 12 0 0 7 0 0 0 0 0 4 0 0 0 3 5 0 0 0 6 0 16 7 17 0 0 0 0 0 0 0 8 0 0 17 0 18 2 5 1 0 0 0 0 0 0
13 15 0 4 15 0 0 0 12 0 11 13 0 14 0 0 13 3 0 8 0 15 0 0 0 18 0 0 0 0 5 0 0 0 0 0 0 0 0 0 0 0 1 0 0 0 0 0 0 12
0 6 0 18 0 10 0 0 0 8 0 0 0 0 0 10 0 5 8 0 15 0 12 0 11 0 5 0 0 17 0 7 0 0 0 0 9 0 16 0 19 18 10 0 3 0 17 0 0 0
0 0 0 0 0 0 0 0 0 5 0 0 6 0 1 11 0 0 0 15 0 0 8 8 18 6 0 0 0 0 18 0 0 7 15 0 0 7 0 0 0 1 0 0 0 0 0 0 11 0
5 0 0 0 7 0 3 0 0 0 0 0 0 0 0 6 0 0 15 0 0 0 0 0 0 0 0 0 7 0 0 0 0 13 14 0 0 0 18 15 3 0 0 0 0 0 10 0 0 0
0 0 3 14 0 0 0 19 0 6 0 0 16 0 0 0 2 0 0 12 8 0 0 8 0 0 12 0 0 0 0 0 0 14 0 3 9 0 0 0 0 0 0 16 17 0 14 0 14 0
15 0 0 0 0 8 0 0 5 0 0 0 0 0 8 0 5 6 0 0 8 0 8 0 0 0 0 0 0 0 0 0 0 0 0 0 0 0 0 0 0 8 0 13 7 0 13 0 0 0
11 0 0 0 0 0 5 0 2 15 11 0 0 0 0 0 0 0 0 11 18 0 0 0 0 0 8 0 0 0 17 0 5 0 0 5 0 0 0 0 0 17 10 0 7 0 0 0 12 0
0 18 0 5 16 0 0 16 2 0 0 19 0 0 0 18 0 16 18 0 6 0 0 0 0 0 0 0 0 0 0 0 0 0 0 0 0 0 0 0 2 0 0 0 0 0 0 0 0 0
0 0 0 0 0 13 0 0 0 0 0 0 0 1 0 0 0 7 0 5 0 0 12 0 8 0 0 0 0 9 0 0 14 0 11 0 12 13 0 0 0 10 0 16 7 0 0 0 7 13
0 0 0 0 0 0 0 0 0 0 0 0 0 0 0 6 0 17 0 0 0 0 0 0 0 0 0 0 0 12 0 0 5 2 0 0 0 0 0 2 0 0 17 0 0 0 0 0 0 18
0 0 0 0 0 0 16 3 0 8 0 1 0 0 15 0 4 0 0 0 0 7 0 0 0 0 0 0 0 7 0 0 0 5 0 0 0 0 0 0 0 0 0 0 0 8 5 0 0 13
0 0 0 17 0 0 5 0 0 12 0 0 0 0 0 0 0 0 0 17 0 0 0 0 0 0 9 12 7 0 8 0 0 9 11 0 7 0 0 0 0 0 17 0 0 0 8 0 0 0
0 0 19 2 0 0 8 0 0 16 6 0 0 0 0 0 0 0 5 0 18 0 0 0 17 0 0 0 0 8 0 0 0 0 1 0 7 0 0 19 0 0 0 0 0 0 0 0 0 16
0 0 0 0 2 17 0 0 0 11 0 0 0 0 8 2 0 0 0 7 0 0 0 0 0 0 0 0 0 0 0 0 0 9 19 0 7 0 0 0 0 3 0 6 0 0 0 0 13 0
5 0 0 0 17 0 0 0 0 0 0 0 0 0 0 7 0 0 0 0 0 0 0 0 5 0 14 5 0 0 0 0 0 0 0 0 0 0 10 0 8 0 0 9 0 0 0 0 0 14
11 0 17 0 11 2 0 0 16 0 0 0 0 6 7 0 9 0 0 0 7 13 14 0 0 0 0 2 5 9 0 9 0 0 0 0 0 0 0 11 0 0 16 0 0 13 0 0 1 0
0 0 17 0 11 0 0 13 8 0 11 0 0 0 4 0 3 0 0 0 15 14 0 0 0 0 11 0 0 11 1 19 0 0 0 0 13 0 16 0 10 0 2 0 0 0 0 0 13 3
0 4 5 0 0 0 0 0 0 0 12 5 0 6 0 0 13 8 0 0 0 0 3 0 5 0 0 0 0 0 0 0 0 0 0 0 8 0 0 0 0 18 5 0 0 0 0 0 0 3
0 18 0 12 0 0 0 0 0 0 0 0 0 0 0 10 19 0 0 9 0 0 9 0 0 0 12 0 0 7 7 7 0 0 13 8 0 0 0 0 0 0 11 18 5 0 0 14 0 0
0 0 0 19 0 0 0 0 0 0 0 0 0 0 15 0 0 0 0 0 7 0 0 0 0 0 13 0 0 0 0 0 0 0 0 0 0 0 0 0 7 0 0 0 0 0 4 0 0 0
0 0 0 0 0 0 12 3 0 0 1 0 0 0 0 0 0 17 0 16 0 18 0 0 0 0 0 0 0 0 0 0 10 0 16 0 0 0 0 12 0 0 0 11 0 0 0 0 0 0
0 0 0 0 0 7 0 0 0 0 0 6 0 0 0 0 0 0 0 0 0 15 0 0 0 0 0 2 0 0 19 0 0 11 0 0 0 0 12 0 0 8 0 1 7 0 0 0 0 0
0 13 0 0 10 5 0 2 0 0 0 16 0 18 8 0 0 18 0 19 0 3 0 0 0 2 0 0 0 0 0 0 8 0 10 0 0 7 0 0 0 0 0 0 7 0 1 0 4 10
0 13 0 0 0 13 0 8 0 0 0 12 0 0 0 0 0 2 0 18 1 0 0 8 17 0 10 0 0 0 0 3 0 0 0 18 0 0 0 8 0 0 0 0 0 0 0 0 0 0
0 0 0 0 0 19 0 0 1 15 4 0 13 0 0 0 0 5 1 10 0 0 0 0 10 0 0 17 0 17 0 0 0 16 2 5 11 0 0 0 0 0 0 0 17 0 13 10 0 0
19 0 0 0 18 0 0 5 0 9 0 1 15 0 0 19 0 1 0 0 0 0 16 13 0 0 16 0 0 0 0 6 9 0 0 0 18 0 11 1 0 0 0 0 0 6 0 0 3 0
0 0 0 0 18 0 0 0 0 1 0 0 0 3 0 0 0 0 0 3 0 0 17 7 7 0 7 0 0 0 0 0 0 0 0 0 5 0 0 7 7 0 17 0 0 0 0 0 0 0
0 0 0 0 0 0 6 18 0 19 15 0 14 0 0 14 0 0 0 0 0 0 0 0 0 0 0 0 8 0 0 0 0 13 0 0 0 0 0 0 0 0 0 6 0 0 0 0 0 0
0 0 0 0 15 0 13 0 0 0 0 15 0 0 0 0 0 0 0 17 0 10 14 13 0 0 0 0 5 8 0 0 0 0 0 0 0 4 0 0 1 0 13 0 0 0 0 0 0 0
0 9 0 0 0 0 0 17 0 10 12 0 0 11 0 6 6 0 0 0 0 0 0 0 0 0 0 0 0 0 0 0 0 0 0 0 14 0 0 0 0 0 10 0 0 0 0 0 5 16
0 0 0 0 0 0 0 13 6 0 18 0 14 13 0 16 14 0 0 0 11 0 14 0 12 0 7 0 0 0 0 13 0 1 13 0 0 0 0 0 4 0 0 3 0 0 0 5 0 2
0 0 0 0 0 17 0 0 0 0 0 0 0 3 19 0 0 0 12 0 0 0 0 0 0 0 13 18 13 0 16 0 14 0 3 3 0 0 0 0 10 0 0 0 0 0 0 16 2 0
