75
50
0 17 11 16 0 12 11 13 5 11 4 6 17 10 13 3 7 2 11 11 0 0 13 0 14 1 15 17 16 18 8 17 8 11 7 13 14 10 1 3 16 18 7 2 1 16 3 18 15 9
17 0 0 15 1 3 3 5 6 9 5 0 5 5 17 3 1 7 3 15 7 7 12 6 8 16 15 14 5 11 12 8 7 14 15 14 19 14 6 1 7 5 8 15 18 17 2 12 3 13
11 0 0 6 9 14 6 0 9 5 3 2 0 16 4 4 15 8 0 17 16 12 9 14 9 6 10 8 3 1 0 4 13 6 19 14 19 4 7 16 0 0 8 8 8 11 11 13 9 14
16 15 6 0 1 11 18 1 3 3 8 19 3 14 11 3 13 12 13 19 9 2 19 4 9 1 14 17 12 6 3 13 9 6 4 15 19 11 10 3 11 2 1 10 5 10 6 11 12 4
0 1 9 1 0 11 3 13 12 2 12 11 16 6 12 6 19 4 10 2 18 16 17 3 18 14 11 14 3 3 12 7 18 9 8 8 7 7 19 13 16 9 13 5 18 0 5 4 17 7
12 3 14 11 11 0 2 10 6 0 10 10 1 6 19 2 12 5 12 6 16 5 3 11 2 4 11 10 12 12 17 18 1 18 18 4 17 2 14 12 9 12 14 4 13 4 16 1 9 10
11 3 6 18 3 2 0 7 10 4 8 11 9 3 4 4 7 11 19 6 18 2 14 4 8 2 13 6 3 15 3 12 4 15 6 18 2 8 5 8 18 10 15 5 11 7 16 19 17 4
13 5 0 1 13 10 7 0 17 5 13 4 8 1 17 12 6 6 15 18 14 9 2 9 19 9 13 3 9 10 5 7 19 11 1 4 6 16 19 9 9 3 12 3 16 3 0 3 10 6
5 6 9 3 12 6 10 17 0 19 3 3 6 14 8 8 12 9 18 7 6 0 13 10 12 19 11 3 2 3 10 0 16 19 13 4 5 12 10 2 14 13 0 16 2 18 12 12 11 5
11 9 5 3 2 0 4 5 19 0 17 11 1 19 10 17 19 19 12 13 18 11 13 4 16 7 16 2 3 13 5 12 14 8 9 1 13 1 11 9 2 14 0 13 5 14 0 17 17 6
4 5 3 8 12 10 8 13 3 17 0 18 0 18 14 0 2 13 13 16 4 6 6 18 11 2 17 4 5 9 14 9 2 1 10 13 2 0 10 6 13 6 3 6 19 17 15 8 1 17
6 0 2 19 11 10 11 4 3 11 18 0 8 16 17 16 0 18 5 8 10 14 4 17 5 0 8 0 15 8 11 5 5 8 17 9 5 17 6 7 8 8 12 4 12 6 2 18 12 1
17 5 0 3 16 1 9 8 6 1 0 8 0 16 18 15 10 0 3 18 16 13 4 13 17 12 8 18 5 4 0 3 9 3 3 0 10 10 11 7 16 7 4 7 5 4 7 6 9 7
10 5 16 14 6 6 3 1 14 19 18 16 16 0 10 2 19 13 9 7 19 1 5 0 16 2 12 3 5 12 11 10 6 13 7 9 16 1 8 15 16 18 10 15 3 4 13 9 10 7
13 17 4 11 12 19 4 17 8 10 14 17 18 10 0 16 1 8 6 13 6 8 18 11 4 9 4 3 18 10 19 4 12 4 4 15 8 14 17 14 19 19 9 11 14 17 10 10 8 13
3 3 4 3 6 2 4 12 8 17 0 16 15 2 16 0 12 17 12 1 9 1 7 11 0 17 0 13 1 16 5 5 0 16 1 4 18 19 4 16 1 18 12 4 3 5 5 10 6 16
7 1 15 13 19 12 7 6 12 19 2 0 10 19 1 12 0 1 1 7 19 2 13 5 2 15 4 18 0 18 14 4 17 11 7 10 7 4 7 16 14 18 2 6 13 1 13 2 5 16
2 7 8 12 4 5 11 6 9 19 13 18 0 13 8 17 1 0 19 2 6 14 15 11 15 13 19 19 1 9 10 13 0 10 2 10 19 19 9 12 13 10 4 16 2 19 4 12 9 10
11 3 0 13 10 12 19 15 18 12 13 5 3 9 6 12 1 19 0 7 3 12 16 19 10 19 7 17 14 19 19 1 0 12 10 3 1 0 19 3 16 0 16 12 6 2 6 3 17 14
11 15 17 19 2 6 6 18 7 13 16 8 18 7 13 1 7 2 7 0 1 10 2 7 7 8 13 17 16 8 2 12 19 1 18 17 10 9 16 0 18 19 6 2 14 4 5 10 4 13
0 7 16 9 18 16 18 14 6 18 4 10 16 19 6 9 19 6 3 1 0 4 2 3 3 4 1 3 13 7 0 2 4 7 11 11 11 12 6 0 11 13 4 11 0 3 7 3 15 18
0 7 12 2 16 5 2 9 0 11 6 14 13 1 8 1 2 14 12 10 4 0 17 0 5 18 15 15 7 8 12 1 1 4 6 0 7 2 17 5 1 6 15 3 12 0 8 8 1 10
13 12 9 19 17 3 14 2 13 13 6 4 4 5 18 7 13 15 16 2 2 17 0 13 15 15 19 7 0 8 9 15 15 2 17 5 17 17 19 7 4 1 2 7 19 19 19 11 11 17
0 6 14 4 3 11 4 9 10 4 18 17 13 0 11 11 5 11 19 7 3 0 13 0 13 11 14 4 17 3 11 15 18 2 12 17 10 12 4 12 3 9 19 7 7 10 16 9 2 8
14 8 9 9 18 2 8 19 12 16 11 5 17 16 4 0 2 15 10 7 3 5 15 13 0 18 5 14 13 11 3 1 2 12 11 16 5 4 6 10 6 9 6 7 10 16 13 17 11 13
1 16 6 1 14 4 2 9 19 7 2 0 12 2 9 17 15 13 19 8 4 18 15 11 18 0 2 11 16 16 18 4 13 0 2 5 10 0 14 12 12 19 16 12 7 2 4 9 0 5
15 15 10 14 11 11 13 13 11 16 17 8 8 12 4 0 4 19 7 13 1 15 19 14 5 2 0 0 10 6 14 3 12 8 1 19 11 8 7 2 17 15 13 14 17 19 15 12 10 15
17 14 8 17 14 10 6 3 3 2 4 0 18 3 3 13 18 19 17 17 3 15 7 4 14 11 0 0 0 11 3 14 19 10 8 5 2 11 5 8 5 5 9 3 0 10 16 9 9 0
16 5 3 12 3 12 3 9 2 3 5 15 5 5 18 1 0 1 14 16 13 7 0 17 13 16 10 0 0 19 11 7 11 18 13 7 1 17 11 12 19 4 6 10 13 9 17 6 1 2
18 11 1 6 3 12 15 10 3 13 9 8 4 12 10 16 18 9 19 8 7 8 8 3 11 16 6 11 19 0 18 18 5 6 4 7 11 15 6 17 14 2 11 0 16 6 0 13 2 1
8 12 0 3 12 17 3 5 10 5 14 11 0 11 19 5 14 10 19 2 0 12 9 11 3 18 14 3 11 18 0 12 5 13 8 1 2 16 11 0 8 7 11 15 16 4 1 7 9 9
17 8 4 13 7 18 12 7 0 12 9 5 3 10 4 5 4 13 1 12 2 1 15 15 1 4 3 14 7 18 12 0 1 2 11 3 5 18 11 13 13 15 13 8 13 11 5 12 10 7
8 7 13 9 18 1 4 19 16 14 2 5 9 6 12 0 17 0 0 19 4 1 15 18 2 13 12 19 11 5 5 1 0 2 7 2 4 3 19 10 3 15 8 8 7 18 0 18 3 14
11 14 6 6 9 18 15 11 19 8 1 8 3 13 4 16 11 10 12 1 7 4 2 2 12 0 8 10 18 6 13 2 2 0 16 6 3 17 12 5 5 5 8 11 13 13 13 15 6 5
7 15 19 4 8 18 6 1 13 9 10 17 3 7 4 1 7 2 10 18 11 6 17 12 11 2 1 8 13 4 8 11 7 16 0 9 17 5 12 1 4 16 17 14 11 17 12 13 11 0
13 14 14 15 8 4 18 4 4 1 13 9 0 9 15 4 10 10 3 17 11 0 5 17 16 5 19 5 7 7 1 3 2 6 9 0 4 8 1 15 13 2 10 1 19 10 19 19 10 5
14 19 19 19 7 17 2 6 5 13 2 5 10 16 8 18 7 19 1 10 11 7 17 10 5 10 11 2 1 11 2 5 4 3 17 4 0 9 3 5 1 6 4 5 1 5 1 13 11 7
10 14 4 11 7 2 8 16 12 1 0 17 10 1 14 19 4 19 0 9 12 2 17 12 4 0 8 11 17 15 16 18 3 17 5 8 9 0 0 13 3 3 2 3 12 17 10 12 3 4
1 6 7 10 19 14 5 19 10 11 10 6 11 8 17 4 7 9 19 16 6 17 19 4 6 14 7 5 11 6 11 11 19 12 12 1 3 0 0 16 3 18 8 18 19 14 2 4 9 4
3 1 16 3 13 12 8 9 2 9 6 7 7 15 14 16 16 12 3 0 0 5 7 12 10 12 2 8 12 17 0 13 10 5 1 15 5 13 16 0 2 15 13 10 17 3 9 4 15 0
16 7 0 11 16 9 18 9 14 2 13 8 16 16 19 1 14 13 16 18 11 1 4 3 6 12 17 5 19 14 8 13 3 5 4 13 1 3 3 2 0 18 17 16 17 4 11 13 13 17
18 5 0 2 9 12 10 3 13 14 6 8 7 18 19 18 18 10 0 19 13 6 1 9 9 19 15 5 4 2 7 15 15 5 16 2 6 3 18 15 18 0 12 18 17 12 4 15 15 9
7 8 8 1 13 14 15 12 0 0 3 12 4 10 9 12 2 4 16 6 4 15 2 19 6 16 13 9 6 11 11 13 8 8 17 10 4 2 8 13 17 12 0 3 1 1 7 13 0 17
2 15 8 10 5 4 5 3 16 13 6 4 7 15 11 4 6 16 12 2 11 3 7 7 7 12 14 3 10 0 15 8 8 11 14 1 5 3 18 10 16 18 3 0 9 19 7 11 7 5
1 18 8 5 18 13 11 16 2 5 19 12 5 3 14 3 13 2 6 14 0 12 19 7 10 7 17 0 13 16 16 13 7 13 11 19 1 12 19 17 17 17 1 9 0 15 12 18 9 11
16 17 11 10 0 4 7 3 18 14 17 6 4 4 17 5 1 19 2 4 3 0 19 10 16 2 19 10 9 6 4 11 18 13 17 10 5 17 14 3 4 12 1 19 15 0 0 16 9 16
3 2 11 6 5 16 16 0 12 0 15 2 7 13 10 5 13 4 6 5 7 8 19 16 13 4 15 16 17 0 1 5 0 13 12 19 1 10 2 9 11 4 7 7 12 0 0 13 1 3
18 12 13 11 4 1 19 3 12 17 8 18 6 9 10 10 2 12 3 10 3 8 11 9 17 9 12 9 6 13 7 12 18 15 13 19 13 12 4 4 13 15 13 11 18 16 13 0 4 0
15 3 9 12 17 9 17 10 11 17 1 12 9 10 8 6 5 9 17 4 15 1 11 2 11 0 10 9 1 2 9 10 3 6 11 10 11 3 9 15 13 15 0 7 9 9 1 4 0 11
9 13 14 4 7 10 4 6 5 6 17 1 7 7 13 16 16 10 14 13 18 10 17 8 13 5 15 0 2 1 9 7 14 5 0 5 7 4 4 0 17 9 17 5 11 16 3 0 11 0
