100
50
0 0 0 0 11 0 0 0 0 0 0 0 0 0 0 3 0 0 0 0 18 0 0 13 15 0 0 0 10 12 0 0 16 11 0 0 0 0 0 0 0 0 19 0 0 0 0 14 0 0
0 0 12 18 5 0 0 0 2 9 0 0 0 0 0 0 0 14 9 0 0 0 0 0 0 0 0 0 0 0 4 6 15 0 0 0 4 0 14 0 0 0 0 10 0 0 0 0 0 0
0 12 0 0 0 12 0 0 0 0 17 0 0 0 0 0 0 0 0 10 11 14 0 0 0 0 0 0 0 0 0 0 0 0 0 0 0 0 0 17 0 0 0 0 0 14 0 0 0 0
0 18 0 0 3 0 2 0 0 3 0 0 0 7 0 0 0 0 0 0 0 0 0 8 18 0 0 0 10 0 12 0 0 0 12 15 13 0 18 7 0 0 5 0 0 18 0 0 0 0
11 5 0 3 0 0 0 2 9 0 0 0 9 0 15 0 1 10 7 0 0 6 0 0 0 9 0 0 0 0 0 0 0 0 4 0 0 5 0 0 0 0 0 0 2 0 0 4 0 8
0 0 12 0 0 0 0 0 0 2 0 0 0 13 17 0 0 0 0 2 5 18 0 4 0 0 18 0 10 0 0 0 3 0 15 0 0 8 12 4 0 18 0 0 12 0 0 0 0 0
0 0 0 2 0 0 0 10 0 14 3 14 0 0 0 0 16 0 0 13 0 0 6 9 0 0 17 0 11 0 0 0 18 12 0 0 0 0 4 0 0 0 12 2 0 0 0 0 0 0
0 0 0 0 2 0 10 0 6 3 0 0 0 0 0 0 0 9 0 17 0 11 0 0 17 0 6 0 0 0 0 13 6 0 0 6 0 0 0 0 13 0 0 0 0 0 0 0 0 1
0 2 0 0 9 0 0 6 0 0 17 0 0 2 0 0 0 0 0 0 0 0 0 0 0 5 5 6 0 0 0 0 0 11 0 0 7 15 0 0 0 13 0 8 0 0 0 10 0 5
0 9 0 3 0 2 14 3 0 0 8 0 0 0 0 0 4 0 0 0 0 0 9 0 0 2 0 0 0 10 0 0 4 13 0 0 0 0 0 2 16 0 0 0 1 0 0 19 0 0
0 0 17 0 0 0 3 0 17 8 0 0 0 1 7 0 0 18 13 0 0 0 18 0 0 0 9 15 0 0 0 0 0 10 9 0 0 8 2 0 0 0 2 11 0 19 0 0 0 8
0 0 0 0 0 0 14 0 0 0 0 0 18 19 0 5 0 8 0 14 0 0 0 8 0 0 0 0 4 5 0 0 0 15 0 0 0 0 18 0 0 15 0 0 13 0 0 0 17 0
0 0 0 0 9 0 0 0 0 0 0 18 0 14 19 0 0 15 0 9 0 9 0 0 0 0 4 0 0 0 0 11 17 0 0 0 4 0 0 0 0 18 0 18 6 0 0 0 0 9
0 0 0 7 0 13 0 0 2 0 1 19 14 0 0 0 0 0 2 0 13 0 11 0 19 0 0 0 0 0 13 0 0 7 0 0 0 0 16 16 0 0 0 0 0 12 0 0 0 0
0 0 0 0 15 17 0 0 0 0 7 0 19 0 0 17 0 0 13 18 0 0 0 0 0 0 5 0 0 5 6 0 0 0 19 0 0 0 11 0 11 0 15 0 0 0 0 13 0 0
3 0 0 0 0 0 0 0 0 0 0 5 0 0 17 0 0 0 10 0 0 0 1 10 6 9 0 11 0 0 0 13 11 2 0 0 16 0 0 0 0 0 0 0 0 12 13 0 0 0
0 0 0 0 1 0 16 0 0 4 0 0 0 0 0 0 0 4 0 0 0 5 11 0 0 0 0 0 0 0 0 0 0 0 0 0 3 0 0 16 0 8 0 0 0 10 0 0 0 0
0 14 0 0 10 0 0 9 0 0 18 8 15 0 0 0 4 0 0 0 8 0 19 0 0 0 13 0 0 0 0 0 10 0 0 0 0 0 19 5 0 0 0 0 0 14 0 0 0 8
0 9 0 0 7 0 0 0 0 0 13 0 0 2 13 10 0 0 0 0 0 1 3 0 0 0 0 0 0 0 0 0 0 0 0 13 0 0 0 0 0 0 0 0 0 0 0 0 0 18
0 0 10 0 0 2 13 17 0 0 0 14 9 0 18 0 0 0 0 0 0 0 0 0 0 1 0 12 0 19 18 13 0 0 0 0 0 0 0 0 0 18 0 0 13 0 1 0 0 17
18 0 11 0 0 5 0 0 0 0 0 0 0 13 0 0 0 8 0 0 0 0 0 0 0 4 0 0 0 18 1 0 0 12 0 0 0 0 0 0 0 0 0 9 0 0 0 1 19 0
0 0 14 0 6 18 0 11 0 0 0 0 9 0 0 0 5 0 1 0 0 0 0 0 0 0 13 0 0 0 0 0 7 7 0 0 0 11 0 18 14 0 0 0 0 0 0 12 0 2
0 0 0 0 0 0 6 0 0 9 18 0 0 11 0 1 11 19 3 0 0 0 0 5 5 0 0 0 0 0 0 0 0 0 17 0 0 0 0 0 0 0 2 0 0 0 2 0 14 0
13 0 0 8 0 4 9 0 0 0 0 8 0 0 0 10 0 0 0 0 0 0 5 0 0 1 0 5 0 0 0 2 0 0 7 0 19 0 0 0 0 0 8 0 11 2 2 0 0 6
15 0 0 18 0 0 0 17 0 0 0 0 0 19 0 6 0 0 0 0 0 0 5 0 0 0 0 0 0 0 8 0 9 18 14 0 16 0 0 0 0 0 3 0 0 0 10 0 17 0
0 0 0 0 9 0 0 0 5 2 0 0 0 0 0 9 0 0 0 1 4 0 0 1 0 0 0 0 18 0 0 0 0 0 0 0 0 0 0 0 16 0 14 0 0 17 8 1 0 8
0 0 0 0 0 18 17 6 5 0 9 0 4 0 5 0 0 13 0 0 0 13 0 0 0 0 0 14 0 0 0 0 0 0 0 1 0 9 0 12 0 0 0 0 0 0 0 4 0 0
0 0 0 0 0 0 0 0 6 0 15 0 0 0 0 11 0 0 0 12 0 0 0 5 0 0 14 0 0 0 0 0 0 0 7 3 0 0 0 0 0 0 11 0 12 12 19 0 0 16
10 0 0 10 0 10 11 0 0 0 0 4 0 0 0 0 0 0 0 0 0 0 0 0 0 18 0 0 0 0 0 0 0 0 0 0 0 0 5 18 0 0 0 0 0 0 0 7 0 0
12 0 0 0 0 0 0 0 0 10 0 5 0 0 5 0 0 0 0 19 18 0 0 0 0 0 0 0 0 0 14 6 0 0 0 3 0 0 0 0 0 0 0 11 0 0 0 0 2 18
0 4 0 12 0 0 0 0 0 0 0 0 0 13 6 0 0 0 0 18 1 0 0 0 8 0 0 0 0 14 0 14 4 0 0 0 0 5 16 0 0 0 0 0 0 0 0 0 0 11
0 6 0 0 0 0 0 13 0 0 0 0 11 0 0 13 0 0 0 13 0 0 0 2 0 0 0 0 0 6 14 0 0 0 0 0 2 0 0 0 1 0 0 0 0 0 0 0 0 0
16 15 0 0 0 3 18 6 0 4 0 0 17 0 0 11 0 10 0 0 0 7 0 0 9 0 0 0 0 0 4 0 0 0 9 19 0 0 3 19 0 14 0 0 7 1 0 13 0 0
11 0 0 0 0 0 12 0 11 13 10 15 0 7 0 2 0 0 0 0 12 7 0 0 18 0 0 0 0 0 0 0 0 0 0 0 0 19 0 0 3 12 0 12 19 0 11 0 0 0
0 0 0 12 4 15 0 0 0 0 9 0 0 0 19 0 0 0 0 0 0 0 17 7 14 0 0 7 0 0 0 0 9 0 0 0 0 14 0 0 0 0 0 0 4 0 2 4 0 14
0 0 0 15 0 0 0 6 0 0 0 0 0 0 0 0 0 0 13 0 0 0 0 0 0 0 1 3 0 3 0 0 19 0 0 0 0 15 8 17 0 0 0 0 0 0 7 0 11 0
0 4 0 13 0 0 0 0 7 0 0 0 4 0 0 16 3 0 0 0 0 0 0 19 16 0 0 0 0 0 0 2 0 0 0 0 0 0 0 0 13 0 0 0 2 0 3 11 0 0
0 0 0 0 5 8 0 0 15 0 8 0 0 0 0 0 0 0 0 0 0 11 0 0 0 0 9 0 0 0 5 0 0 19 14 15 0 0 0 0 0 13 6 12 0 0 0 5 13 0
0 14 0 18 0 12 4 0 0 0 2 18 0 16 11 0 0 19 0 0 0 0 0 0 0 0 0 0 5 0 16 0 3 0 0 8 0 0 0 4 0 1 0 0 0 6 0 0 0 0
0 0 17 7 0 4 0 0 0 2 0 0 0 16 0 0 16 5 0 0 0 18 0 0 0 0 12 0 18 0 0 0 19 0 0 17 0 0 4 0 0 0 0 0 0 10 0 6 0 0
0 0 0 0 0 0 0 13 0 16 0 0 0 0 11 0 0 0 0 0 0 14 0 0 0 16 0 0 0 0 0 1 0 3 0 0 13 0 0 0 0 4 6 0 0 17 1 0 5 0
0 0 0 0 0 18 0 0 13 0 0 15 18 0 0 0 8 0 0 18 0 0 0 0 0 0 0 0 0 0 0 0 14 12 0 0 0 13 1 0 4 0 0 0 0 14 0 0 0 3
19 0 0 5 0 0 12 0 0 0 2 0 0 0 15 0 0 0 0 0 0 0 2 8 3 14 0 11 0 0 0 0 0 0 0 0 0 6 0 0 6 0 0 0 0 0 0 0 0 0
0 10 0 0 0 0 2 0 8 0 11 0 18 0 0 0 0 0 0 0 9 0 0 0 0 0 0 0 0 11 0 0 0 12 0 0 0 12 0 0 0 0 0 0 19 0 0 15 13 0
0 0 0 0 2 12 0 0 0 1 0 13 6 0 0 0 0 0 0 13 0 0 0 11 0 0 0 12 0 0 0 0 7 19 4 0 2 0 0 0 0 0 0 19 0 15 0 0 0 0
0 0 14 18 0 0 0 0 0 0 19 0 0 12 0 12 10 14 0 0 0 0 0 2 0 17 0 12 0 0 0 0 1 0 0 0 0 0 6 10 17 14 0 0 15 0 0 0 3 14
0 0 0 0 0 0 0 0 0 0 0 0 0 0 0 13 0 0 0 1 0 0 2 2 10 8 0 19 0 0 0 0 0 11 2 7 3 0 0 0 1 0 0 0 0 0 0 0 6 0
14 0 0 0 4 0 0 0 10 19 0 0 0 0 13 0 0 0 0 0 1 12 0 0 0 1 4 0 7 0 0 0 13 0 4 0 11 5 0 6 0 0 0 15 0 0 0 0 0 2
0 0 0 0 0 0 0 0 0 0 0 17 0 0 0 0 0 0 0 0 19 0 14 0 17 0 0 0 0 2 0 0 0 0 0 11 0 13 0 0 5 0 0 13 0 3 6 0 0 0
0 0 0 0 8 0 0 1 5 0 8 0 9 0 0 0 0 8 18 17 0 2 0 6 0 8 0 16 0 18 11 0 0 0 14 0 0 0 0 0 0 3 0 0 0 14 0 2 0 0
