75
50
0 0 0 0 0 0 10 7 0 0 0 14 0 0 0 0 0 2 0 0 0 0 0 0 0 0 0 5 0 0 4 0 16 0 0 0 0 0 0 6 0 9 0 0 0 0 0 0 0 0
0 0 16 0 0 0 18 0 0 0 3 0 0 0 0 0 1 0 0 7 0 0 0 7 0 0 17 0 0 0 0 0 19 0 0 15 15 6 5 15 0 10 0 0 0 1 0 15 0 0
0 16 0 19 0 0 0 0 0 0 13 10 0 0 0 0 0 0 11 5 0 0 0 6 0 0 12 12 0 3 0 0 12 0 0 0 0 0 15 0 0 2 0 0 0 0 0 0 2 15
0 0 19 0 12 1 8 0 0 0 0 0 0 0 0 0 11 9 0 6 3 7 0 0 0 15 0 0 2 0 0 0 0 0 0 7 0 0 7 0 0 7 6 0 0 0 0 11 0 0
0 0 0 12 0 0 0 0 0 8 0 0 0 0 0 0 0 18 19 0 0 11 0 0 0 0 0 0 11 0 0 11 6 0 0 0 0 0 0 0 0 0 0 0 1 0 7 14 0 14
0 0 0 1 0 0 5 5 0 0 10 0 19 0 0 0 0 3 19 0 0 12 0 8 0 2 0 0 15 0 0 0 0 0 0 0 0 11 9 9 0 19 0 0 0 0 14 0 0 0
10 18 0 8 0 5 0 0 14 0 0 0 0 15 0 8 8 0 0 0 0 0 0 0 7 0 0 0 0 7 19 0 7 5 0 6 0 0 10 7 3 0 0 0 0 11 0 0 0 0
7 0 0 0 0 5 0 0 15 0 4 0 6 0 0 0 15 0 0 5 0 0 0 0 0 0 0 10 0 0 18 0 0 0 0 11 9 0 10 0 0 0 0 0 0 0 0 3 0 0
0 0 0 0 0 0 14 15 0 0 3 0 10 1 0 0 0 9 8 3 0 3 4 0 0 0 9 0 3 0 0 0 0 0 0 0 16 6 0 0 0 0 0 0 0 0 9 0 0 0
0 0 0 0 8 0 0 0 0 0 0 0 4 0 0 0 0 0 19 17 0 0 19 0 11 0 0 8 0 0 0 6 0 0 17 0 0 9 6 0 14 15 0 17 0 0 15 0 0 17
0 3 13 0 0 10 0 4 3 0 0 0 0 9 0 0 17 0 0 0 10 0 0 0 0 0 0 0 0 0 15 0 0 0 10 5 0 0 0 13 0 0 0 0 0 11 0 0 14 17
14 0 10 0 0 0 0 0 0 0 0 0 13 10 0 0 0 0 0 0 0 0 0 0 5 0 17 0 0 0 2 7 10 11 0 0 19 0 0 0 0 5 0 4 0 14 5 0 0 0
0 0 0 0 0 19 0 6 10 4 0 13 0 0 0 0 0 16 2 0 0 13 0 0 0 0 0 0 0 8 18 0 0 0 13 0 16 0 0 0 0 0 0 0 13 0 0 15 0 15
0 0 0 0 0 0 15 0 1 0 9 10 0 0 0 0 0 0 6 0 0 0 0 0 0 0 9 0 19 0 0 0 0 15 0 4 0 19 11 0 0 7 9 0 0 9 9 7 4 0
0 0 0 0 0 0 0 0 0 0 0 0 0 0 0 9 0 0 0 0 15 0 0 6 9 0 1 0 0 0 0 8 0 14 0 0 0 0 4 0 7 0 0 0 9 0 0 12 0 0
0 0 0 0 0 0 8 0 0 0 0 0 0 0 9 0 0 0 0 0 0 0 7 0 14 0 0 0 0 0 0 0 0 0 0 0 0 0 0 0 18 5 0 0 0 0 0 0 0 0
0 1 0 11 0 0 8 15 0 0 17 0 0 0 0 0 0 0 0 0 0 0 18 0 0 0 0 0 7 0 0 0 0 0 0 19 16 0 0 0 0 9 0 7 0 5 0 0 0 14
2 0 0 9 18 3 0 0 9 0 0 0 16 0 0 0 0 0 3 11 13 0 0 11 15 0 0 5 0 0 0 0 0 14 4 0 0 0 0 0 0 3 10 13 0 0 6 0 0 0
0 0 11 0 19 19 0 0 8 19 0 0 2 6 0 0 0 3 0 0 0 0 0 0 0 0 0 0 0 0 0 14 0 9 0 0 0 0 0 15 0 0 0 0 0 0 0 0 0 12
0 7 5 6 0 0 0 5 3 17 0 0 0 0 0 0 0 11 0 0 0 15 0 0 2 0 0 0 4 0 11 0 0 0 0 0 0 5 0 0 7 0 0 0 7 14 0 0 0 8
0 0 0 3 0 0 0 0 0 0 10 0 0 0 15 0 0 13 0 0 0 0 0 0 7 0 0 0 0 0 0 3 0 0 0 0 12 6 0 0 0 0 0 16 0 19 0 0 0 0
0 0 0 7 11 12 0 0 3 0 0 0 13 0 0 0 0 0 0 15 0 0 0 15 15 0 0 0 0 0 0 1 0 0 0 0 0 0 18 9 16 0 0 6 19 0 0 0 2 9
0 0 0 0 0 0 0 0 4 19 0 0 0 0 0 7 18 0 0 0 0 0 0 0 14 11 16 18 0 0 0 16 0 0 0 0 0 3 0 0 0 16 0 0 0 0 0 0 0 7
0 7 6 0 0 8 0 0 0 0 0 0 0 0 6 0 0 11 0 0 0 15 0 0 0 6 0 0 0 13 0 0 0 0 0 0 0 16 0 1 0 0 0 0 0 15 0 0 9 0
0 0 0 0 0 0 7 0 0 11 0 5 0 0 9 14 0 15 0 2 7 15 14 0 0 0 0 18 7 0 11 0 9 0 0 17 0 0 0 0 0 0 0 0 0 0 0 0 0 0
0 0 0 15 0 2 0 0 0 0 0 0 0 0 0 0 0 0 0 0 0 0 11 6 0 0 0 0 0 0 0 0 12 17 0 0 0 13 0 0 0 0 1 0 0 0 10 0 19 0
0 17 12 0 0 0 0 0 9 0 0 17 0 9 1 0 0 0 0 0 0 0 16 0 0 0 0 0 0 9 0 0 0 0 0 5 0 0 0 0 0 0 0 0 3 13 17 0 0 0
5 0 12 0 0 0 0 10 0 8 0 0 0 0 0 0 0 5 0 0 0 0 18 0 18 0 0 0 0 0 0 0 4 0 0 0 0 0 0 0 17 0 13 0 0 0 0 0 0 0
0 0 0 2 11 15 0 0 3 0 0 0 0 19 0 0 7 0 0 4 0 0 0 0 7 0 0 0 0 8 0 0 0 0 18 0 10 13 0 8 0 14 8 0 0 0 19 0 0 0
0 0 3 0 0 0 7 0 0 0 0 0 8 0 0 0 0 0 0 0 0 0 0 13 0 0 9 0 8 0 0 0 0 15 18 11 0 4 0 0 19 0 0 4 0 14 0 0 0 7
4 0 0 0 0 0 19 18 0 0 15 2 18 0 0 0 0 0 0 11 0 0 0 0 11 0 0 0 0 0 0 13 0 0 15 0 0 18 0 8 0 0 0 9 0 0 17 0 0 13
0 0 0 0 11 0 0 0 0 6 0 7 0 0 8 0 0 0 14 0 3 1 16 0 0 0 0 0 0 0 13 0 0 18 8 0 0 16 8 0 13 0 0 0 16 0 0 0 0 0
16 19 12 0 6 0 7 0 0 0 0 10 0 0 0 0 0 0 0 0 0 0 0 0 9 12 0 4 0 0 0 0 0 16 0 0 0 0 0 0 0 0 0 0 0 10 0 2 18 10
0 0 0 0 0 0 5 0 0 0 0 11 0 15 14 0 0 14 9 0 0 0 0 0 0 17 0 0 0 15 0 18 16 0 0 19 0 3 0 15 5 0 2 0 0 0 0 0 0 5
0 0 0 0 0 0 0 0 0 17 10 0 13 0 0 0 0 4 0 0 0 0 0 0 0 0 0 0 18 18 15 8 0 0 0 0 0 0 0 4 0 11 17 12 2 18 0 0 11 0
0 15 0 7 0 0 6 11 0 0 5 0 0 4 0 0 19 0 0 0 0 0 0 0 17 0 5 0 0 11 0 0 0 19 0 0 0 0 15 0 7 14 0 8 0 0 0 0 0 0
0 15 0 0 0 0 0 9 16 0 0 19 16 0 0 0 16 0 0 0 12 0 0 0 0 0 0 0 10 0 0 0 0 0 0 0 0 8 5 1 0 0 0 2 15 0 0 0 0 0
0 6 0 0 0 11 0 0 6 9 0 0 0 19 0 0 0 0 0 5 6 0 3 16 0 13 0 0 13 4 18 16 0 3 0 0 8 0 0 0 0 0 0 0 0 0 3 0 0 0
0 5 15 7 0 9 10 10 0 6 0 0 0 11 4 0 0 0 0 0 0 18 0 0 0 0 0 0 0 0 0 8 0 0 0 15 5 0 0 0 0 7 0 0 5 0 0 10 0 1
6 15 0 0 0 9 7 0 0 0 13 0 0 0 0 0 0 0 15 0 0 9 0 1 0 0 0 0 8 0 8 0 0 15 4 0 1 0 0 0 0 3 0 6 0 11 7 3 0 0
0 0 0 0 0 0 3 0 0 14 0 0 0 0 7 18 0 0 0 7 0 16 0 0 0 0 0 17 0 19 0 13 0 5 0 7 0 0 0 0 0 6 0 2 0 0 0 5 0 0
9 10 2 7 0 19 0 0 0 15 0 5 0 7 0 5 9 3 0 0 0 0 16 0 0 0 0 0 14 0 0 0 0 0 11 14 0 0 7 3 6 0 0 0 0 0 0 9 0 0
0 0 0 6 0 0 0 0 0 0 0 0 0 9 0 0 0 10 0 0 0 0 0 0 0 1 0 13 8 0 0 0 0 2 17 0 0 0 0 0 0 0 0 0 0 0 0 16 17 0
0 0 0 0 0 0 0 0 0 17 0 4 0 0 0 0 7 13 0 0 16 6 0 0 0 0 0 0 0 4 9 0 0 0 12 8 2 0 0 6 2 0 0 0 13 10 0 0 0 0
0 0 0 0 1 0 0 0 0 0 0 0 13 0 9 0 0 0 0 7 0 19 0 0 0 0 3 0 0 0 0 16 0 0 2 0 15 0 5 0 0 0 0 13 0 0 17 0 0 2
0 1 0 0 0 0 11 0 0 0 11 14 0 9 0 0 5 0 0 14 19 0 0 15 0 0 13 0 0 14 0 0 10 0 18 0 0 0 0 11 0 0 0 10 0 0 0 11 0 0
0 0 0 0 7 14 0 0 9 15 0 5 0 9 0 0 0 6 0 0 0 0 0 0 0 10 17 0 19 0 17 0 0 0 0 0 0 3 0 7 0 0 0 0 17 0 0 11 0 3
0 15 0 11 14 0 0 3 0 0 0 0 15 7 12 0 0 0 0 0 0 0 0 0 0 0 0 0 0 0 0 0 2 0 0 0 0 0 10 3 5 9 16 0 0 11 11 0 0 0
0 0 2 0 0 0 0 0 0 0 14 0 0 4 0 0 0 0 0 0 0 2 0 9 0 19 0 0 0 0 0 0 18 0 11 0 0 0 0 0 0 0 17 0 0 0 0 0 0 0
0 0 15 0 14 0 0 0 0 17 17 0 15 0 0 0 14 0 12 8 0 9 7 0 0 0 0 0 0 7 13 0 10 5 0 0 0 0 1 0 0 0 0 0 2 0 3 0 0 0
