100
75
0 0 0 0 10 0 10 0 0 16 0 0 0 0 0 19 0 0 8 0 0 0 0 0 0 0 0 0 0 9 0 0 0 5 0 7 0 0 0 0 14 0 0 3 0 0 0 0 13 0 0 0 0 0 0 5 18 0 0 0 6 0 0 16 0 0 0 0 0 0 0 0 8 0 0
0 0 0 0 0 0 0 0 0 2 0 0 0 3 0 0 0 0 0 0 19 0 0 0 0 0 13 0 0 0 0 0 16 0 0 6 0 0 0 6 0 0 0 0 0 5 4 0 0 0 16 14 0 0 0 3 0 0 8 0 0 0 0 0 0 0 0 0 0 0 19 18 7 0 0
0 0 0 9 0 9 0 0 0 19 0 0 0 6 17 0 8 0 0 0 0 9 6 0 0 0 8 0 7 0 0 0 0 0 0 17 0 0 9 6 0 16 0 0 0 0 3 0 0 0 0 18 0 15 17 12 0 19 0 0 7 0 0 0 0 0 0 0 0 0 0 9 0 0 0
0 0 9 0 0 17 0 0 8 0 14 0 6 10 0 0 0 0 0 0 12 0 0 0 0 0 0 15 0 0 11 0 0 16 0 9 0 0 0 0 5 0 5 19 0 0 0 0 0 14 1 0 0 0 0 0 0 6 0 0 0 0 0 0 18 0 1 0 0 6 0 8 11 0 0
10 0 0 0 0 0 1 0 5 0 3 2 0 0 0 0 5 0 0 0 0 0 1 0 9 2 0 0 3 0 0 0 0 0 0 18 0 0 0 0 0 0 0 0 1 2 0 0 0 11 0 0 9 0 0 0 3 0 19 10 1 0 0 10 0 0 0 0 0 0 0 0 0 0 1
0 0 9 17 0 0 19 0 0 0 15 0 0 0 0 0 0 0 12 0 0 0 14 0 17 0 0 0 0 0 4 15 0 0 0 0 0 0 0 0 0 0 0 0 0 0 0 0 0 12 0 0 0 3 4 18 0 0 0 0 0 18 5 16 0 1 2 0 0 17 15 0 0 0 13
10 0 0 0 1 19 0 0 19 0 0 8 0 0 3 0 0 0 0 0 0 0 0 0 4 0 7 0 5 15 4 0 0 0 0 0 4 0 0 15 0 0 0 0 0 0 0 0 0 17 11 8 0 0 0 0 0 12 0 0 8 0 8 5 0 0 0 10 0 0 0 0 4 1 12
0 0 0 0 0 0 0 0 4 0 0 0 11 0 1 1 0 0 0 0 8 0 0 0 0 0 0 0 0 0 0 9 0 9 8 0 0 17 0 0 15 0 0 0 0 0 0 0 18 0 0 14 0 0 0 0 14 0 6 0 0 0 0 0 0 0 0 0 0 8 0 9 0 1 0
0 0 0 8 5 0 19 4 0 6 0 0 10 0 0 0 0 5 0 0 4 0 10 10 0 0 0 9 0 0 0 0 0 0 12 0 0 5 0 0 16 0 9 16 0 0 0 0 16 2 17 10 0 0 17 0 0 2 0 0 0 0 10 0 0 0 3 19 0 0 0 12 12 0 0
16 2 19 0 0 0 0 0 6 0 2 0 0 0 0 0 0 4 16 0 12 12 0 0 0 0 0 14 4 0 0 17 0 19 0 9 0 17 4 0 0 9 0 0 10 0 0 0 0 0 0 0 0 0 0 0 0 0 0 5 0 16 0 0 0 0 16 0 0 0 0 0 0 0 0
0 0 0 14 3 15 0 0 0 2 0 4 0 0 0 0 8 0 0 0 0 9 11 0 0 0 0 0 0 0 2 17 0 12 0 1 0 0 0 10 0 0 0 0 3 3 0 0 12 0 13 0 0 10 0 9 0 0 0 0 0 0 0 0 0 0 15 0 0 0 10 0 0 0 5
0 0 0 0 2 0 8 0 0 0 4 0 0 19 0 6 8 14 0 7 0 0 0 0 0 0 18 0 0 0 0 3 0 0 0 0 5 2 0 0 3 14 19 2 11 0 0 11 0 0 0 0 2 14 0 0 0 19 0 0 0 0 0 0 6 0 0 0 0 0 0 0 11 7 0
0 0 0 6 0 0 0 11 10 0 0 0 0 19 0 0 0 0 0 0 0 0 0 2 0 9 0 0 0 10 0 0 0 0 6 2 9 16 0 0 0 0 19 13 19 0 0 0 0 0 0 0 0 4 0 0 0 0 0 0 0 13 0 5 13 4 0 0 1 18 0 0 3 0 0
0 3 6 10 0 0 0 0 0 0 0 19 19 0 0 0 0 0 13 0 0 5 18 0 0 8 0 0 0 0 0 0 0 13 0 0 0 0 0 0 13 18 0 9 0 15 0 19 0 14 0 0 2 0 16 0 15 0 3 12 5 3 0 0 0 0 0 0 0 0 14 0 0 0 10
0 0 17 0 0 0 3 1 0 0 0 0 0 0 0 0 18 0 1 0 0 0 0 0 19 13 0 0 0 5 0 0 5 0 0 0 0 0 0 0 0 0 0 0 0 11 0 0 0 0 2 0 0 2 0 0 0 0 0 12 0 0 1 0 6 0 0 0 0 0 0 0 0 4 0
19 0 0 0 0 0 0 1 0 0 0 6 0 0 0 0 0 6 0 11 4 0 9 0 0 0 19 13 0 0 0 0 0 0 7 0 0 9 0 0 0 0 17 18 0 0 7 8 14 0 0 0 0 0 0 0 0 0 0 0 0 10 13 0 0 15 0 0 0 0 0 12 0 0 0
0 0 8 0 5 0 0 0 0 0 8 8 0 0 18 0 0 15 0 0 0 0 0 0 0 0 1 17 2 0 0 0 0 10 0 0 0 0 8 0 0 0 16 0 4 0 0 10 10 1 0 17 0 0 12 7 0 0 10 0 0 0 0 0 14 0 0 0 0 10 8 5 0 0 0
0 0 0 0 0 0 0 0 5 4 0 14 0 0 0 6 15 0 0 0 0 2 0 0 9 0 0 0 0 7 15 0 0 0 0 0 8 0 0 3 15 0 2 0 0 0 14 0 18 0 6 0 0 0 0 4 0 0 0 0 0 0 0 0 0 0 0 0 0 0 1 11 0 0 5
8 0 0 0 0 12 0 0 0 16 0 0 0 13 1 0 0 0 0 0 0 0 0 0 11 0 12 1 0 19 0 0 0 5 13 3 3 0 0 0 0 0 19 0 0 0 10 0 0 0 0 3 0 0 0 0 9 0 0 0 0 0 0 0 0 0 0 0 15 0 0 0 1 13 0
0 0 0 0 0 0 0 0 0 0 0 7 0 0 0 11 0 0 0 0 0 0 0 0 0 11 0 0 7 0 0 2 2 16 12 0 0 0 0 0 0 0 0 0 0 0 0 7 8 0 0 0 0 0 0 0 0 0 8 0 12 0 0 0 0 0 0 0 0 0 19 0 5 0 7
0 19 0 12 0 0 0 8 4 12 0 0 0 0 0 4 0 0 0 0 0 5 0 0 5 12 0 10 12 0 18 0 1 0 11 0 4 0 0 0 0 0 10 0 8 17 0 0 0 19 0 0 6 12 17 0 0 0 18 0 0 0 0 0 0 0 0 19 0 0 0 1 0 0 0
0 0 9 0 0 0 0 0 0 12 9 0 0 5 0 0 0 2 0 0 5 0 0 6 0 0 0 0 0 0 16 0 0 8 0 0 4 6 0 0 0 0 0 0 0 0 0 3 0 0 16 0 5 0 5 0 0 0 0 13 0 0 0 0 0 0 0 0 0 0 0 0 0 0 0
0 0 6 0 1 14 0 0 10 0 11 0 0 18 0 9 0 0 0 0 0 0 0 0 2 8 0 0 0 0 9 0 0 0 0 0 10 0 0 3 2 19 0 0 0 0 0 0 11 0 7 0 0 0 19 18 0 0 0 0 4 0 13 0 0 0 0 0 0 0 0 17 0 0 5
0 0 0 0 0 0 0 0 10 0 0 0 2 0 0 0 0 0 0 0 0 6 0 0 0 0 0 0 0 13 7 0 9 0 14 13 0 0 0 16 4 0 0 1 0 2 0 10 1 0 0 8 0 0 10 0 0 0 0 0 0 17 0 11 0 8 3 18 11 0 0 19 0 17 3
0 0 0 0 9 17 4 0 0 0 0 0 0 0 19 0 0 9 11 0 5 0 2 0 0 0 0 0 0 0 0 0 19 17 0 13 0 17 0 19 0 0 0 0 0 0 0 0 0 0 0 0 0 0 7 0 2 0 0 0 11 0 0 0 0 0 0 0 1 9 0 0 0 0 0
0 0 0 0 2 0 0 0 0 0 0 0 9 8 13 0 0 0 0 11 12 0 8 0 0 0 0 0 0 0 0 0 0 0 14 11 0 16 0 0 19 3 0 19 17 10 0 0 0 0 0 15 0 0 2 3 0 0 0 18 0 7 0 0 0 16 19 0 0 0 7 0 0 0 0
0 13 8 0 0 0 7 0 0 0 0 18 0 0 0 19 1 0 12 0 0 0 0 0 0 0 0 0 0 0 0 0 0 0 0 0 0 0 0 0 0 0 0 0 19 0 15 0 0 14 0 0 0 0 0 0 0 0 0 0 0 14 0 9 0 8 0 0 0 0 0 0 7 0 8
0 0 0 15 0 0 0 0 9 14 0 0 0 0 0 13 17 0 1 0 10 0 0 0 0 0 0 0 0 0 0 0 0 0 0 0 0 19 0 0 0 0 0 0 0 13 0 18 0 0 5 19 0 0 0 0 0 12 2 0 0 17 0 0 0 0 0 19 0 0 9 0 0 0 14
0 0 7 0 3 0 5 0 0 4 0 0 0 0 0 0 2 0 0 7 12 0 0 0 0 0 0 0 0 0 0 0 0 0 5 0 16 0 0 0 0 0 7 0 16 0 0 0 0 4 0 0 0 0 0 16 0 0 10 15 18 0 0 16 0 0 13 0 0 0 0 0 17 0 0
9 0 0 0 0 0 15 0 0 0 0 0 10 0 5 0 0 7 19 0 0 0 0 13 0 0 0 0 0 0 0 0 16 6 7 0 0 0 18 0 5 0 0 7 0 0 0 0 0 0 3 12 0 8 0 11 0 7 0 0 0 6 0 0 0 0 0 0 0 18 0 19 3 5 0
0 0 0 11 0 4 4 0 0 0 2 0 0 0 0 0 0 15 0 0 18 16 9 7 0 0 0 0 0 0 0 19 0 15 0 0 0 0 4 3 11 0 0 0 0 5 0 11 0 10 0 14 18 0 0 0 0 9 5 12 0 18 0 0 0 15 17 2 19 1 0 0 0 0 0
0 0 0 0 0 15 0 9 0 17 17 3 0 0 0 0 0 0 0 2 0 0 0 0 0 0 0 0 0 0 19 0 0 0 3 3 0 0 0 0 0 17 0 0 6 0 4 0 0 0 0 0 0 0 0 0 0 8 0 3 0 0 0 0 0 0 0 0 0 13 0 0 0 14 0
0 16 0 0 0 0 0 0 0 0 0 0 0 0 5 0 0 0 0 2 1 0 0 9 19 0 0 0 0 16 0 0 0 0 0 0 0 10 0 6 0 0 7 0 19 0 0 0 0 0 0 0 0 0 18 6 13 0 0 0 0 0 0 0 0 0 0 0 0 0 0 0 0 0 6
5 0 0 16 0 0 0 9 0 19 12 0 0 13 0 0 10 0 5 16 0 8 0 0 17 0 0 0 0 6 15 0 0 0 0 0 14 0 0 0 0 10 0 0 4 0 0 0 12 0 7 3 11 17 0 0 2 0 0 16 0 0 0 8 15 0 5 0 0 12 0 16 19 0 0
0 0 0 0 0 0 0 8 12 0 0 0 6 0 0 7 0 0 13 12 11 0 0 14 0 14 0 0 5 7 0 3 0 0 0 12 0 0 0 14 0 0 0 0 0 16 19 0 0 0 0 0 0 0 19 0 0 11 13 0 10 0 0 0 0 5 18 0 0 14 16 0 0 0 14
7 6 17 9 18 0 0 0 0 9 1 0 2 0 0 0 0 0 3 0 0 0 0 13 13 11 0 0 0 0 0 3 0 0 12 0 0 0 7 16 19 0 0 0 0 0 0 8 0 13 0 12 15 0 0 0 0 17 0 0 0 11 18 0 17 0 0 0 8 0 0 0 0 0 6
0 0 0 0 0 0 4 0 0 0 0 5 9 0 0 0 0 8 3 0 4 4 10 0 0 0 0 0 16 0 0 0 0 14 0 0 0 0 18 0 10 0 12 0 14 0 6 13 5 0 0 0 0 0 0 7 17 0 7 0 0 0 0 0 0 0 0 0 0 0 0 13 0 0 4
0 0 0 0 0 0 0 17 5 17 0 2 16 0 0 9 0 0 0 0 0 6 0 0 17 16 0 19 0 0 0 0 10 0 0 0 0 0 0 0 0 0 0 0 0 0 1 0 0 0 0 0 0 0 9 0 0 0 0 0 0 18 0 0 0 0 18 0 0 7 0 18 0 19 14
0 0 9 0 0 0 0 0 0 4 0 0 0 0 0 0 8 0 0 0 0 0 0 0 0 0 0 0 0 18 4 0 0 0 0 7 18 0 0 19 0 0 14 0 0 16 16 16 0 0 5 18 0 0 0 11 0 0 0 0 5 0 0 0 0 0 0 0 18 5 19 0 0 0 14
0 6 6 0 0 0 15 0 0 0 10 0 0 0 0 0 0 3 0 0 0 0 3 16 19 0 0 0 0 0 3 0 6 0 14 16 0 0 19 0 0 0 4 0 0 0 11 0 1 0 17 0 0 0 0 0 0 0 0 0 0 0 10 6 4 0 0 0 0 0 0 0 19 0 0
14 0 0 5 0 0 0 15 16 0 0 3 0 13 0 0 0 15 0 0 0 0 2 4 0 19 0 0 0 5 11 0 0 0 0 19 10 0 0 0 0 0 0 0 0 0 0 0 0 0 0 0 0 0 0 0 12 0 0 3 0 0 0 0 3 0 0 3 0 0 10 0 19 10 0
0 0 16 0 0 0 0 0 0 9 0 14 0 18 0 0 0 0 0 0 0 0 19 0 0 3 0 0 0 0 0 17 0 10 0 0 0 0 0 0 0 0 0 0 0 0 0 8 7 0 0 13 0 0 0 0 0 16 0 0 0 0 15 0 16 0 0 4 0 12 0 0 4 0 0
0 0 0 5 0 0 0 0 9 0 0 19 19 0 0 17 16 2 19 0 10 0 0 0 0 0 0 0 7 0 0 0 7 0 0 0 12 0 14 4 0 0 0 0 18 0 11 0 0 19 0 0 0 3 0 0 0 0 0 0 0 0 0 0 11 0 3 5 4 0 14 0 0 0 11
3 0 0 19 0 0 0 0 16 0 0 2 13 9 0 18 0 0 0 0 0 0 0 1 0 19 0 0 0 7 0 0 0 0 0 0 0 0 0 0 0 0 0 0 0 0 0 8 0 0 0 0 19 0 14 0 1 17 0 0 0 0 0 0 0 2 0 17 0 0 0 0 0 12 0
0 0 0 0 1 0 0 0 0 10 3 11 19 0 0 0 4 0 0 0 8 0 0 0 0 17 19 0 16 0 0 6 19 4 0 0 14 0 0 0 0 0 18 0 0 0 0 0 0 0 0 12 0 0 0 0 0 6 8 15 1 0 19 14 9 0 0 0 16 0 13 0 1 0 0
0 5 0 0 2 0 0 0 0 0 3 0 0 15 11 0 0 0 0 0 17 0 0 2 0 10 0 13 0 0 5 0 0 0 16 0 0 0 16 0 0 0 0 0 0 0 0 0 0 19 0 0 0 0 12 0 0 7 11 14 0 0 2 0 0 0 0 0 0 0 12 0 0 0 0
0 4 3 0 0 0 0 0 0 0 0 0 0 0 0 7 0 14 10 0 0 0 0 0 0 0 15 0 0 0 0 4 0 0 19 0 6 1 16 11 0 0 11 0 0 0 0 0 0 18 0 0 6 14 0 0 0 0 0 3 0 17 6 0 0 0 0 14 2 0 0 5 16 0 0
0 0 0 0 0 0 0 0 0 0 0 11 0 19 0 8 10 0 0 7 0 3 0 10 0 0 0 18 0 0 11 0 0 0 0 8 13 0 16 0 0 8 0 8 0 0 0 0 0 0 0 0 16 17 0 0 0 5 0 0 0 0 7 0 5 0 5 0 16 0 0 0 0 0 0
13 0 0 0 0 0 0 18 16 0 12 0 0 0 0 14 10 18 0 8 0 0 11 1 0 0 0 0 0 0 0 0 0 12 0 0 5 0 0 1 0 7 0 0 0 0 0 0 0 8 0 0 0 0 0 0 0 0 16 17 0 0 3 1 0 0 17 15 0 17 2 0 0 0 0
0 0 0 14 11 12 17 0 2 0 0 0 0 14 0 0 1 0 0 0 19 0 0 0 0 0 14 0 4 0 10 0 0 0 0 13 0 0 0 0 0 0 19 0 0 19 18 0 8 0 0 0 0 0 0 0 12 0 0 0 0 0 13 0 0 0 0 0 0 0 0 0 0 16 6
0 16 0 1 0 0 11 0 17 0 13 0 0 0 2 0 0 6 0 0 0 16 7 0 0 0 0 5 0 3 0 0 0 7 0 0 0 0 5 17 0 0 0 0 0 0 0 0 0 0 0 0 8 9 8 0 0 0 0 8 0 3 14 9 0 0 0 0 0 0 0 0 0 0 4
0 14 18 0 0 0 8 14 10 0 0 0 0 0 0 0 17 0 3 0 0 0 0 8 0 15 0 19 0 12 14 0 0 3 0 12 0 0 18 0 0 13 0 0 12 0 0 0 0 0 0 0 0 0 0 0 0 0 0 0 0 11 0 0 0 0 0 0 0 0 0 0 0 0 0
0 0 0 0 9 0 0 0 0 0 0 2 0 2 0 0 0 0 0 0 6 5 0 0 0 0 0 0 0 0 18 0 0 11 0 15 0 0 0 0 0 0 0 19 0 0 6 16 0 0 8 0 0 12 0 0 0 0 17 12 5 0 0 0 0 2 0 0 0 0 10 0 0 0 7
0 0 15 0 0 3 0 0 0 0 10 14 4 0 2 0 0 0 0 0 12 0 0 0 0 0 0 0 0 8 0 0 0 17 0 0 0 0 0 0 0 0 3 0 0 0 14 17 0 0 9 0 12 0 0 15 19 13 0 0 0 0 0 0 0 19 9 0 0 11 0 0 0 0 0
0 0 17 0 0 4 0 0 17 0 0 0 0 16 0 0 12 0 0 0 17 5 19 10 7 2 0 0 0 0 0 0 18 0 19 0 0 9 0 0 0 0 0 14 0 12 0 0 0 0 8 0 0 0 0 0 18 0 4 0 0 0 0 6 0 0 0 0 6 12 0 0 8 17 3
5 3 12 0 0 18 0 0 0 0 9 0 0 0 0 0 7 4 0 0 0 0 18 0 0 3 0 0 16 11 0 0 6 0 0 0 7 0 11 0 0 0 0 0 0 0 0 0 0 0 0 0 0 15 0 0 0 5 0 0 15 0 0 0 0 14 0 0 0 0 9 10 0 12 0
18 0 0 0 3 0 0 14 0 0 0 0 0 15 0 0 0 0 9 0 0 0 0 0 2 0 0 0 0 0 0 0 13 2 0 0 17 0 0 0 12 0 0 1 0 0 0 0 0 12 0 0 0 19 18 0 0 0 0 0 2 0 0 11 0 0 7 6 0 0 0 0 11 0 3
0 0 19 6 0 0 12 0 2 0 0 19 0 0 0 0 0 0 0 0 0 0 0 0 0 0 0 12 0 7 9 8 0 0 11 17 0 0 0 0 0 16 0 17 6 7 0 5 0 0 0 0 0 13 0 5 0 0 0 0 9 0 0 0 0 11 0 0 0 0 0 0 7 3 0
0 8 0 0 19 0 0 6 0 0 0 0 0 3 0 0 10 0 0 8 18 0 0 0 0 0 0 2 10 0 5 0 0 0 13 0 7 0 0 0 0 0 0 0 8 11 0 0 16 0 0 0 17 0 4 0 0 0 0 0 12 4 0 0 0 0 0 3 8 0 0 17 1 0 0
0 0 0 0 10 0 0 0 0 5 0 0 0 12 12 0 0 0 0 0 0 13 0 0 0 18 0 0 15 0 12 3 0 16 0 0 0 0 0 0 3 0 0 0 15 14 3 0 17 0 8 0 12 0 0 0 0 0 0 0 0 0 5 14 0 0 8 0 3 0 8 0 0 12 10
6 0 7 0 1 0 8 0 0 0 0 0 0 5 0 0 0 0 0 12 0 0 4 0 11 0 0 0 18 0 0 0 0 0 10 0 0 0 5 0 0 0 0 0 1 0 0 0 0 0 0 0 5 0 0 15 2 9 12 0 0 15 0 10 0 6 3 9 0 0 0 0 0 0 0
0 0 0 0 0 18 0 0 0 16 0 0 13 3 0 10 0 0 0 0 0 0 0 17 0 7 14 17 0 6 18 0 0 0 0 11 0 18 0 0 0 0 0 0 0 0 17 0 0 0 3 11 0 0 0 0 0 0 4 0 15 0 0 14 19 0 9 19 0 0 1 15 11 0 0
0 0 0 0 0 5 8 0 10 0 0 0 0 0 1 13 0 0 0 0 0 0 13 0 0 0 0 0 0 0 0 0 0 0 0 18 0 0 0 10 0 15 0 0 19 2 6 7 3 13 14 0 0 0 0 0 0 0 0 5 0 0 0 0 3 0 6 15 1 0 19 0 0 0 0
16 0 0 0 10 16 5 0 0 0 0 0 5 0 0 0 0 0 0 0 0 0 0 11 0 0 9 0 16 0 0 0 0 8 0 0 0 0 0 6 0 0 0 0 14 0 0 0 1 0 9 0 0 0 6 0 11 0 0 14 10 14 0 0 8 19 8 0 0 0 6 0 1 0 0
0 0 0 18 0 0 0 0 0 0 0 6 13 0 6 0 14 0 0 0 0 0 0 0 0 0 0 0 0 0 0 0 0 15 0 17 0 0 0 4 3 16 11 0 9 0 0 5 0 0 0 0 0 0 0 0 0 0 0 0 0 19 3 8 0 0 2 1 0 6 16 0 0 10 0
0 0 0 0 0 1 0 0 0 0 0 0 4 0 0 15 0 0 0 0 0 0 0 8 0 16 8 0 0 0 15 0 0 0 5 0 0 0 0 0 0 0 0 2 0 0 0 0 0 0 0 0 2 19 0 14 0 11 0 0 6 0 0 19 0 0 0 0 0 3 0 0 0 0 0
0 0 0 1 0 2 0 0 3 16 15 0 0 0 0 0 0 0 0 0 0 0 0 3 0 19 0 0 13 0 17 0 0 5 18 0 0 18 0 0 0 0 3 0 0 0 0 5 17 0 0 0 0 9 0 0 7 0 0 8 3 9 6 8 2 0 0 17 0 0 0 0 14 14 0
0 0 0 0 0 0 10 0 19 0 0 0 0 0 0 0 0 0 0 0 19 0 0 18 0 0 0 19 0 0 2 0 0 0 0 0 0 0 0 0 3 4 5 17 0 0 14 0 15 0 0 0 0 0 0 0 6 0 3 0 9 19 15 0 1 0 17 0 0 0 0 0 17 0 0
0 0 0 0 0 0 0 0 0 0 0 0 1 0 0 0 0 0 15 0 0 0 0 11 1 0 0 0 0 0 19 0 0 0 0 8 0 0 18 0 0 0 4 0 16 0 2 16 0 0 0 0 0 0 6 0 0 0 8 3 0 0 1 0 0 0 0 0 0 5 0 19 0 0 0
0 0 0 6 0 17 0 8 0 0 0 0 18 0 0 0 10 0 0 0 0 0 0 0 9 0 0 0 0 18 1 13 0 12 14 0 0 7 5 0 0 12 0 0 0 0 0 0 17 0 0 0 0 11 12 0 0 0 0 0 0 0 0 0 6 3 0 0 5 0 9 0 0 14 0
0 19 0 0 0 15 0 0 0 0 10 0 0 14 0 0 8 1 0 19 0 0 0 0 0 7 0 9 0 0 0 0 0 0 16 0 0 0 19 0 10 0 14 0 13 12 0 0 2 0 0 0 10 0 0 9 0 0 0 8 0 1 19 6 16 0 0 0 0 9 0 0 5 0 0
0 18 9 8 0 0 0 9 12 0 0 0 0 0 0 12 5 11 0 0 1 0 17 19 0 0 0 0 0 19 0 0 0 16 0 0 13 18 0 0 0 0 0 0 0 0 5 0 0 0 0 0 0 0 0 10 0 0 17 0 0 15 0 0 0 0 0 0 19 0 0 0 0 0 0
8 7 0 11 0 0 4 0 12 0 0 11 3 0 0 0 0 0 1 5 0 0 0 0 0 0 7 0 17 3 0 0 0 19 0 0 0 0 0 19 19 4 0 0 1 0 16 0 0 0 0 0 0 0 8 0 11 7 1 0 0 11 0 1 0 0 14 17 0 0 5 0 0 0 0
0 0 0 0 0 0 1 1 0 0 0 7 0 0 4 0 0 0 13 0 0 0 0 17 0 0 0 0 0 5 0 14 0 0 0 0 0 19 0 0 10 0 0 12 0 0 0 0 0 16 0 0 0 0 17 12 0 3 0 12 0 0 0 0 10 0 14 0 0 14 0 0 0 0 0
0 0 0 0 1 13 12 0 0 0 5 0 0 10 0 0 0 5 0 7 0 0 5 3 0 0 8 14 0 0 0 0 6 0 14 6 4 14 14 0 0 0 11 0 0 0 0 0 0 6 4 0 7 0 3 0 3 0 0 10 0 0 0 0 0 0 0 0 0 0 0 0 0 0 0
