75
50
0 9 0 4 5 0 4 19 16 0 0 14 15 19 0 0 0 12 0 0 0 13 0 0 0 0 0 0 0 0 0 0 0 0 0 8 0 0 13 0 0 1 0 10 3 0 7 0 11 0
9 0 0 0 0 0 0 0 0 0 17 0 0 17 0 0 8 1 0 0 0 16 0 0 0 19 0 17 0 6 0 16 13 0 0 0 0 0 0 0 14 0 0 0 0 0 4 0 0 0
0 0 0 15 0 9 0 2 0 0 3 0 19 9 0 0 0 0 12 0 0 2 1 0 0 14 17 19 0 0 0 0 6 0 0 1 9 0 0 0 14 0 0 0 5 0 16 0 0 0
4 0 15 0 0 0 0 18 10 5 19 0 0 0 0 0 0 0 3 0 0 0 0 0 0 0 0 0 0 0 0 0 17 7 0 0 3 0 14 0 0 0 16 0 0 0 11 19 0 0
5 0 0 0 0 0 0 0 8 0 0 0 0 0 3 6 0 0 0 0 17 0 3 0 0 0 0 0 0 0 6 0 17 6 13 17 5 0 0 0 3 0 8 0 0 9 3 1 0 2
0 0 9 0 0 0 0 0 0 5 0 0 0 16 8 17 1 16 0 0 10 0 0 5 0 0 5 3 0 0 2 0 0 0 0 0 18 0 0 3 0 1 0 5 0 0 0 12 19 0
4 0 0 0 0 0 0 0 0 8 0 11 0 0 0 4 0 0 0 0 16 19 10 0 0 0 16 0 8 0 19 0 0 0 0 0 0 0 14 0 0 0 0 0 6 10 0 0 0 0
19 0 2 18 0 0 0 0 0 0 0 16 0 0 0 0 0 0 0 0 0 2 0 0 0 0 19 0 0 5 10 0 0 0 0 13 19 0 0 0 0 0 0 0 12 0 0 0 0 0
16 0 0 10 8 0 0 0 0 0 14 0 0 0 3 16 0 18 0 0 0 0 0 0 0 0 0 0 8 9 0 0 0 15 14 0 0 0 0 0 0 0 0 0 0 0 0 0 0 6
0 0 0 5 0 5 8 0 0 0 0 0 0 1 4 18 6 0 6 0 0 0 0 0 0 0 0 13 10 1 0 0 11 0 0 0 0 10 3 0 3 5 0 0 0 3 0 13 14 5
0 17 3 19 0 0 0 0 14 0 0 0 0 0 4 0 1 0 0 7 0 0 0 0 0 1 16 0 0 0 12 0 0 0 0 0 0 0 0 0 0 0 2 14 0 0 0 0 0 0
14 0 0 0 0 0 11 16 0 0 0 0 5 3 0 0 0 0 6 0 0 0 0 0 0 0 0 0 11 0 0 0 19 2 0 0 14 0 0 13 0 0 0 0 13 15 7 0 0 10
15 0 19 0 0 0 0 0 0 0 0 5 0 0 1 0 4 0 9 0 0 0 0 0 0 0 0 0 0 6 0 14 0 0 0 0 0 0 0 0 6 0 0 7 4 0 2 0 7 11
19 17 9 0 0 16 0 0 0 1 0 3 0 0 2 13 0 0 0 0 3 0 0 0 0 0 0 0 0 0 15 0 0 0 0 0 0 14 0 0 0 0 0 0 0 18 0 11 0 0
0 0 0 0 3 8 0 0 3 4 4 0 1 2 0 0 0 11 0 0 0 0 0 0 13 19 0 0 0 6 0 0 0 1 11 0 0 17 4 1 0 0 0 0 19 0 0 5 0 10
0 0 0 0 6 17 4 0 16 18 0 0 0 13 0 0 0 13 0 0 0 0 0 0 5 0 0 0 0 0 0 0 0 0 11 0 0 0 0 0 0 10 0 0 5 0 0 0 0 0
0 8 0 0 0 1 0 0 0 6 1 0 4 0 0 0 0 0 0 0 0 3 0 2 0 0 0 13 7 0 4 0 0 0 0 3 0 0 5 4 0 0 0 0 0 4 0 0 0 0
12 1 0 0 0 16 0 0 18 0 0 0 0 0 11 13 0 0 0 0 0 0 0 0 0 18 0 0 19 0 0 0 4 16 0 0 12 0 1 0 0 0 0 0 11 0 0 11 10 2
0 0 12 3 0 0 0 0 0 6 0 6 9 0 0 0 0 0 0 1 0 0 0 5 0 5 0 0 7 10 19 0 0 18 16 5 8 0 0 0 0 0 0 0 14 0 0 0 0 13
0 0 0 0 0 0 0 0 0 0 7 0 0 0 0 0 0 0 1 0 8 17 8 0 0 0 0 0 2 0 0 8 0 11 5 0 6 0 0 9 0 0 10 5 0 0 0 0 0 0
0 0 0 0 17 10 16 0 0 0 0 0 0 3 0 0 0 0 0 8 0 0 4 0 0 0 13 0 0 2 9 0 0 5 3 1 0 0 0 0 0 0 0 0 0 0 0 0 0 15
13 16 2 0 0 0 19 2 0 0 0 0 0 0 0 0 3 0 0 17 0 0 16 0 3 0 0 4 7 0 0 0 0 0 13 8 13 0 0 0 19 9 0 0 18 4 0 0 7 0
0 0 1 0 3 0 10 0 0 0 0 0 0 0 0 0 0 0 0 8 4 16 0 14 17 0 0 10 0 15 0 0 0 0 0 0 0 0 7 1 0 0 0 5 0 0 0 5 6 16
0 0 0 0 0 5 0 0 0 0 0 0 0 0 0 0 2 0 5 0 0 0 14 0 17 0 0 0 14 0 0 0 0 0 0 0 0 0 0 0 0 0 0 0 0 0 13 2 0 0
0 0 0 0 0 0 0 0 0 0 0 0 0 0 13 5 0 0 0 0 0 3 17 17 0 0 0 0 0 5 0 0 0 0 0 0 0 0 9 0 0 0 8 0 0 0 0 0 0 2
0 19 14 0 0 0 0 0 0 0 1 0 0 0 19 0 0 18 5 0 0 0 0 0 0 0 0 0 0 10 0 5 0 0 0 0 0 0 0 0 8 0 0 0 0 0 3 0 11 0
0 0 17 0 0 5 16 19 0 0 16 0 0 0 0 0 0 0 0 0 13 0 0 0 0 0 0 0 17 0 0 0 5 10 1 0 0 0 2 0 0 9 0 2 4 1 0 18 0 0
0 17 19 0 0 3 0 0 0 13 0 0 0 0 0 0 13 0 0 0 0 4 10 0 0 0 0 0 0 2 0 0 0 13 0 0 0 0 0 0 0 17 0 14 0 0 0 0 0 11
0 0 0 0 0 0 8 0 8 10 0 11 0 0 0 0 7 19 7 2 0 7 0 14 0 0 17 0 0 0 0 0 0 0 0 11 0 0 0 16 0 10 0 0 0 3 0 10 0 0
0 6 0 0 0 0 0 5 9 1 0 0 6 0 6 0 0 0 10 0 2 0 15 0 5 10 0 2 0 0 15 0 18 0 7 0 0 0 0 18 0 0 0 0 0 18 0 14 0 0
0 0 0 0 6 2 19 10 0 0 12 0 0 15 0 0 4 0 19 0 9 0 0 0 0 0 0 0 0 15 0 0 0 0 0 19 7 0 0 0 13 0 0 0 16 0 0 0 0 1
0 16 0 0 0 0 0 0 0 0 0 0 14 0 0 0 0 0 0 8 0 0 0 0 0 5 0 0 0 0 0 0 0 0 0 0 0 0 0 0 18 10 0 8 0 14 17 0 1 0
0 13 6 17 17 0 0 0 0 11 0 19 0 0 0 0 0 4 0 0 0 0 0 0 0 0 5 0 0 18 0 0 0 16 10 0 0 0 0 0 0 0 0 19 0 0 0 17 0 0
0 0 0 7 6 0 0 0 15 0 0 2 0 0 1 0 0 16 18 11 5 0 0 0 0 0 10 13 0 0 0 0 16 0 0 0 0 0 0 0 0 15 0 0 0 0 0 4 0 0
0 0 0 0 13 0 0 0 14 0 0 0 0 0 11 11 0 0 16 5 3 13 0 0 0 0 1 0 0 7 0 0 10 0 0 0 0 0 0 0 0 16 10 0 0 0 0 0 6 0
8 0 1 0 17 0 0 13 0 0 0 0 0 0 0 0 3 0 5 0 1 8 0 0 0 0 0 0 11 0 19 0 0 0 0 0 0 0 2 9 0 0 0 4 0 0 0 0 0 0
0 0 9 3 5 18 0 19 0 0 0 14 0 0 0 0 0 12 8 6 0 13 0 0 0 0 0 0 0 0 7 0 0 0 0 0 0 0 0 0 0 0 0 0 0 7 5 1 6 0
0 0 0 0 0 0 0 0 0 10 0 0 0 14 17 0 0 0 0 0 0 0 0 0 0 0 0 0 0 0 0 0 0 0 0 0 0 0 17 0 0 0 0 0 9 0 0 0 3 0
13 0 0 14 0 0 14 0 0 3 0 0 0 0 4 0 5 1 0 0 0 0 7 0 9 0 2 0 0 0 0 0 0 0 0 2 0 17 0 0 0 0 19 0 1 7 3 2 0 0
0 0 0 0 0 3 0 0 0 0 0 13 0 0 1 0 4 0 0 9 0 0 1 0 0 0 0 0 16 18 0 0 0 0 0 9 0 0 0 0 0 0 9 0 0 0 9 0 16 3
0 14 14 0 3 0 0 0 0 3 0 0 6 0 0 0 0 0 0 0 0 19 0 0 0 8 0 0 0 0 13 18 0 0 0 0 0 0 0 0 0 0 0 11 0 0 3 0 0 0
1 0 0 0 0 1 0 0 0 5 0 0 0 0 0 10 0 0 0 0 0 9 0 0 0 0 9 17 10 0 0 10 0 15 16 0 0 0 0 0 0 0 19 10 0 0 0 0 0 0
0 0 0 16 8 0 0 0 0 0 2 0 0 0 0 0 0 0 0 10 0 0 0 0 8 0 0 0 0 0 0 0 0 0 10 0 0 0 19 9 0 19 0 0 7 0 3 0 0 0
10 0 0 0 0 5 0 0 0 0 14 0 7 0 0 0 0 0 0 5 0 0 5 0 0 0 2 14 0 0 0 8 19 0 0 4 0 0 0 0 11 10 0 0 0 0 0 0 0 7
3 0 5 0 0 0 6 12 0 0 0 13 4 0 19 5 0 11 14 0 0 18 0 0 0 0 4 0 0 0 16 0 0 0 0 0 0 9 1 0 0 0 7 0 0 0 0 0 0 0
0 0 0 0 9 0 10 0 0 3 0 15 0 18 0 0 4 0 0 0 0 4 0 0 0 0 1 0 3 18 0 14 0 0 0 0 7 0 7 0 0 0 0 0 0 0 0 0 1 0
7 4 16 11 3 0 0 0 0 0 0 7 2 0 0 0 0 0 0 0 0 0 0 13 0 3 0 0 0 0 0 17 0 0 0 0 5 0 3 9 3 0 3 0 0 0 0 0 6 9
0 0 0 19 1 12 0 0 0 13 0 0 0 11 5 0 0 11 0 0 0 0 5 2 0 0 18 0 10 14 0 0 17 4 0 0 1 0 2 0 0 0 0 0 0 0 0 0 0 9
11 0 0 0 0 19 0 0 0 14 0 0 7 0 0 0 0 10 0 0 0 7 6 0 0 11 0 0 0 0 0 1 0 0 6 0 6 3 0 16 0 0 0 0 0 1 6 0 0 0
0 0 0 0 2 0 0 0 6 5 0 10 11 0 10 0 0 2 13 0 15 0 16 0 2 0 0 11 0 0 1 0 0 0 0 0 0 0 0 3 0 0 0 7 0 0 9 9 0 0
