75
50
0 0 0 0 0 0 0 0 0 0 8 0 0 0 0 0 0 0 0 0 3 13 0 0 0 4 0 14 0 0 0 0 8 0 0 10 19 7 1 0 0 0 0 5 0 6 1 10 0 0
0 0 17 1 8 0 16 0 6 14 0 0 0 18 0 0 0 0 17 0 0 4 0 0 0 0 0 0 16 0 10 0 0 0 0 0 0 0 9 0 0 0 0 0 0 0 0 0 5 4
0 17 0 0 4 9 0 0 0 0 0 0 9 12 13 0 4 3 0 0 0 19 5 0 0 0 0 0 5 0 0 4 0 0 0 0 0 0 16 7 0 0 0 0 0 19 0 0 12 0
0 1 0 0 19 18 0 0 0 0 0 0 0 0 0 0 16 7 0 0 0 0 0 0 0 0 15 0 17 3 0 2 0 0 0 0 0 0 0 0 0 0 0 5 0 9 19 0 0 0
0 8 4 19 0 0 0 19 0 0 17 0 0 0 0 0 0 0 0 0 4 0 0 0 2 0 10 0 0 0 1 1 0 6 0 0 19 0 3 0 6 0 0 0 0 0 7 0 0 16
0 0 9 18 0 0 0 0 7 0 0 0 0 0 9 0 0 0 9 0 0 0 0 0 0 0 0 10 0 0 9 0 0 0 17 6 0 17 4 0 0 0 0 0 6 0 0 0 0 8
0 16 0 0 0 0 0 16 14 0 17 0 0 0 0 0 0 0 9 0 0 0 0 15 0 0 0 0 0 12 0 14 0 5 0 0 0 0 0 0 5 10 18 0 0 0 0 18 0 0
0 0 0 0 19 0 16 0 0 0 2 0 0 0 0 5 0 8 5 7 0 17 0 14 0 0 0 0 0 0 0 6 2 17 0 0 0 0 0 0 0 6 0 12 16 13 0 10 0 0
0 6 0 0 0 7 14 0 0 6 0 0 0 0 0 0 10 0 0 0 0 0 16 0 7 8 4 0 0 0 0 0 0 0 0 0 4 3 0 0 12 0 0 0 0 10 0 17 7 0
0 14 0 0 0 0 0 0 6 0 0 0 15 0 0 0 18 11 0 9 0 0 10 0 0 0 0 0 0 10 9 0 0 13 0 18 16 0 0 8 0 0 0 0 0 18 12 0 0 0
8 0 0 0 17 0 17 2 0 0 0 1 3 5 0 0 3 0 0 0 9 16 0 0 0 6 0 0 0 0 16 19 0 0 0 19 0 0 0 18 0 14 0 0 0 0 0 0 0 0
0 0 0 0 0 0 0 0 0 0 1 0 6 12 0 0 0 0 0 0 9 0 16 17 0 0 0 0 8 0 0 7 0 0 0 17 0 0 0 0 0 0 0 11 14 0 0 0 0 0
0 0 9 0 0 0 0 0 0 15 3 6 0 10 8 0 15 0 0 0 0 13 19 18 0 0 19 16 3 0 0 0 3 0 0 12 0 0 0 0 7 0 0 13 0 0 0 0 0 0
0 18 12 0 0 0 0 0 0 0 5 12 10 0 14 0 0 0 0 0 0 0 16 0 0 0 6 0 18 0 17 8 5 0 16 3 0 0 0 0 19 0 0 15 0 0 0 0 0 0
0 0 13 0 0 9 0 0 0 0 0 0 8 14 0 0 0 0 0 0 0 0 5 19 0 0 11 0 0 0 0 0 0 11 0 3 0 1 9 0 0 0 0 16 11 0 0 0 0 0
0 0 0 0 0 0 0 5 0 0 0 0 0 0 0 0 0 0 0 0 0 0 0 0 15 1 0 0 0 0 0 12 0 0 0 0 0 0 0 0 0 1 0 16 0 0 0 0 5 3
0 0 4 16 0 0 0 0 10 18 3 0 15 0 0 0 0 0 0 4 17 9 0 0 0 0 0 0 2 1 9 6 0 3 0 0 6 0 0 0 3 5 0 0 0 1 0 17 0 5
0 0 3 7 0 0 0 8 0 11 0 0 0 0 0 0 0 0 0 0 0 0 0 0 0 0 12 3 0 15 3 9 0 6 0 0 0 0 0 0 0 0 0 0 5 0 0 0 5 0
0 17 0 0 0 9 9 5 0 0 0 0 0 0 0 0 0 0 0 0 0 0 0 0 0 0 0 0 0 0 0 0 3 17 17 0 0 0 4 11 0 0 0 0 0 0 13 10 0 11
0 0 0 0 0 0 0 7 0 9 0 0 0 0 0 0 4 0 0 0 0 0 0 0 0 18 2 0 0 10 0 17 0 0 0 7 0 8 1 4 0 0 0 13 0 0 0 0 0 0
3 0 0 0 4 0 0 0 0 0 9 9 0 0 0 0 17 0 0 0 0 0 2 0 0 0 10 0 0 0 0 0 0 0 0 0 0 0 0 8 0 0 0 0 0 0 11 0 9 5
13 4 19 0 0 0 0 17 0 0 16 0 13 0 0 0 9 0 0 0 0 0 0 0 0 0 7 0 0 0 0 0 0 0 0 0 5 0 0 5 0 0 0 10 19 8 8 0 0 0
0 0 5 0 0 0 0 0 16 10 0 16 19 16 5 0 0 0 0 0 2 0 0 7 17 0 0 8 0 5 0 7 18 0 5 0 0 0 0 0 0 0 7 0 4 0 0 0 0 0
0 0 0 0 0 0 15 14 0 0 0 17 18 0 19 0 0 0 0 0 0 0 7 0 19 17 0 1 0 12 0 0 0 0 0 9 0 0 11 0 0 15 0 13 3 0 0 0 14 0
0 0 0 0 2 0 0 0 7 0 0 0 0 0 0 15 0 0 0 0 0 0 17 19 0 0 3 0 7 0 4 9 6 9 0 0 0 1 0 9 0 6 0 4 1 0 0 0 15 0
4 0 0 0 0 0 0 0 8 0 6 0 0 0 0 1 0 0 0 18 0 0 0 17 0 0 0 0 0 0 0 0 13 15 0 9 0 0 0 0 0 5 3 12 0 0 0 0 7 0
0 0 0 15 10 0 0 0 4 0 0 0 19 6 11 0 0 12 0 2 10 7 0 0 3 0 0 11 0 0 0 3 0 0 0 0 0 0 16 0 0 5 0 1 0 0 0 0 0 0
14 0 0 0 0 10 0 0 0 0 0 0 16 0 0 0 0 3 0 0 0 0 8 1 0 0 11 0 0 0 0 0 0 0 16 0 13 0 0 0 0 16 7 8 2 0 12 8 1 0
0 16 5 17 0 0 0 0 0 0 0 8 3 18 0 0 2 0 0 0 0 0 0 0 7 0 0 0 0 0 0 0 0 0 0 0 8 0 13 0 9 0 0 7 0 0 13 0 0 0
0 0 0 3 0 0 12 0 0 10 0 0 0 0 0 0 1 15 0 10 0 0 5 12 0 0 0 0 0 0 4 2 0 0 0 0 5 0 0 0 0 0 0 0 0 12 0 7 0 2
0 10 0 0 1 9 0 0 0 9 16 0 0 17 0 0 9 3 0 0 0 0 0 0 4 0 0 0 0 4 0 0 0 0 0 16 7 0 0 0 0 0 9 0 0 0 0 0 0 0
0 0 4 2 1 0 14 6 0 0 19 7 0 8 0 12 6 9 0 17 0 0 7 0 9 0 3 0 0 2 0 0 0 0 0 0 14 0 3 0 0 0 0 3 0 0 0 11 0 0
8 0 0 0 0 0 0 2 0 0 0 0 3 5 0 0 0 0 3 0 0 0 18 0 6 13 0 0 0 0 0 0 0 16 0 0 0 0 1 13 0 0 0 14 17 0 0 8 15 0
0 0 0 0 6 0 5 17 0 13 0 0 0 0 11 0 3 6 17 0 0 0 0 0 9 15 0 0 0 0 0 0 16 0 1 0 0 0 0 0 0 0 0 0 6 0 0 0 0 0
0 0 0 0 0 17 0 0 0 0 0 0 0 16 0 0 0 0 17 0 0 0 5 0 0 0 0 16 0 0 0 0 0 1 0 10 0 0 0 19 0 0 0 0 12 0 0 0 0 0
10 0 0 0 0 6 0 0 0 18 19 17 12 3 3 0 0 0 0 7 0 0 0 9 0 9 0 0 0 0 16 0 0 0 10 0 0 0 0 0 8 3 16 0 13 0 0 0 0 0
19 0 0 0 19 0 0 0 4 16 0 0 0 0 0 0 6 0 0 0 0 5 0 0 0 0 0 13 8 5 7 14 0 0 0 0 0 0 0 0 19 0 0 13 0 0 0 0 19 0
7 0 0 0 0 17 0 0 3 0 0 0 0 0 1 0 0 0 0 8 0 0 0 0 1 0 0 0 0 0 0 0 0 0 0 0 0 0 0 6 0 0 0 0 4 0 0 0 0 0
1 9 16 0 3 4 0 0 0 0 0 0 0 0 9 0 0 0 4 1 0 0 0 11 0 0 16 0 13 0 0 3 1 0 0 0 0 0 0 10 0 0 15 9 0 0 0 0 0 0
0 0 7 0 0 0 0 0 0 8 18 0 0 0 0 0 0 0 11 4 8 5 0 0 9 0 0 0 0 0 0 0 13 0 19 0 0 6 10 0 5 0 14 0 0 0 10 0 19 0
0 0 0 0 6 0 5 0 12 0 0 0 7 19 0 0 3 0 0 0 0 0 0 0 0 0 0 0 9 0 0 0 0 0 0 8 19 0 0 5 0 0 0 13 6 0 8 0 0 0
0 0 0 0 0 0 10 6 0 0 14 0 0 0 0 1 5 0 0 0 0 0 0 15 6 5 5 16 0 0 0 0 0 0 0 3 0 0 0 0 0 0 0 8 17 0 11 0 0 0
0 0 0 0 0 0 18 0 0 0 0 0 0 0 0 0 0 0 0 0 0 0 7 0 0 3 0 7 0 0 9 0 0 0 0 16 0 0 15 14 0 0 0 0 0 0 17 0 0 0
5 0 0 5 0 0 0 12 0 0 0 11 13 15 16 16 0 0 0 13 0 10 0 13 4 12 1 8 7 0 0 3 14 0 0 0 13 0 9 0 13 8 0 0 0 3 0 0 0 0
0 0 0 0 0 6 0 16 0 0 0 14 0 0 11 0 0 5 0 0 0 19 4 3 1 0 0 2 0 0 0 0 17 6 12 13 0 4 0 0 6 17 0 0 0 0 0 19 5 0
6 0 19 9 0 0 0 13 10 18 0 0 0 0 0 0 1 0 0 0 0 8 0 0 0 0 0 0 0 12 0 0 0 0 0 0 0 0 0 0 0 0 0 3 0 0 11 11 0 0
1 0 0 19 7 0 0 0 0 12 0 0 0 0 0 0 0 0 13 0 11 8 0 0 0 0 0 12 13 0 0 0 0 0 0 0 0 0 0 10 8 11 17 0 0 11 0 0 1 0
10 0 0 0 0 0 18 10 17 0 0 0 0 0 0 0 17 0 10 0 0 0 0 0 0 0 0 8 0 7 0 11 8 0 0 0 0 0 0 0 0 0 0 0 19 11 0 0 0 0
0 5 12 0 0 0 0 0 7 0 0 0 0 0 0 5 0 5 0 0 9 0 0 14 15 7 0 1 0 0 0 0 15 0 0 0 19 0 0 19 0 0 0 0 5 0 1 0 0 1
0 4 0 0 16 8 0 0 0 0 0 0 0 0 0 3 5 0 11 0 5 0 0 0 0 0 0 0 0 2 0 0 0 0 0 0 0 0 0 0 0 0 0 0 0 0 0 0 1 0
