75
50
0 5 12 18 13 7 2 8 12 12 11 7 0 5 10 1 14 18 7 12 9 2 14 19 16 10 1 2 14 16 7 13 4 8 8 3 10 10 1 16 16 12 11 1 9 10 8 16 3 2
5 0 7 16 12 17 8 0 10 0 9 18 0 6 2 2 1 3 10 9 12 18 8 15 8 8 9 18 10 17 14 12 9 18 8 11 10 1 9 11 13 0 15 17 0 8 16 6 15 14
12 7 0 4 13 2 9 12 9 0 2 5 11 9 15 10 10 9 8 6 8 19 12 2 8 1 18 6 3 12 17 11 18 10 13 5 16 5 0 2 19 10 11 5 17 0 16 0 4 11
18 16 4 0 5 8 16 15 13 8 6 11 15 9 7 13 3 7 3 0 0 0 10 1 5 0 3 6 4 1 8 7 11 18 11 11 15 18 5 9 3 0 12 13 5 14 0 11 2 17
13 12 13 5 0 1 12 15 6 11 9 0 13 17 4 17 11 19 5 3 19 18 17 6 8 9 13 7 15 13 17 17 6 17 10 18 6 6 11 9 19 16 15 3 0 17 18 5 10 8
7 17 2 8 1 0 7 19 15 10 17 12 15 7 2 0 19 2 5 19 10 18 4 14 9 9 9 15 13 1 7 8 9 3 3 18 6 4 3 12 9 15 9 2 0 19 5 10 17 2
2 8 9 16 12 7 0 0 16 13 7 2 16 5 7 14 19 11 11 13 18 8 2 5 14 7 16 0 12 5 1 0 5 15 18 9 1 16 10 6 8 5 3 15 4 3 16 11 7 10
8 0 12 15 15 19 0 0 2 5 18 16 11 14 5 1 0 14 11 12 5 11 16 6 8 9 1 3 19 10 15 4 3 12 18 18 6 19 14 5 18 15 12 16 3 8 17 16 5 0
12 10 9 13 6 15 16 2 0 17 19 11 9 8 13 9 16 7 10 13 9 1 5 19 18 14 1 12 12 6 2 9 12 17 13 13 14 7 12 11 1 19 7 12 4 1 12 0 18 7
12 0 0 8 11 10 13 5 17 0 13 1 18 12 19 7 7 17 13 12 11 14 2 7 8 4 9 18 10 16 0 16 0 10 8 13 5 10 15 5 3 7 0 19 12 0 3 17 17 14
11 9 2 6 9 17 7 18 19 13 0 0 7 1 4 4 5 0 13 5 0 11 11 17 7 17 16 19 12 18 9 9 9 8 6 12 11 8 2 8 0 13 19 14 18 14 17 15 0 7
7 18 5 11 0 12 2 16 11 1 0 0 10 0 6 14 7 4 13 12 8 19 7 0 6 3 11 8 2 0 3 0 4 7 4 6 14 0 1 0 16 10 18 11 3 6 0 1 18 13
0 0 11 15 13 15 16 11 9 18 7 10 0 2 15 2 17 19 13 16 19 12 0 2 17 7 17 0 0 8 1 15 15 14 10 18 0 11 16 9 17 7 15 14 11 8 5 10 9 9
5 6 9 9 17 7 5 14 8 12 1 0 2 0 19 6 2 15 19 2 10 8 12 4 9 16 2 18 0 14 4 11 11 1 11 0 2 10 9 16 5 16 12 7 10 13 8 15 8 19
10 2 15 7 4 2 7 5 13 19 4 6 15 19 0 4 4 6 15 2 16 16 4 9 17 19 12 13 13 11 9 9 13 19 0 12 4 17 16 5 11 7 8 7 8 9 1 18 12 18
1 2 10 13 17 0 14 1 9 7 4 14 2 6 4 0 6 15 16 11 7 7 1 0 8 1 14 4 0 3 8 10 11 0 17 19 11 13 3 12 0 13 4 4 13 17 7 13 4 5
14 1 10 3 11 19 19 0 16 7 5 7 17 2 4 6 0 2 16 3 12 14 10 15 16 6 13 16 6 19 15 7 7 8 19 18 16 12 2 5 12 4 17 19 5 18 11 10 17 12
18 3 9 7 19 2 11 14 7 17 0 4 19 15 6 15 2 0 14 11 6 6 10 10 11 11 6 19 8 5 18 7 0 16 19 17 14 3 15 5 7 17 19 12 14 5 11 9 0 14
7 10 8 3 5 5 11 11 10 13 13 13 13 19 15 16 16 14 0 15 3 0 8 2 9 11 4 2 4 15 8 16 12 1 4 8 19 7 11 4 16 16 11 9 19 19 4 4 4 10
12 9 6 0 3 19 13 12 13 12 5 12 16 2 2 11 3 11 15 0 19 2 17 9 5 5 10 16 4 12 5 1 3 18 9 1 4 8 5 13 18 11 11 5 19 16 6 7 19 12
9 12 8 0 19 10 18 5 9 11 0 8 19 10 16 7 12 6 3 19 0 10 13 17 13 18 2 9 19 11 3 14 19 10 8 18 19 7 0 2 5 17 14 19 0 3 8 11 13 17
2 18 19 0 18 18 8 11 1 14 11 19 12 8 16 7 14 6 0 2 10 0 11 9 9 18 7 12 9 12 16 18 12 0 16 0 17 6 6 4 13 8 16 16 13 2 14 0 15 2
14 8 12 10 17 4 2 16 5 2 11 7 0 12 4 1 10 10 8 17 13 11 0 17 10 16 2 2 19 7 6 6 18 6 3 18 7 0 3 6 14 13 1 18 14 9 9 17 16 7
19 15 2 1 6 14 5 6 19 7 17 0 2 4 9 0 15 10 2 9 17 9 17 0 9 6 2 6 19 7 18 10 17 19 2 13 18 4 17 13 9 11 11 2 8 1 10 0 4 8
16 8 8 5 8 9 14 8 18 8 7 6 17 9 17 8 16 11 9 5 13 9 10 9 0 7 12 14 10 3 4 1 3 8 2 7 6 0 6 10 5 7 5 7 7 7 12 8 16 11
10 8 1 0 9 9 7 9 14 4 17 3 7 16 19 1 6 11 11 5 18 18 16 6 7 0 9 13 8 5 14 3 12 13 6 7 4 8 2 6 10 19 3 3 10 10 10 10 10 3
1 9 18 3 13 9 16 1 1 9 16 11 17 2 12 14 13 6 4 10 2 7 2 2 12 9 0 4 18 4 15 16 13 2 17 5 4 17 17 15 17 14 16 15 0 7 2 3 12 19
2 18 6 6 7 15 0 3 12 18 19 8 0 18 13 4 16 19 2 16 9 12 2 6 14 13 4 0 1 3 9 17 12 19 4 8 7 12 14 9 12 4 3 17 10 4 0 4 12 11
14 10 3 4 15 13 12 19 12 10 12 2 0 0 13 0 6 8 4 4 19 9 19 19 10 8 18 1 0 19 0 18 14 14 7 8 8 16 16 13 0 0 4 14 9 15 10 13 19 0
16 17 12 1 13 1 5 10 6 16 18 0 8 14 11 3 19 5 15 12 11 12 7 7 3 5 4 3 19 0 10 2 12 14 12 13 4 1 8 16 5 3 12 7 10 8 12 12 14 16
7 14 17 8 17 7 1 15 2 0 9 3 1 4 9 8 15 18 8 5 3 16 6 18 4 14 15 9 0 10 0 10 7 5 10 11 12 16 13 4 6 16 13 19 0 17 2 12 17 15
13 12 11 7 17 8 0 4 9 16 9 0 15 11 9 10 7 7 16 1 14 18 6 10 1 3 16 17 18 2 10 0 15 9 0 2 5 13 8 7 3 2 5 3 4 13 5 18 16 5
4 9 18 11 6 9 5 3 12 0 9 4 15 11 13 11 7 0 12 3 19 12 18 17 3 12 13 12 14 12 7 15 0 18 12 9 0 18 4 2 11 12 7 14 11 5 19 0 12 6
8 18 10 18 17 3 15 12 17 10 8 7 14 1 19 0 8 16 1 18 10 0 6 19 8 13 2 19 14 14 5 9 18 0 8 8 16 2 1 14 10 1 5 14 5 16 12 5 3 6
8 8 13 11 10 3 18 18 13 8 6 4 10 11 0 17 19 19 4 9 8 16 3 2 2 6 17 4 7 12 10 0 12 8 0 12 3 14 1 14 4 9 6 18 16 15 18 8 14 8
3 11 5 11 18 18 9 18 13 13 12 6 18 0 12 19 18 17 8 1 18 0 18 13 7 7 5 8 8 13 11 2 9 8 12 0 16 8 7 6 19 5 11 12 5 14 10 9 18 8
10 10 16 15 6 6 1 6 14 5 11 14 0 2 4 11 16 14 19 4 19 17 7 18 6 4 4 7 8 4 12 5 0 16 3 16 0 2 17 10 6 6 0 12 19 2 14 2 2 17
10 1 5 18 6 4 16 19 7 10 8 0 11 10 17 13 12 3 7 8 7 6 0 4 0 8 17 12 16 1 16 13 18 2 14 8 2 0 10 19 1 18 15 12 14 7 4 4 8 17
1 9 0 5 11 3 10 14 12 15 2 1 16 9 16 3 2 15 11 5 0 6 3 17 6 2 17 14 16 8 13 8 4 1 1 7 17 10 0 17 12 17 15 12 7 9 1 14 13 18
16 11 2 9 9 12 6 5 11 5 8 0 9 16 5 12 5 5 4 13 2 4 6 13 10 6 15 9 13 16 4 7 2 14 14 6 10 19 17 0 1 14 14 4 14 1 13 6 1 0
16 13 19 3 19 9 8 18 1 3 0 16 17 5 11 0 12 7 16 18 5 13 14 9 5 10 17 12 0 5 6 3 11 10 4 19 6 1 12 1 0 9 2 9 1 12 10 3 12 2
12 0 10 0 16 15 5 15 19 7 13 10 7 16 7 13 4 17 16 11 17 8 13 11 7 19 14 4 0 3 16 2 12 1 9 5 6 18 17 14 9 0 8 8 1 16 5 9 1 2
11 15 11 12 15 9 3 12 7 0 19 18 15 12 8 4 17 19 11 11 14 16 1 11 5 3 16 3 4 12 13 5 7 5 6 11 0 15 15 14 2 8 0 3 1 4 13 2 9 19
1 17 5 13 3 2 15 16 12 19 14 11 14 7 7 4 19 12 9 5 19 16 18 2 7 3 15 17 14 7 19 3 14 14 18 12 12 12 12 4 9 8 3 0 18 16 14 6 8 4
9 0 17 5 0 0 4 3 4 12 18 3 11 10 8 13 5 14 19 19 0 13 14 8 7 10 0 10 9 10 0 4 11 5 16 5 19 14 7 14 1 1 1 18 0 1 6 12 5 5
10 8 0 14 17 19 3 8 1 0 14 6 8 13 9 17 18 5 19 16 3 2 9 1 7 10 7 4 15 8 17 13 5 16 15 14 2 7 9 1 12 16 4 16 1 0 7 13 13 8
8 16 16 0 18 5 16 17 12 3 17 0 5 8 1 7 11 11 4 6 8 14 9 10 12 10 2 0 10 12 2 5 19 12 18 10 14 4 1 13 10 5 13 14 6 7 0 16 8 2
16 6 0 11 5 10 11 16 0 17 15 1 10 15 18 13 10 9 4 7 11 0 17 0 8 10 3 4 13 12 12 18 0 5 8 9 2 4 14 6 3 9 2 6 12 13 16 0 15 4
3 15 4 2 10 17 7 5 18 17 0 18 9 8 12 4 17 0 4 19 13 15 16 4 16 10 12 12 19 14 17 16 12 3 14 18 2 8 13 1 12 1 9 8 5 13 8 15 0 14
2 14 11 17 8 2 10 0 7 14 7 13 9 19 18 5 12 14 10 12 17 2 7 8 11 3 19 11 0 16 15 5 6 6 8 8 17 17 18 0 2 2 19 4 5 8 2 4 14 0
