75
50
0 13 0 16 0 0 0 8 0 0 0 0 0 0 0 0 0 0 0 11 0 0 0 0 0 0 0 3 7 0 0 9 9 0 0 0 0 0 0 5 0 0 0 0 18 0 0 10 0 0
13 0 0 0 0 15 0 0 0 0 19 0 16 0 17 0 6 0 0 0 0 0 0 0 0 0 0 10 18 0 0 1 0 2 0 11 0 19 0 0 0 13 0 0 0 0 19 0 0 0
0 0 0 0 0 10 0 0 15 0 0 5 0 0 11 0 0 0 0 0 7 0 0 0 0 6 8 0 0 0 7 0 0 14 8 0 2 0 0 15 0 0 0 19 0 0 0 1 0 0
16 0 0 0 0 0 0 19 0 0 0 0 0 0 0 0 0 9 0 0 0 0 0 0 0 0 0 0 18 0 18 0 0 0 0 0 0 0 19 0 0 0 0 7 0 0 15 15 0 0
0 0 0 0 0 0 0 0 0 0 0 17 0 2 0 0 12 0 0 3 0 0 12 7 0 0 5 7 1 0 0 15 0 0 0 17 0 0 0 0 0 10 18 0 0 6 6 0 0 0
0 15 10 0 0 0 13 6 0 0 8 0 14 0 0 12 0 0 0 0 0 0 0 0 16 0 7 0 0 0 0 11 0 0 0 0 0 0 0 7 14 17 0 0 0 0 0 4 0 0
0 0 0 0 0 13 0 8 0 0 0 0 0 16 12 4 0 0 0 0 0 1 0 0 0 0 0 2 0 0 18 0 0 6 19 7 0 3 0 0 0 12 0 0 14 0 0 0 0 8
8 0 0 19 0 6 8 0 0 0 0 0 6 0 0 0 0 2 0 3 0 19 0 0 16 0 0 16 0 0 0 0 0 0 16 1 0 0 0 0 0 18 0 0 6 0 19 0 16 0
0 0 15 0 0 0 0 0 0 1 0 0 0 0 0 0 12 0 0 6 0 0 0 13 0 7 1 0 15 0 19 0 10 0 0 0 0 0 0 0 0 0 0 0 0 0 0 0 0 0
0 0 0 0 0 0 0 0 1 0 0 0 19 0 0 0 17 0 10 0 0 0 0 12 0 0 0 0 9 0 2 2 0 0 0 0 0 0 0 0 0 0 0 0 0 0 0 0 0 9
0 19 0 0 0 8 0 0 0 0 0 8 0 0 0 0 0 0 14 5 16 0 0 0 0 0 17 0 0 0 0 0 0 0 4 0 0 6 0 0 0 0 0 4 0 6 17 0 0 0
0 0 5 0 17 0 0 0 0 0 8 0 0 0 0 0 0 0 0 14 0 0 0 0 0 0 5 0 0 0 0 18 11 0 4 0 19 0 0 9 0 4 0 0 11 0 0 0 0 0
0 16 0 0 0 14 0 6 0 19 0 0 0 0 15 0 0 0 0 1 16 0 0 0 0 12 4 0 1 9 7 0 0 0 0 0 0 0 0 14 0 7 0 0 3 13 7 4 11 0
0 0 0 0 2 0 16 0 0 0 0 0 0 0 0 0 0 0 0 0 0 0 0 4 0 18 0 0 0 0 0 0 0 18 0 0 0 0 2 0 2 3 0 18 0 0 0 0 0 4
0 17 11 0 0 0 12 0 0 0 0 0 15 0 0 13 14 0 0 19 11 0 0 0 0 0 0 16 0 0 0 19 0 0 0 17 0 11 14 0 16 0 0 18 0 0 0 11 0 3
0 0 0 0 0 12 4 0 0 0 0 0 0 0 13 0 0 0 12 0 0 0 0 0 0 0 0 11 0 10 0 0 5 0 0 13 18 0 0 3 5 18 5 0 16 10 10 5 4 1
0 6 0 0 12 0 0 0 12 17 0 0 0 0 14 0 0 0 0 0 0 0 0 0 0 0 14 1 0 0 11 12 0 5 0 0 17 14 0 14 0 1 17 4 0 0 5 0 0 0
0 0 0 9 0 0 0 2 0 0 0 0 0 0 0 0 0 0 0 14 0 0 16 14 0 5 0 0 0 0 0 10 0 0 0 0 4 0 13 0 17 0 0 0 0 4 0 0 0 0
0 0 0 0 0 0 0 0 0 10 14 0 0 0 0 12 0 0 0 0 0 0 8 0 0 9 0 0 9 0 0 0 0 0 0 0 0 0 12 0 18 0 18 0 0 0 0 0 0 0
11 0 0 0 3 0 0 3 6 0 5 14 1 0 19 0 0 14 0 0 19 10 0 19 14 1 14 0 0 0 0 0 0 19 0 0 19 0 12 0 0 0 14 3 19 0 18 5 12 0
0 0 7 0 0 0 0 0 0 0 16 0 16 0 11 0 0 0 0 19 0 0 5 17 0 16 0 0 0 8 0 0 0 0 0 0 0 0 0 2 0 9 9 0 0 0 0 0 3 0
0 0 0 0 0 0 1 19 0 0 0 0 0 0 0 0 0 0 0 10 0 0 0 0 0 0 0 0 13 0 0 0 19 0 0 0 8 9 16 0 0 0 0 0 0 0 0 0 14 0
0 0 0 0 12 0 0 0 0 0 0 0 0 0 0 0 0 16 8 0 5 0 0 0 19 12 0 0 0 9 0 0 7 0 1 17 0 0 0 0 0 13 0 16 0 0 0 13 0 0
0 0 0 0 7 0 0 0 13 12 0 0 0 4 0 0 0 14 0 19 17 0 0 0 0 0 19 0 0 0 15 0 0 0 0 0 0 0 0 0 0 0 6 0 0 0 0 0 0 0
0 0 0 0 0 16 0 16 0 0 0 0 0 0 0 0 0 0 0 14 0 0 19 0 0 15 14 0 17 0 0 19 0 7 0 0 0 0 16 0 0 0 0 11 17 9 0 0 0 0
0 0 6 0 0 0 0 0 7 0 0 0 12 18 0 0 0 5 9 1 16 0 12 0 15 0 0 0 0 0 0 0 10 0 0 1 0 0 0 0 19 19 0 0 0 12 0 0 0 0
0 0 8 0 5 7 0 0 1 0 17 5 4 0 0 0 14 0 0 14 0 0 0 19 14 0 0 17 0 15 18 0 0 11 15 0 8 19 2 0 0 0 0 0 0 0 0 0 0 17
3 10 0 0 7 0 2 16 0 0 0 0 0 0 16 11 1 0 0 0 0 0 0 0 0 0 17 0 4 8 0 0 10 0 0 0 0 0 0 0 0 0 0 0 0 0 6 0 0 0
7 18 0 18 1 0 0 0 15 9 0 0 1 0 0 0 0 0 9 0 0 13 0 0 17 0 0 4 0 16 0 0 0 0 0 0 0 0 0 0 2 0 0 0 0 0 0 18 0 0
0 0 0 0 0 0 0 0 0 0 0 0 9 0 0 10 0 0 0 0 8 0 9 0 0 0 15 8 16 0 0 15 14 0 10 18 0 4 0 8 0 6 0 0 0 0 0 1 6 0
0 0 7 18 0 0 18 0 19 2 0 0 7 0 0 0 11 0 0 0 0 0 0 15 0 0 18 0 0 0 0 0 0 0 0 10 11 17 0 8 0 0 0 0 11 18 0 0 14 2
9 1 0 0 15 11 0 0 0 2 0 18 0 0 19 0 12 10 0 0 0 0 0 0 19 0 0 0 0 15 0 0 0 0 4 3 12 0 0 0 0 0 0 11 0 0 0 5 17 0
9 0 0 0 0 0 0 0 10 0 0 11 0 0 0 5 0 0 0 0 0 19 7 0 0 10 0 10 0 14 0 0 0 0 0 0 0 0 6 0 0 0 0 0 0 0 0 0 0 0
0 2 14 0 0 0 6 0 0 0 0 0 0 18 0 0 5 0 0 19 0 0 0 0 7 0 11 0 0 0 0 0 0 0 0 0 0 0 0 1 0 0 0 0 1 14 0 0 7 0
0 0 8 0 0 0 19 16 0 0 4 4 0 0 0 0 0 0 0 0 0 0 1 0 0 0 15 0 0 10 0 4 0 0 0 0 0 0 0 1 18 7 17 0 0 0 0 0 14 0
0 11 0 0 17 0 7 1 0 0 0 0 0 0 17 13 0 0 0 0 0 0 17 0 0 1 0 0 0 18 10 3 0 0 0 0 0 0 0 8 0 0 0 0 0 0 0 0 12 0
0 0 2 0 0 0 0 0 0 0 0 19 0 0 0 18 17 4 0 19 0 8 0 0 0 0 8 0 0 0 11 12 0 0 0 0 0 2 0 8 0 0 0 6 4 0 0 0 0 10
0 19 0 0 0 0 3 0 0 0 6 0 0 0 11 0 14 0 0 0 0 9 0 0 0 0 19 0 0 4 17 0 0 0 0 0 2 0 0 0 0 0 0 0 0 0 3 0 19 15
0 0 0 19 0 0 0 0 0 0 0 0 0 2 14 0 0 13 12 12 0 16 0 0 16 0 2 0 0 0 0 0 6 0 0 0 0 0 0 0 0 0 0 17 4 0 16 0 13 0
5 0 15 0 0 7 0 0 0 0 0 9 14 0 0 3 14 0 0 0 2 0 0 0 0 0 0 0 0 8 8 0 0 1 1 8 8 0 0 0 0 0 0 0 4 0 0 0 0 7
0 0 0 0 0 14 0 0 0 0 0 0 0 2 16 5 0 17 18 0 0 0 0 0 0 19 0 0 2 0 0 0 0 0 18 0 0 0 0 0 0 0 12 0 0 0 0 0 0 13
0 13 0 0 10 17 12 18 0 0 0 4 7 3 0 18 1 0 0 0 9 0 13 0 0 19 0 0 0 6 0 0 0 0 7 0 0 0 0 0 0 0 19 0 13 2 15 0 17 18
0 0 0 0 18 0 0 0 0 0 0 0 0 0 0 5 17 0 18 14 9 0 0 6 0 0 0 0 0 0 0 0 0 0 17 0 0 0 0 0 12 19 0 8 0 6 0 0 0 0
0 0 19 7 0 0 0 0 0 0 4 0 0 18 18 0 4 0 0 3 0 0 16 0 11 0 0 0 0 0 0 11 0 0 0 0 6 0 17 0 0 0 8 0 0 16 0 0 15 0
18 0 0 0 0 0 14 6 0 0 0 11 3 0 0 16 0 0 0 19 0 0 0 0 17 0 0 0 0 0 11 0 0 1 0 0 4 0 4 4 0 13 0 0 0 18 17 8 0 0
0 0 0 0 6 0 0 0 0 0 6 0 13 0 0 10 0 4 0 0 0 0 0 0 9 12 0 0 0 0 18 0 0 14 0 0 0 0 0 0 0 2 6 16 18 0 0 0 19 0
0 19 0 15 6 0 0 19 0 0 17 0 7 0 0 10 5 0 0 18 0 0 0 0 0 0 0 6 0 0 0 0 0 0 0 0 0 3 16 0 0 15 0 0 17 0 0 0 0 0
10 0 1 15 0 4 0 0 0 0 0 0 4 0 11 5 0 0 0 5 0 0 13 0 0 0 0 0 18 1 0 5 0 0 0 0 0 0 0 0 0 0 0 0 8 0 0 0 0 0
0 0 0 0 0 0 0 16 0 0 0 0 11 0 0 4 0 0 0 12 3 14 0 0 0 0 0 0 0 6 14 17 0 7 14 12 0 19 13 0 0 17 0 15 0 19 0 0 0 0
0 0 0 0 0 0 8 0 0 9 0 0 0 4 3 1 0 0 0 0 0 0 0 0 0 0 17 0 0 0 2 0 0 0 0 0 10 15 0 7 13 18 0 0 0 0 0 0 0 0
