100
50
0 9 13 14 17 10 5 18 17 11 15 3 15 5 16 3 17 13 18 10 13 10 11 17 17 6 0 6 1 9 7 14 11 8 11 6 0 10 1 8 9 18 18 8 15 11 9 2 19 7
9 0 0 9 3 8 7 5 13 10 18 11 16 5 15 16 16 19 6 0 6 9 7 13 1 8 12 6 7 2 16 2 8 5 19 18 14 5 10 0 10 18 2 4 16 16 10 19 3 5
13 0 0 19 0 17 1 16 8 8 6 6 14 6 19 9 10 5 11 9 1 5 11 13 4 2 3 13 19 13 16 8 4 8 5 18 15 9 12 9 4 5 11 1 14 3 3 11 19 1
14 9 19 0 14 4 7 12 4 13 3 0 12 16 3 3 5 11 8 16 15 7 15 11 4 19 15 11 4 2 4 3 18 18 18 16 11 3 19 14 13 5 15 9 8 2 6 16 5 8
17 3 0 14 0 14 16 3 9 13 3 4 5 14 19 19 13 14 11 10 19 15 19 14 3 13 18 7 9 12 3 15 11 15 0 18 9 1 17 18 2 6 14 10 13 8 0 4 0 14
10 8 17 4 14 0 1 5 1 17 16 5 18 14 18 19 16 3 3 2 7 6 14 9 19 9 7 5 11 18 13 16 5 9 0 17 2 8 19 14 5 10 15 3 8 10 10 4 1 3
5 7 1 7 16 1 0 10 5 5 7 2 15 8 6 11 14 11 0 4 19 2 18 11 7 8 14 9 1 14 13 4 5 9 11 8 1 17 10 2 14 8 14 19 0 6 16 5 16 13
18 5 16 12 3 5 10 0 16 13 4 11 4 4 1 14 4 6 5 17 17 19 16 7 13 0 17 10 18 4 6 7 13 8 13 0 8 13 8 19 13 12 0 2 7 6 0 7 10 19
17 13 8 4 9 1 5 16 0 2 5 14 16 12 18 17 5 16 7 12 0 17 1 14 13 18 0 5 18 4 17 10 9 6 8 14 18 16 4 4 12 7 14 18 13 6 8 0 1 3
11 10 8 13 13 17 5 13 2 0 0 8 14 8 1 12 5 13 17 18 10 5 19 1 6 7 8 4 13 9 4 8 17 12 18 5 13 19 13 17 17 6 4 2 18 4 9 9 15 1
15 18 6 3 3 16 7 4 5 0 0 6 1 9 11 12 12 13 2 15 9 7 14 6 4 14 14 13 19 5 18 5 14 0 0 11 12 17 7 6 9 8 1 15 3 1 5 6 18 7
3 11 6 0 4 5 2 11 14 8 6 0 17 11 3 14 4 16 19 3 8 15 10 1 5 19 13 8 14 5 14 5 13 12 0 12 1 11 12 7 2 3 11 17 0 4 9 11 3 6
15 16 14 12 5 18 15 4 16 14 1 17 0 12 1 13 1 4 7 2 3 4 17 17 11 4 4 3 15 8 16 4 13 5 1 16 12 14 2 7 17 9 14 5 11 16 11 3 1 7
5 5 6 16 14 14 8 4 12 8 9 11 12 0 15 3 8 5 5 8 2 14 5 10 8 14 9 10 17 16 9 2 3 13 0 5 5 19 6 0 4 10 19 8 19 18 13 17 17 9
16 15 19 3 19 18 6 1 18 1 11 3 1 15 0 6 16 11 6 6 9 10 12 3 11 13 16 6 2 4 0 11 18 9 8 10 10 0 6 15 19 14 15 3 4 4 2 4 0 14
3 16 9 3 19 19 11 14 17 12 12 14 13 3 6 0 18 18 9 0 10 11 14 3 3 8 3 16 19 19 2 1 9 8 1 6 14 2 7 18 9 13 11 7 9 12 0 2 9 8
17 16 10 5 13 16 14 4 5 5 12 4 1 8 16 18 0 16 4 17 11 19 0 5 7 2 12 16 18 19 13 4 4 15 10 16 0 13 15 2 4 2 11 6 9 11 18 3 4 7
13 19 5 11 14 3 11 6 16 13 13 16 4 5 11 18 16 0 3 18 7 15 10 3 16 9 12 9 2 5 16 15 11 15 19 3 0 7 5 11 15 10 7 3 12 13 18 8 16 19
18 6 11 8 11 3 0 5 7 17 2 19 7 5 6 9 4 3 0 0 17 3 2 9 12 12 3 13 18 19 12 2 17 8 8 3 10 3 12 15 2 2 19 1 15 8 16 17 11 8
10 0 9 16 10 2 4 17 12 18 15 3 2 8 6 0 17 18 0 0 11 14 4 9 1 10 13 9 18 3 17 7 1 16 7 14 6 14 5 17 10 17 9 1 3 16 14 7 10 13
13 6 1 15 19 7 19 17 0 10 9 8 3 2 9 10 11 7 17 11 0 3 12 8 17 8 2 4 19 1 6 7 3 18 9 6 12 3 17 0 1 12 19 0 8 7 10 2 6 8
10 9 5 7 15 6 2 19 17 5 7 15 4 14 10 11 19 15 3 14 3 0 3 19 18 11 14 1 17 16 19 5 6 12 13 1 1 16 4 16 2 8 12 12 17 16 8 0 10 7
11 7 11 15 19 14 18 16 1 19 14 10 17 5 12 14 0 10 2 4 12 3 0 4 1 3 19 17 0 10 6 8 8 15 3 7 12 19 6 1 16 19 0 4 6 17 17 16 4 1
17 13 13 11 14 9 11 7 14 1 6 1 17 10 3 3 5 3 9 9 8 19 4 0 2 1 4 18 5 3 6 5 13 16 10 3 10 4 17 12 8 1 3 9 9 0 6 3 13 6
17 1 4 4 3 19 7 13 13 6 4 5 11 8 11 3 7 16 12 1 17 18 1 2 0 10 11 15 9 3 11 11 11 17 16 0 15 0 15 8 4 9 14 12 5 16 16 18 7 11
6 8 2 19 13 9 8 0 18 7 14 19 4 14 13 8 2 9 12 10 8 11 3 1 10 0 16 14 13 11 5 2 6 16 3 18 7 2 3 5 16 11 13 10 14 18 18 6 4 17
0 12 3 15 18 7 14 17 0 8 14 13 4 9 16 3 12 12 3 13 2 14 19 4 11 16 0 4 2 14 19 10 15 1 2 2 5 9 18 4 13 16 6 15 6 17 2 10 11 10
6 6 13 11 7 5 9 10 5 4 13 8 3 10 6 16 16 9 13 9 4 1 17 18 15 14 4 0 2 14 8 7 13 3 0 2 1 15 8 4 4 0 3 10 10 11 6 19 0 1
1 7 19 4 9 11 1 18 18 13 19 14 15 17 2 19 18 2 18 18 19 17 0 5 9 13 2 2 0 6 17 7 3 16 16 17 5 9 11 12 18 12 10 19 14 10 19 18 4 0
9 2 13 2 12 18 14 4 4 9 5 5 8 16 4 19 19 5 19 3 1 16 10 3 3 11 14 14 6 0 10 6 1 13 6 6 8 4 8 15 10 16 7 7 9 6 3 9 8 10
7 16 16 4 3 13 13 6 17 4 18 14 16 9 0 2 13 16 12 17 6 19 6 6 11 5 19 8 17 10 0 5 10 12 6 12 11 9 11 4 4 14 14 16 2 15 9 8 6 17
14 2 8 3 15 16 4 7 10 8 5 5 4 2 11 1 4 15 2 7 7 5 8 5 11 2 10 7 7 6 5 0 7 3 3 18 19 17 4 12 14 10 6 4 8 2 3 18 12 8
11 8 4 18 11 5 5 13 9 17 14 13 13 3 18 9 4 11 17 1 3 6 8 13 11 6 15 13 3 1 10 7 0 14 2 5 10 3 16 11 7 8 15 5 16 4 5 3 4 13
8 5 8 18 15 9 9 8 6 12 0 12 5 13 9 8 15 15 8 16 18 12 15 16 17 16 1 3 16 13 12 3 14 0 7 7 19 2 16 14 12 15 8 19 9 15 3 4 16 19
11 19 5 18 0 0 11 13 8 18 0 0 1 0 8 1 10 19 8 7 9 13 3 10 16 3 2 0 16 6 6 3 2 7 0 11 1 2 6 13 16 16 15 5 14 8 10 13 7 8
6 18 18 16 18 17 8 0 14 5 11 12 16 5 10 6 16 3 3 14 6 1 7 3 0 18 2 2 17 6 12 18 5 7 11 0 12 3 7 18 4 9 10 4 4 18 19 17 7 9
0 14 15 11 9 2 1 8 18 13 12 1 12 5 10 14 0 0 10 6 12 1 12 10 15 7 5 1 5 8 11 19 10 19 1 12 0 4 7 17 6 4 0 4 3 11 10 11 5 13
10 5 9 3 1 8 17 13 16 19 17 11 14 19 0 2 13 7 3 14 3 16 19 4 0 2 9 15 9 4 9 17 3 2 2 3 4 0 7 13 18 12 13 0 17 1 10 7 11 3
1 10 12 19 17 19 10 8 4 13 7 12 2 6 6 7 15 5 12 5 17 4 6 17 15 3 18 8 11 8 11 4 16 16 6 7 7 7 0 2 6 8 18 12 9 16 2 19 15 19
8 0 9 14 18 14 2 19 4 17 6 7 7 0 15 18 2 11 15 17 0 16 1 12 8 5 4 4 12 15 4 12 11 14 13 18 17 13 2 0 6 16 6 2 4 7 0 1 7 2
9 10 4 13 2 5 14 13 12 17 9 2 17 4 19 9 4 15 2 10 1 2 16 8 4 16 13 4 18 10 4 14 7 12 16 4 6 18 6 6 0 10 7 3 14 12 1 6 13 13
18 18 5 5 6 10 8 12 7 6 8 3 9 10 14 13 2 10 2 17 12 8 19 1 9 11 16 0 12 16 14 10 8 15 16 9 4 12 8 16 10 0 4 10 18 16 19 17 13 9
18 2 11 15 14 15 14 0 14 4 1 11 14 19 15 11 11 7 19 9 19 12 0 3 14 13 6 3 10 7 14 6 15 8 15 10 0 13 18 6 7 4 0 7 8 17 14 14 5 9
8 4 1 9 10 3 19 2 18 2 15 17 5 8 3 7 6 3 1 1 0 12 4 9 12 10 15 10 19 7 16 4 5 19 5 4 4 0 12 2 3 10 7 0 14 8 3 3 15 18
15 16 14 8 13 8 0 7 13 18 3 0 11 19 4 9 9 12 15 3 8 17 6 9 5 14 6 10 14 9 2 8 16 9 14 4 3 17 9 4 14 18 8 14 0 14 6 12 1 4
11 16 3 2 8 10 6 6 6 4 1 4 16 18 4 12 11 13 8 16 7 16 17 0 16 18 17 11 10 6 15 2 4 15 8 18 11 1 16 7 12 16 17 8 14 0 17 1 4 4
9 10 3 6 0 10 16 0 8 9 5 9 11 13 2 0 18 18 16 14 10 8 17 6 16 18 2 6 19 3 9 3 5 3 10 19 10 10 2 0 1 19 14 3 6 17 0 1 1 17
2 19 11 16 4 4 5 7 0 9 6 11 3 17 4 2 3 8 17 7 2 0 16 3 18 6 10 19 18 9 8 18 3 4 13 17 11 7 19 1 6 17 14 3 12 1 1 0 18 14
19 3 19 5 0 1 16 10 1 15 18 3 1 17 0 9 4 16 11 10 6 10 4 13 7 4 11 0 4 8 6 12 4 16 7 7 5 11 15 7 13 13 5 15 1 4 1 18 0 4
7 5 1 8 14 3 13 19 3 1 7 6 7 9 14 8 7 19 8 13 8 7 1 6 11 17 10 1 0 10 17 8 13 19 8 9 13 3 19 2 13 9 9 18 4 4 17 14 4 0
