100
50
0 0 0 0 14 0 0 0 0 0 0 0 0 0 0 15 0 0 10 15 0 0 13 0 1 0 19 2 0 17 0 0 15 0 0 14 0 15 0 14 0 0 0 0 0 0 0 0 12 1
0 0 0 0 19 0 0 0 9 0 0 0 0 0 0 0 10 0 0 0 0 16 0 0 0 4 0 0 16 2 4 0 3 0 5 0 8 3 0 0 8 0 7 8 0 0 0 2 8 0
0 0 0 0 0 10 0 0 7 0 0 0 0 0 0 3 0 0 0 17 0 0 0 0 4 0 0 0 0 12 0 0 0 0 0 14 0 0 7 0 12 0 0 0 2 0 0 0 0 2
0 0 0 0 14 0 0 6 0 0 0 15 12 0 0 9 0 7 7 0 0 2 0 11 0 17 0 0 17 10 4 0 0 0 0 2 17 0 0 0 9 0 0 2 14 0 0 0 0 0
14 19 0 14 0 0 9 0 0 0 0 5 2 0 2 8 0 14 0 0 17 2 9 0 4 0 5 0 0 0 0 4 0 0 14 0 0 0 0 0 0 0 5 0 0 0 13 0 14 1
0 0 10 0 0 0 2 19 15 0 0 0 14 0 0 8 0 0 0 14 0 4 0 0 0 2 0 0 8 0 0 0 0 0 0 2 12 0 18 0 0 0 0 0 0 0 13 9 0 0
0 0 0 0 9 2 0 0 0 0 0 0 0 0 2 0 0 0 8 0 9 0 0 0 0 0 0 0 0 5 0 10 0 14 0 0 0 0 0 7 0 9 0 0 0 0 10 2 4 0
0 0 0 6 0 19 0 0 0 8 18 0 0 4 15 0 0 1 0 0 0 0 0 19 0 0 0 0 0 0 0 0 0 0 0 0 0 0 12 0 0 0 0 5 17 0 0 0 0 0
0 9 7 0 0 15 0 0 0 0 8 0 13 0 0 0 0 0 0 6 0 15 0 0 5 0 0 0 0 0 15 0 15 0 0 0 0 0 0 16 0 0 0 0 0 15 3 0 0 0
0 0 0 0 0 0 0 8 0 0 0 0 0 13 3 0 0 0 0 0 0 0 0 0 0 0 0 0 5 0 0 0 8 0 0 2 3 0 3 0 19 0 0 0 12 0 0 0 1 0
0 0 0 0 0 0 0 18 8 0 0 0 0 8 15 0 0 1 0 0 0 0 0 0 0 0 0 0 5 0 5 0 0 4 2 0 0 0 0 10 4 0 0 0 4 1 0 0 11 0
0 0 0 15 5 0 0 0 0 0 0 0 0 0 10 9 13 0 0 0 0 0 0 0 0 0 5 8 0 0 0 14 16 0 18 0 0 0 0 0 0 0 8 0 0 0 0 0 3 0
0 0 0 12 2 14 0 0 13 0 0 0 0 0 13 3 0 0 19 14 0 0 0 0 0 0 0 0 0 0 0 17 4 5 0 6 0 0 0 10 0 12 14 0 10 0 0 17 0 0
0 0 0 0 0 0 0 4 0 13 8 0 0 0 0 0 0 0 15 0 0 0 0 0 18 0 0 0 0 0 0 0 0 0 0 0 0 11 0 0 0 0 12 0 0 0 0 0 0 0
0 0 0 0 2 0 2 15 0 3 15 10 13 0 0 0 0 0 0 0 0 0 0 6 16 13 8 0 0 0 0 9 10 0 2 0 0 18 0 0 0 0 0 0 0 0 0 0 0 0
15 0 3 9 8 8 0 0 0 0 0 9 3 0 0 0 0 0 3 0 13 4 6 0 17 13 0 0 8 0 3 0 0 15 0 0 0 0 15 0 0 17 7 0 0 0 0 0 0 0
0 10 0 0 0 0 0 0 0 0 0 13 0 0 0 0 0 0 0 0 0 5 14 0 0 0 16 0 0 0 0 0 0 0 0 0 16 16 0 0 12 0 0 0 0 0 0 0 0 0
0 0 0 7 14 0 0 1 0 0 1 0 0 0 0 0 0 0 0 17 0 0 0 0 2 0 19 0 13 0 0 0 3 0 0 0 10 0 0 0 0 0 0 0 0 0 11 0 10 9
10 0 0 7 0 0 8 0 0 0 0 0 19 15 0 3 0 0 0 9 0 0 0 0 14 0 0 0 0 0 0 0 0 0 0 8 0 3 18 19 0 0 0 0 7 0 0 15 0 0
15 0 17 0 0 14 0 0 6 0 0 0 14 0 0 0 0 17 9 0 0 0 0 0 0 12 4 0 7 0 8 0 9 10 0 0 18 5 4 0 12 0 0 0 0 0 0 19 0 0
0 0 0 0 17 0 9 0 0 0 0 0 0 0 0 13 0 0 0 0 0 0 14 0 0 0 6 0 18 0 7 0 0 0 0 0 0 0 0 0 0 2 0 0 0 17 0 0 0 0
0 16 0 2 2 4 0 0 15 0 0 0 0 0 0 4 5 0 0 0 0 0 0 0 0 0 0 0 0 17 0 0 1 13 0 0 0 0 0 0 0 0 0 0 0 0 6 4 4 2
13 0 0 0 9 0 0 0 0 0 0 0 0 0 0 6 14 0 0 0 14 0 0 0 10 0 0 0 0 0 0 2 11 0 0 0 0 0 0 17 0 0 0 6 0 5 13 0 0 0
0 0 0 11 0 0 0 19 0 0 0 0 0 0 6 0 0 0 0 0 0 0 0 0 11 0 2 0 0 0 0 18 0 9 0 7 0 0 0 11 0 17 0 0 0 7 0 3 0 0
1 0 4 0 4 0 0 0 5 0 0 0 0 18 16 17 0 2 14 0 0 0 10 11 0 0 0 0 12 6 0 13 0 0 0 5 0 0 11 0 0 0 8 0 0 15 0 0 0 0
0 4 0 17 0 2 0 0 0 0 0 0 0 0 13 13 0 0 0 12 0 0 0 0 0 0 0 0 0 0 12 0 4 0 0 0 11 0 0 13 11 0 0 0 3 0 10 5 19 0
19 0 0 0 5 0 0 0 0 0 0 5 0 0 8 0 16 19 0 4 6 0 0 2 0 0 0 0 0 5 0 0 7 8 0 5 0 0 0 0 12 2 0 0 10 10 0 0 0 11
2 0 0 0 0 0 0 0 0 0 0 8 0 0 0 0 0 0 0 0 0 0 0 0 0 0 0 0 0 0 0 0 15 0 0 0 0 5 8 6 0 0 0 8 0 0 7 0 0 0
0 16 0 17 0 8 0 0 0 5 5 0 0 0 0 8 0 13 0 7 18 0 0 0 12 0 0 0 0 0 19 0 0 0 0 0 11 0 0 17 13 18 0 16 12 0 2 15 0 0
17 2 12 10 0 0 5 0 0 0 0 0 0 0 0 0 0 0 0 0 0 17 0 0 6 0 5 0 0 0 0 0 0 6 0 0 0 0 0 0 4 0 0 0 19 0 0 0 0 0
0 4 0 4 0 0 0 0 15 0 5 0 0 0 0 3 0 0 0 8 7 0 0 0 0 12 0 0 19 0 0 0 0 0 0 0 15 0 0 0 0 0 2 16 0 0 0 0 0 0
0 0 0 0 4 0 10 0 0 0 0 14 17 0 9 0 0 0 0 0 0 0 2 18 13 0 0 0 0 0 0 0 0 10 0 0 0 0 7 0 0 6 0 0 10 0 0 19 0 0
15 3 0 0 0 0 0 0 15 8 0 16 4 0 10 0 0 3 0 9 0 1 11 0 0 4 7 15 0 0 0 0 0 0 0 0 11 0 0 0 0 0 0 16 0 0 0 0 0 0
0 0 0 0 0 0 14 0 0 0 4 0 5 0 0 15 0 0 0 10 0 13 0 9 0 0 8 0 0 6 0 10 0 0 9 0 0 0 0 0 0 0 0 0 0 0 0 9 2 17
0 5 0 0 14 0 0 0 0 0 2 18 0 0 2 0 0 0 0 0 0 0 0 0 0 0 0 0 0 0 0 0 0 9 0 0 17 0 0 0 0 0 0 0 4 0 0 0 7 0
14 0 14 2 0 2 0 0 0 2 0 0 6 0 0 0 0 0 8 0 0 0 0 7 5 0 5 0 0 0 0 0 0 0 0 0 0 11 0 0 0 0 19 0 8 0 0 0 9 0
0 8 0 17 0 12 0 0 0 3 0 0 0 0 0 0 16 10 0 18 0 0 0 0 0 11 0 0 11 0 15 0 11 0 17 0 0 0 0 0 0 0 0 3 12 18 7 0 0 0
15 3 0 0 0 0 0 0 0 0 0 0 0 11 18 0 16 0 3 5 0 0 0 0 0 0 0 5 0 0 0 0 0 0 0 11 0 0 0 15 19 0 0 0 0 19 0 0 0 16
0 0 7 0 0 18 0 12 0 3 0 0 0 0 0 15 0 0 18 4 0 0 0 0 11 0 0 8 0 0 0 7 0 0 0 0 0 0 0 6 3 9 0 0 13 19 0 11 0 0
14 0 0 0 0 0 7 0 16 0 10 0 10 0 0 0 0 0 19 0 0 0 17 11 0 13 0 6 17 0 0 0 0 0 0 0 0 15 6 0 2 0 11 0 0 0 0 0 0 0
0 8 12 9 0 0 0 0 0 19 4 0 0 0 0 0 12 0 0 12 0 0 0 0 0 11 12 0 13 4 0 0 0 0 0 0 0 19 3 2 0 0 0 18 0 2 0 0 0 0
0 0 0 0 0 0 9 0 0 0 0 0 12 0 0 17 0 0 0 0 2 0 0 17 0 0 2 0 18 0 0 6 0 0 0 0 0 0 9 0 0 0 15 11 0 0 0 14 13 0
0 7 0 0 5 0 0 0 0 0 0 8 14 12 0 7 0 0 0 0 0 0 0 0 8 0 0 0 0 0 2 0 0 0 0 19 0 0 0 11 0 15 0 0 0 0 0 5 0 0
0 8 0 2 0 0 0 5 0 0 0 0 0 0 0 0 0 0 0 0 0 0 6 0 0 0 0 8 16 0 16 0 16 0 0 0 3 0 0 0 18 11 0 0 12 0 0 0 0 2
0 0 2 14 0 0 0 17 0 12 4 0 10 0 0 0 0 0 7 0 0 0 0 0 0 3 10 0 12 19 0 10 0 0 4 8 12 0 13 0 0 0 0 12 0 0 0 0 0 0
0 0 0 0 0 0 0 0 15 0 1 0 0 0 0 0 0 0 0 0 17 0 5 7 15 0 10 0 0 0 0 0 0 0 0 0 18 19 19 0 2 0 0 0 0 0 0 0 12 0
0 0 0 0 13 13 10 0 3 0 0 0 0 0 0 0 0 11 0 0 0 6 13 0 0 10 0 7 2 0 0 0 0 0 0 0 7 0 0 0 0 0 0 0 0 0 0 0 6 2
0 2 0 0 0 9 2 0 0 0 0 0 17 0 0 0 0 0 15 19 0 4 0 3 0 5 0 0 15 0 0 19 0 9 0 0 0 0 11 0 0 14 5 0 0 0 0 0 17 0
12 8 0 0 14 0 4 0 0 1 11 3 0 0 0 0 0 10 0 0 0 4 0 0 0 19 0 0 0 0 0 0 0 2 7 9 0 0 0 0 0 13 0 0 0 12 6 17 0 0
1 0 2 0 1 0 0 0 0 0 0 0 0 0 0 0 0 9 0 0 0 2 0 0 0 0 11 0 0 0 0 0 0 17 0 0 0 16 0 0 0 0 0 2 0 0 2 0 0 0
