50
50
0 14 14 5 14 13 0 5 12 13 6 11 18 16 4 0 11 0 4 16 17 1 18 9 15 0 11 0 14 16 9 12 19 11 15 14 16 6 2 5 1 0 16 1 10 7 13 16 5 10
14 0 3 9 0 15 2 10 9 3 12 2 11 18 2 15 19 8 2 3 8 9 19 0 14 8 16 7 13 2 17 18 19 19 13 7 10 1 14 1 5 1 19 0 10 14 5 1 2 19
14 3 0 1 2 17 18 17 1 15 9 16 8 1 12 17 19 3 10 7 14 8 9 7 1 17 4 2 11 14 13 14 8 6 17 12 2 8 6 6 0 3 17 1 15 2 16 3 9 16
5 9 1 0 7 11 11 19 16 13 18 10 14 12 19 8 9 7 2 11 12 8 15 11 15 8 8 4 2 14 2 7 13 17 13 0 8 11 17 14 1 7 0 19 6 16 6 13 6 0
14 0 2 7 0 9 16 7 19 1 4 15 14 8 5 3 9 9 19 10 1 2 0 1 1 1 12 10 13 9 1 9 6 11 4 7 9 15 6 0 0 0 18 19 19 8 19 6 12 17
13 15 17 11 9 0 14 8 9 19 1 5 13 4 19 1 11 11 1 14 8 3 11 17 2 3 19 11 2 7 18 14 12 9 1 12 1 10 10 8 0 1 15 3 15 19 10 18 7 9
0 2 18 11 16 14 0 6 9 0 4 1 12 13 4 19 9 13 7 14 6 19 15 7 13 11 0 4 13 15 16 10 15 2 2 10 19 4 9 5 14 17 1 12 16 17 4 2 11 7
5 10 17 19 7 8 6 0 2 1 6 15 8 15 14 14 12 2 9 13 2 6 0 10 12 6 10 2 15 17 15 12 12 17 15 1 4 19 4 14 8 5 13 2 2 14 2 16 11 14
12 9 1 16 19 9 9 2 0 2 16 19 14 17 10 5 12 18 8 7 4 9 18 19 4 17 5 7 0 3 15 15 16 12 13 13 13 4 19 9 2 12 12 14 8 17 16 17 13 8
13 3 15 13 1 19 0 1 2 0 0 1 17 15 5 4 13 0 11 5 7 12 6 17 18 5 4 7 4 19 9 7 10 8 2 18 18 7 15 18 17 2 15 15 14 15 12 19 14 5
6 12 9 18 4 1 4 6 16 0 0 5 15 5 5 12 6 1 17 2 1 12 13 14 0 11 0 15 1 0 15 5 11 8 4 3 9 16 13 14 7 2 7 1 19 4 15 14 2 7
11 2 16 10 15 5 1 15 19 1 5 0 16 2 11 7 1 12 14 10 19 14 8 8 10 15 6 16 3 16 0 19 11 5 11 1 10 17 9 14 3 10 14 13 19 8 15 2 13 1
18 11 8 14 14 13 12 8 14 17 15 16 0 9 0 16 10 11 19 19 5 14 10 7 14 8 14 4 6 11 18 6 1 9 5 12 11 11 1 17 19 0 19 19 16 17 16 14 18 3
16 18 1 12 8 4 13 15 17 15 5 2 9 0 2 18 1 7 7 19 13 16 14 17 13 14 5 8 14 6 2 10 16 12 6 2 10 17 13 1 9 5 10 10 1 13 10 6 9 4
4 2 12 19 5 19 4 14 10 5 5 11 0 2 0 2 10 5 12 1 12 14 7 7 14 11 14 19 4 19 19 12 17 10 16 4 18 16 10 19 3 16 7 4 5 18 17 1 15 18
0 15 17 8 3 1 19 14 5 4 12 7 16 18 2 0 3 5 17 18 13 2 6 7 5 7 2 18 6 13 8 2 14 11 11 5 18 9 11 14 0 15 15 11 0 19 8 15 11 2
11 19 19 9 9 11 9 12 12 13 6 1 10 1 10 3 0 2 14 13 10 1 4 11 17 6 12 1 15 14 12 5 15 7 7 0 6 9 18 0 11 11 13 3 14 10 10 16 3 10
0 8 3 7 9 11 13 2 18 0 1 12 11 7 5 5 2 0 7 15 12 10 16 19 7 8 3 16 6 9 0 10 15 7 18 12 7 18 13 3 0 7 15 11 13 7 12 0 10 11
4 2 10 2 19 1 7 9 8 11 17 14 19 7 12 17 14 7 0 11 19 2 7 3 9 14 0 0 3 0 1 12 18 12 18 6 13 0 9 18 15 4 14 0 19 2 17 19 16 7
16 3 7 11 10 14 14 13 7 5 2 10 19 19 1 18 13 15 11 0 0 11 1 15 8 0 15 3 15 14 3 3 13 13 1 16 2 0 15 2 0 15 12 10 6 13 18 1 4 7
17 8 14 12 1 8 6 2 4 7 1 19 5 13 12 13 10 12 19 0 0 17 2 3 2 8 17 19 13 19 13 7 13 5 13 17 10 10 5 18 9 2 18 16 6 12 1 9 3 6
1 9 8 8 2 3 19 6 9 12 12 14 14 16 14 2 1 10 2 11 17 0 17 16 18 3 10 5 14 16 16 7 15 0 18 9 5 3 17 13 4 3 6 0 5 0 0 2 10 14
18 19 9 15 0 11 15 0 18 6 13 8 10 14 7 6 4 16 7 1 2 17 0 3 12 11 16 5 6 16 1 19 5 0 6 16 16 19 0 18 12 17 2 9 2 7 16 10 7 5
9 0 7 11 1 17 7 10 19 17 14 8 7 17 7 7 11 19 3 15 3 16 3 0 12 16 4 19 12 14 16 3 4 1 16 18 0 16 4 16 0 6 8 15 17 16 17 10 6 4
15 14 1 15 1 2 13 12 4 18 0 10 14 13 14 5 17 7 9 8 2 18 12 12 0 4 12 13 18 15 0 18 12 2 5 5 13 9 19 4 12 18 19 11 7 8 13 3 1 7
0 8 17 8 1 3 11 6 17 5 11 15 8 14 11 7 6 8 14 0 8 3 11 16 4 0 3 1 3 0 13 1 0 5 12 11 7 19 7 18 19 4 1 0 15 0 1 12 18 12
11 16 4 8 12 19 0 10 5 4 0 6 14 5 14 2 12 3 0 15 17 10 16 4 12 3 0 18 17 18 4 2 9 18 5 3 15 10 10 19 0 11 7 11 4 7 2 10 10 16
0 7 2 4 10 11 4 2 7 7 15 16 4 8 19 18 1 16 0 3 19 5 5 19 13 1 18 0 1 3 11 2 10 2 17 6 16 0 11 7 3 7 2 15 3 12 16 5 13 4
14 13 11 2 13 2 13 15 0 4 1 3 6 14 4 6 15 6 3 15 13 14 6 12 18 3 17 1 0 19 9 10 2 14 9 19 7 7 9 18 4 9 4 8 18 15 3 5 9 4
16 2 14 14 9 7 15 17 3 19 0 16 11 6 19 13 14 9 0 14 19 16 16 14 15 0 18 3 19 0 18 6 6 1 5 11 4 19 9 18 19 10 17 6 1 15 15 8 13 7
9 17 13 2 1 18 16 15 15 9 15 0 18 2 19 8 12 0 1 3 13 16 1 16 0 13 4 11 9 18 0 10 0 14 11 0 6 0 2 1 6 7 19 13 0 19 12 1 5 13
12 18 14 7 9 14 10 12 15 7 5 19 6 10 12 2 5 10 12 3 7 7 19 3 18 1 2 2 10 6 10 0 18 6 12 10 14 4 13 7 1 17 0 17 2 11 7 19 1 10
19 19 8 13 6 12 15 12 16 10 11 11 1 16 17 14 15 15 18 13 13 15 5 4 12 0 9 10 2 6 0 18 0 2 12 11 13 9 18 11 2 17 17 2 3 16 11 9 12 3
11 19 6 17 11 9 2 17 12 8 8 5 9 12 10 11 7 7 12 13 5 0 0 1 2 5 18 2 14 1 14 6 2 0 16 13 18 18 10 6 17 19 17 2 5 0 2 7 10 11
15 13 17 13 4 1 2 15 13 2 4 11 5 6 16 11 7 18 18 1 13 18 6 16 5 12 5 17 9 5 11 12 12 16 0 1 8 8 3 18 0 14 0 8 18 17 19 5 8 7
14 7 12 0 7 12 10 1 13 18 3 1 12 2 4 5 0 12 6 16 17 9 16 18 5 11 3 6 19 11 0 10 11 13 1 0 13 11 9 7 2 1 18 15 13 8 10 0 12 15
16 10 2 8 9 1 19 4 13 18 9 10 11 10 18 18 6 7 13 2 10 5 16 0 13 7 15 16 7 4 6 14 13 18 8 13 0 16 18 4 13 15 17 6 3 6 19 13 16 15
6 1 8 11 15 10 4 19 4 7 16 17 11 17 16 9 9 18 0 0 10 3 19 16 9 19 10 0 7 19 0 4 9 18 8 11 16 0 0 13 14 16 8 17 16 18 6 19 0 16
2 14 6 17 6 10 9 4 19 15 13 9 1 13 10 11 18 13 9 15 5 17 0 4 19 7 10 11 9 9 2 13 18 10 3 9 18 0 0 1 19 12 8 15 4 13 0 8 18 11
5 1 6 14 0 8 5 14 9 18 14 14 17 1 19 14 0 3 18 2 18 13 18 16 4 18 19 7 18 18 1 7 11 6 18 7 4 13 1 0 3 8 11 1 3 1 7 12 1 13
1 5 0 1 0 0 14 8 2 17 7 3 19 9 3 0 11 0 15 0 9 4 12 0 12 19 0 3 4 19 6 1 2 17 0 2 13 14 19 3 0 15 2 10 17 9 0 12 14 19
0 1 3 7 0 1 17 5 12 2 2 10 0 5 16 15 11 7 4 15 2 3 17 6 18 4 11 7 9 10 7 17 17 19 14 1 15 16 12 8 15 0 2 5 10 16 1 7 10 1
16 19 17 0 18 15 1 13 12 15 7 14 19 10 7 15 13 15 14 12 18 6 2 8 19 1 7 2 4 17 19 0 17 17 0 18 17 8 8 11 2 2 0 2 19 13 0 3 0 15
1 0 1 19 19 3 12 2 14 15 1 13 19 10 4 11 3 11 0 10 16 0 9 15 11 0 11 15 8 6 13 17 2 2 8 15 6 17 15 1 10 5 2 0 0 10 11 12 10 8
10 10 15 6 19 15 16 2 8 14 19 19 16 1 5 0 14 13 19 6 6 5 2 17 7 15 4 3 18 1 0 2 3 5 18 13 3 16 4 3 17 10 19 0 0 15 6 15 0 11
7 14 2 16 8 19 17 14 17 15 4 8 17 13 18 19 10 7 2 13 12 0 7 16 8 0 7 12 15 15 19 11 16 0 17 8 6 18 13 1 9 16 13 10 15 0 18 9 1 4
13 5 16 6 19 10 4 2 16 12 15 15 16 10 17 8 10 12 17 18 1 0 16 17 13 1 2 16 3 15 12 7 11 2 19 10 19 6 0 7 0 1 0 11 6 18 0 7 10 15
16 1 3 13 6 18 2 16 17 19 14 2 14 6 1 15 16 0 19 1 9 2 10 10 3 12 10 5 5 8 1 19 9 7 5 0 13 19 8 12 12 7 3 12 15 9 7 0 15 13
5 2 9 6 12 7 11 11 13 14 2 13 18 9 15 11 3 10 16 4 3 10 7 6 1 18 10 13 9 13 5 1 12 10 8 12 16 0 18 1 14 10 0 10 0 1 10 15 0 0
10 19 16 0 17 9 7 14 8 5 7 1 3 4 18 2 10 11 7 7 6 14 5 4 7 12 16 4 4 7 13 10 3 11 7 15 15 16 11 13 19 1 15 8 11 4 15 13 0 0
