50
50
0 0 0 4 0 0 0 0 12 0 4 5 1 3 0 1 0 0 0 0 0 0 0 0 0 0 7 0 0 0 0 0 18 9 0 0 0 0 0 0 19 10 0 15 15 0 0 7 0 0
0 0 0 0 0 0 0 0 0 4 0 4 0 13 14 10 0 0 0 0 0 0 0 0 0 0 1 10 0 0 0 6 0 0 0 14 0 0 0 1 0 0 0 6 0 0 0 0 0 0
0 0 0 11 0 5 0 15 0 9 0 0 0 0 0 0 0 0 0 10 0 0 19 0 0 0 0 0 0 5 6 0 0 2 0 0 0 0 0 0 7 13 0 13 0 0 0 0 19 0
4 0 11 0 0 0 8 0 12 15 0 0 0 15 0 0 0 15 0 0 0 0 0 0 3 18 0 0 0 0 13 0 0 0 5 11 6 0 9 0 0 0 0 18 7 0 15 0 0 7
0 0 0 0 0 7 3 0 0 0 15 0 0 0 14 0 12 0 0 0 0 13 2 4 0 5 0 0 0 0 14 0 0 0 1 0 0 0 0 0 0 0 0 1 0 19 0 0 3 14
0 0 5 0 7 0 0 13 0 0 0 14 0 17 0 0 0 9 2 9 0 3 4 0 0 8 0 0 0 0 0 17 11 0 0 0 4 0 3 15 7 0 0 7 8 0 0 15 2 0
0 0 0 8 3 0 0 6 0 0 0 0 0 0 4 16 0 11 0 10 14 16 0 0 0 17 0 0 0 0 9 13 1 0 0 16 3 10 0 17 14 0 0 3 0 3 0 0 0 0
0 0 15 0 0 13 6 0 19 0 17 0 0 0 0 1 0 0 0 0 0 8 0 12 10 0 0 0 0 15 0 8 0 0 0 0 2 0 0 0 0 8 0 0 0 0 7 18 0 0
12 0 0 12 0 0 0 19 0 12 0 0 0 0 0 2 0 3 4 0 0 11 0 0 0 3 0 0 0 0 0 0 0 0 0 0 0 19 16 0 0 0 0 19 0 15 7 0 0 0
0 4 9 15 0 0 0 0 12 0 7 13 0 0 0 0 0 10 16 2 18 10 13 4 10 0 0 0 16 0 0 0 0 0 0 3 0 0 9 0 0 8 0 0 0 12 0 0 3 0
4 0 0 0 15 0 0 17 0 7 0 0 6 19 0 0 17 0 0 0 0 0 9 16 0 0 0 0 0 0 0 0 9 0 0 12 0 0 0 0 0 18 0 11 0 0 0 0 0 0
5 4 0 0 0 14 0 0 0 13 0 0 0 0 0 0 0 11 12 6 0 0 0 0 17 14 0 9 0 0 0 0 0 17 0 0 0 0 0 0 19 12 0 0 16 6 0 10 10 0
1 0 0 0 0 0 0 0 0 0 6 0 0 0 0 5 0 0 0 7 0 0 1 0 15 8 0 0 0 0 0 19 0 0 0 14 0 0 0 0 0 15 0 0 0 0 0 16 0 0
3 13 0 15 0 17 0 0 0 0 19 0 0 0 0 0 18 0 0 4 0 0 0 3 0 6 0 11 0 11 0 0 0 0 0 0 19 0 0 0 7 0 0 0 0 0 11 0 1 0
0 14 0 0 14 0 4 0 0 0 0 0 0 0 0 1 0 0 0 12 15 0 0 0 0 0 0 0 18 0 0 0 0 18 0 0 14 0 0 0 0 0 0 4 8 0 12 0 0 0
1 10 0 0 0 0 16 1 2 0 0 0 5 0 1 0 0 0 0 0 0 0 0 0 0 0 0 0 1 0 9 14 3 15 0 0 6 5 0 0 0 0 0 0 0 0 13 0 0 0
0 0 0 0 12 0 0 0 0 0 17 0 0 18 0 0 0 9 3 15 0 9 0 0 0 0 0 19 0 0 0 13 0 0 0 0 11 0 18 1 0 4 5 0 0 15 8 0 0 0
0 0 0 15 0 9 11 0 3 10 0 11 0 0 0 0 9 0 0 0 0 1 0 0 0 0 0 0 0 0 0 0 0 0 0 0 17 0 0 0 0 0 10 0 11 0 0 4 0 0
0 0 0 0 0 2 0 0 4 16 0 12 0 0 0 0 3 0 0 15 0 0 0 3 0 2 11 0 0 11 0 0 0 6 0 0 0 0 0 18 0 0 0 0 0 8 0 2 0 0
0 0 10 0 0 9 10 0 0 2 0 6 7 4 12 0 15 0 15 0 8 0 0 8 0 0 19 0 0 10 0 5 16 0 0 0 17 4 0 0 0 0 0 0 0 0 0 0 0 0
0 0 0 0 0 0 14 0 0 18 0 0 0 0 15 0 0 0 0 8 0 0 0 0 0 17 0 0 0 0 0 0 0 0 0 0 5 0 0 0 6 0 0 0 0 4 14 0 0 10
0 0 0 0 13 3 16 8 11 10 0 0 0 0 0 0 9 1 0 0 0 0 0 0 0 0 2 0 0 0 0 0 0 0 8 4 0 0 0 0 0 0 0 0 0 0 0 0 0 0
0 0 19 0 2 4 0 0 0 13 9 0 1 0 0 0 0 0 0 0 0 0 0 1 0 0 0 0 18 4 6 0 0 0 0 11 0 0 5 15 18 0 0 0 12 1 0 0 0 0
0 0 0 0 4 0 0 12 0 4 16 0 0 3 0 0 0 0 3 8 0 0 1 0 1 0 0 0 7 0 19 18 10 0 0 0 0 0 15 0 0 7 0 0 0 0 0 0 0 0
0 0 0 3 0 0 0 10 0 10 0 17 15 0 0 0 0 0 0 0 0 0 0 1 0 0 0 0 0 0 0 0 0 0 3 0 0 0 10 0 0 0 0 0 0 10 0 10 0 14
0 0 0 18 5 8 17 0 3 0 0 14 8 6 0 0 0 0 2 0 17 0 0 0 0 0 0 10 0 0 0 0 0 0 3 0 0 5 1 0 0 18 16 0 12 0 0 0 11 0
7 1 0 0 0 0 0 0 0 0 0 0 0 0 0 0 0 0 11 19 0 2 0 0 0 0 0 0 0 14 0 0 0 0 0 0 0 0 0 0 0 0 0 0 0 0 0 0 0 0
0 10 0 0 0 0 0 0 0 0 0 9 0 11 0 0 19 0 0 0 0 0 0 0 0 10 0 0 0 0 0 1 0 0 0 0 0 0 11 0 17 0 0 0 0 0 0 0 0 0
0 0 0 0 0 0 0 0 0 16 0 0 0 0 18 1 0 0 0 0 0 0 18 7 0 0 0 0 0 19 0 0 18 13 11 7 0 0 0 0 17 0 13 0 0 0 0 15 0 0
0 0 5 0 0 0 0 15 0 0 0 0 0 11 0 0 0 0 11 10 0 0 4 0 0 0 14 0 19 0 0 0 0 0 0 0 0 4 0 0 10 15 12 0 13 6 2 0 0 0
0 0 6 13 14 0 9 0 0 0 0 0 0 0 0 9 0 0 0 0 0 0 6 19 0 0 0 0 0 0 0 0 0 0 0 0 0 0 3 0 0 7 0 0 0 18 0 19 0 0
0 6 0 0 0 17 13 8 0 0 0 0 19 0 0 14 13 0 0 5 0 0 0 18 0 0 0 1 0 0 0 0 0 7 0 0 0 0 18 13 17 0 0 0 0 11 0 0 0 0
18 0 0 0 0 11 1 0 0 0 9 0 0 0 0 3 0 0 0 16 0 0 0 10 0 0 0 0 18 0 0 0 0 0 0 0 0 0 0 0 0 8 0 0 9 0 0 0 0 0
9 0 2 0 0 0 0 0 0 0 0 17 0 0 18 15 0 0 6 0 0 0 0 0 0 0 0 0 13 0 0 7 0 0 7 3 0 15 8 1 0 0 1 3 0 0 1 0 0 11
0 0 0 5 1 0 0 0 0 0 0 0 0 0 0 0 0 0 0 0 0 8 0 0 3 3 0 0 11 0 0 0 0 7 0 0 0 18 0 0 16 0 0 0 0 0 15 0 0 0
0 14 0 11 0 0 16 0 0 3 12 0 14 0 0 0 0 0 0 0 0 4 11 0 0 0 0 0 7 0 0 0 0 3 0 0 0 0 19 4 0 0 0 0 0 0 0 0 0 0
0 0 0 6 0 4 3 2 0 0 0 0 0 19 14 6 11 17 0 17 5 0 0 0 0 0 0 0 0 0 0 0 0 0 0 0 0 7 8 0 0 0 1 2 15 8 0 0 0 0
0 0 0 0 0 0 10 0 19 0 0 0 0 0 0 5 0 0 0 4 0 0 0 0 0 5 0 0 0 4 0 0 0 15 18 0 7 0 0 0 0 0 0 0 0 10 16 1 0 0
0 0 0 9 0 3 0 0 16 9 0 0 0 0 0 0 18 0 0 0 0 0 5 15 10 1 0 11 0 0 3 18 0 8 0 19 8 0 0 14 0 0 16 0 10 0 4 0 2 0
0 1 0 0 0 15 17 0 0 0 0 0 0 0 0 0 1 0 18 0 0 0 15 0 0 0 0 0 0 0 0 13 0 1 0 4 0 0 14 0 0 0 15 11 0 0 0 10 0 0
19 0 7 0 0 7 14 0 0 0 0 19 0 7 0 0 0 0 0 0 6 0 18 0 0 0 0 17 17 10 0 17 0 0 16 0 0 0 0 0 0 0 0 0 0 0 6 0 0 8
10 0 13 0 0 0 0 8 0 8 18 12 15 0 0 0 4 0 0 0 0 0 0 7 0 18 0 0 0 15 7 0 8 0 0 0 0 0 0 0 0 0 16 0 2 14 0 0 0 10
0 0 0 0 0 0 0 0 0 0 0 0 0 0 0 0 5 10 0 0 0 0 0 0 0 16 0 0 13 12 0 0 0 1 0 0 1 0 16 15 0 16 0 0 0 0 0 18 0 0
15 6 13 18 1 7 3 0 19 0 11 0 0 0 4 0 0 0 0 0 0 0 0 0 0 0 0 0 0 0 0 0 0 3 0 0 2 0 0 11 0 0 0 0 0 0 18 0 0 6
15 0 0 7 0 8 0 0 0 0 0 16 0 0 8 0 0 11 0 0 0 0 12 0 0 12 0 0 0 13 0 0 9 0 0 0 15 0 10 0 0 2 0 0 0 0 0 0 0 0
0 0 0 0 19 0 3 0 15 12 0 6 0 0 0 0 15 0 8 0 4 0 1 0 10 0 0 0 0 6 18 11 0 0 0 0 8 10 0 0 0 14 0 0 0 0 0 0 17 0
0 0 0 15 0 0 0 7 7 0 0 0 0 11 12 13 8 0 0 0 14 0 0 0 0 0 0 0 0 2 0 0 0 1 15 0 0 16 4 0 6 0 0 18 0 0 0 0 17 0
7 0 0 0 0 15 0 18 0 0 0 10 16 0 0 0 0 4 2 0 0 0 0 0 10 0 0 0 15 0 19 0 0 0 0 0 0 1 0 10 0 0 18 0 0 0 0 0 0 0
0 0 19 0 3 2 0 0 0 3 0 10 0 1 0 0 0 0 0 0 0 0 0 0 0 11 0 0 0 0 0 0 0 0 0 0 0 0 2 0 0 0 0 0 0 17 17 0 0 0
0 0 0 7 14 0 0 0 0 0 0 0 0 0 0 0 0 0 0 0 10 0 0 0 14 0 0 0 0 0 0 0 0 11 0 0 0 0 0 0 8 10 0 6 0 0 0 0 0 0
