50
50
0 12 0 9 3 4 13 18 10 0 1 6 11 16 6 4 15 12 8 10 12 8 2 14 12 1 14 1 14 13 12 7 13 17 12 4 13 12 19 18 13 16 14 12 9 6 11 5 12 19
12 0 19 12 2 8 12 14 12 17 7 15 8 15 13 13 8 0 5 17 11 18 11 9 13 16 8 18 3 1 11 19 2 15 7 12 18 19 11 6 19 14 7 18 0 6 15 16 2 1
0 19 0 18 0 17 18 8 5 0 17 17 7 5 15 1 14 4 7 10 4 12 14 17 14 3 10 0 19 2 10 12 14 16 7 13 7 1 10 12 10 13 0 18 18 13 0 3 5 14
9 12 18 0 2 11 15 17 2 4 8 14 4 6 17 0 13 19 5 9 6 15 18 15 2 8 1 12 4 3 19 9 16 11 19 18 7 11 13 10 13 0 14 13 4 8 12 16 7 12
3 2 0 2 0 3 17 16 2 16 15 16 18 16 13 5 11 9 14 10 0 9 14 9 18 12 17 15 16 6 12 0 6 2 5 10 2 12 12 16 10 1 18 14 4 14 15 14 0 15
4 8 17 11 3 0 5 2 10 7 14 13 11 13 19 3 8 15 19 7 6 18 2 12 17 4 5 13 15 9 5 19 19 11 0 9 2 5 12 18 16 1 16 17 15 3 11 4 11 15
13 12 18 15 17 5 0 12 14 11 13 16 7 2 10 19 2 9 11 12 15 12 6 16 15 8 9 18 0 6 1 16 6 9 12 14 13 19 0 6 9 19 5 5 18 3 19 0 6 14
18 14 8 17 16 2 12 0 1 2 5 2 17 5 14 17 11 16 12 12 9 2 4 14 2 2 7 8 16 10 5 14 13 5 6 14 17 17 11 17 15 16 17 6 1 15 16 10 1 16
10 12 5 2 2 10 14 1 0 13 8 14 17 9 4 17 2 7 0 0 7 15 0 0 17 0 12 5 1 15 4 0 9 6 15 19 18 19 4 7 15 13 12 17 17 5 3 4 16 11
0 17 0 4 16 7 11 2 13 0 16 15 17 14 14 12 19 19 12 17 10 8 2 9 1 16 18 2 11 12 16 8 18 13 16 3 6 13 7 19 16 15 10 9 0 13 10 8 13 2
1 7 17 8 15 14 13 5 8 16 0 8 6 0 5 12 1 13 15 12 2 1 7 16 1 8 8 9 19 18 15 14 14 6 9 0 19 12 4 3 12 18 10 16 2 15 15 17 6 11
6 15 17 14 16 13 16 2 14 15 8 0 10 2 1 12 6 13 14 6 2 10 9 15 5 14 2 15 0 17 12 8 12 9 14 13 15 2 3 7 17 10 9 9 14 15 15 18 8 18
11 8 7 4 18 11 7 17 17 17 6 10 0 2 14 10 16 2 11 5 18 9 3 9 3 13 15 19 1 13 8 18 14 9 10 1 5 19 1 4 2 17 11 19 17 10 5 13 0 5
16 15 5 6 16 13 2 5 9 14 0 2 2 0 3 15 14 13 16 16 1 14 2 10 12 2 12 8 8 14 4 17 4 19 0 3 1 15 19 19 11 9 9 18 4 18 9 13 3 0
6 13 15 17 13 19 10 14 4 14 5 1 14 3 0 3 3 0 17 19 0 9 15 12 15 7 19 3 6 6 14 9 0 14 16 12 6 14 19 4 18 0 3 0 17 10 0 4 5 2
4 13 1 0 5 3 19 17 17 12 12 12 10 15 3 0 16 0 10 3 19 10 0 9 11 3 15 14 9 7 15 7 6 9 6 19 15 17 18 16 12 15 9 18 0 11 17 15 1 5
15 8 14 13 11 8 2 11 2 19 1 6 16 14 3 16 0 17 6 17 7 12 17 9 9 9 6 2 18 1 7 5 5 2 1 15 17 11 10 12 3 13 17 15 4 3 18 3 3 13
12 0 4 19 9 15 9 16 7 19 13 13 2 13 0 0 17 0 12 5 7 10 11 17 7 9 9 13 5 17 9 6 19 5 15 16 3 6 8 2 13 17 3 5 3 7 12 18 19 10
8 5 7 5 14 19 11 12 0 12 15 14 11 16 17 10 6 12 0 1 5 2 6 17 18 3 15 4 19 2 6 0 16 16 16 18 18 11 19 19 11 19 18 7 14 4 3 5 17 16
10 17 10 9 10 7 12 12 0 17 12 6 5 16 19 3 17 5 1 0 4 6 17 11 3 14 6 2 16 8 13 5 11 11 13 11 5 9 3 9 2 2 18 7 2 17 5 13 13 19
12 11 4 6 0 6 15 9 7 10 2 2 18 1 0 19 7 7 5 4 0 14 6 9 15 8 4 15 14 14 2 8 14 18 8 0 14 14 0 9 13 18 19 6 1 15 6 8 12 1
8 18 12 15 9 18 12 2 15 8 1 10 9 14 9 10 12 10 2 6 14 0 18 16 12 2 7 14 15 1 10 17 15 17 0 5 2 8 11 0 19 18 11 3 4 10 15 16 18 11
2 11 14 18 14 2 6 4 0 2 7 9 3 2 15 0 17 11 6 17 6 18 0 14 14 1 2 10 19 5 13 10 13 14 14 16 17 8 6 15 9 6 14 10 0 17 3 6 0 16
14 9 17 15 9 12 16 14 0 9 16 15 9 10 12 9 9 17 17 11 9 16 14 0 7 9 1 15 3 4 19 7 14 18 5 16 3 4 10 15 6 2 11 7 10 1 3 7 4 11
12 13 14 2 18 17 15 2 17 1 1 5 3 12 15 11 9 7 18 3 15 12 14 7 0 9 9 0 11 10 13 4 8 15 19 14 7 0 0 7 5 18 2 4 10 5 10 0 3 8
1 16 3 8 12 4 8 2 0 16 8 14 13 2 7 3 9 9 3 14 8 2 1 9 9 0 7 16 10 8 19 18 3 10 11 18 4 2 8 6 10 10 19 15 17 13 6 9 18 11
14 8 10 1 17 5 9 7 12 18 8 2 15 12 19 15 6 9 15 6 4 7 2 1 9 7 0 12 2 18 6 5 12 18 10 14 18 7 3 17 12 14 2 5 13 5 9 14 17 17
1 18 0 12 15 13 18 8 5 2 9 15 19 8 3 14 2 13 4 2 15 14 10 15 0 16 12 0 4 9 6 15 1 9 12 7 7 13 19 11 12 4 2 4 13 7 18 15 9 9
14 3 19 4 16 15 0 16 1 11 19 0 1 8 6 9 18 5 19 16 14 15 19 3 11 10 2 4 0 4 13 3 6 11 19 15 4 5 11 9 15 15 5 18 7 16 11 13 5 9
13 1 2 3 6 9 6 10 15 12 18 17 13 14 6 7 1 17 2 8 14 1 5 4 10 8 18 9 4 0 14 13 19 2 4 6 11 15 16 12 14 7 7 14 11 3 18 16 17 5
12 11 10 19 12 5 1 5 4 16 15 12 8 4 14 15 7 9 6 13 2 10 13 19 13 19 6 6 13 14 0 16 15 14 9 9 19 10 13 19 6 19 14 5 12 10 1 2 10 4
7 19 12 9 0 19 16 14 0 8 14 8 18 17 9 7 5 6 0 5 8 17 10 7 4 18 5 15 3 13 16 0 5 6 16 5 15 1 14 0 9 5 19 6 12 3 3 7 3 8
13 2 14 16 6 19 6 13 9 18 14 12 14 4 0 6 5 19 16 11 14 15 13 14 8 3 12 1 6 19 15 5 0 6 13 5 4 2 8 5 16 17 1 0 4 12 1 6 12 17
17 15 16 11 2 11 9 5 6 13 6 9 9 19 14 9 2 5 16 11 18 17 14 18 15 10 18 9 11 2 14 6 6 0 16 15 2 17 10 0 11 14 2 12 13 0 14 16 4 14
12 7 7 19 5 0 12 6 15 16 9 14 10 0 16 6 1 15 16 13 8 0 14 5 19 11 10 12 19 4 9 16 13 16 0 2 2 5 11 5 17 1 2 2 15 13 6 0 18 0
4 12 13 18 10 9 14 14 19 3 0 13 1 3 12 19 15 16 18 11 0 5 16 16 14 18 14 7 15 6 9 5 5 15 2 0 3 8 10 0 17 14 6 12 11 5 16 6 2 0
13 18 7 7 2 2 13 17 18 6 19 15 5 1 6 15 17 3 18 5 14 2 17 3 7 4 18 7 4 11 19 15 4 2 2 3 0 3 13 2 15 2 10 9 10 0 2 11 11 6
12 19 1 11 12 5 19 17 19 13 12 2 19 15 14 17 11 6 11 9 14 8 8 4 0 2 7 13 5 15 10 1 2 17 5 8 3 0 12 18 2 2 18 2 4 15 2 16 4 13
19 11 10 13 12 12 0 11 4 7 4 3 1 19 19 18 10 8 19 3 0 11 6 10 0 8 3 19 11 16 13 14 8 10 11 10 13 12 0 6 7 2 17 5 5 16 8 7 8 12
18 6 12 10 16 18 6 17 7 19 3 7 4 19 4 16 12 2 19 9 9 0 15 15 7 6 17 11 9 12 19 0 5 0 5 0 2 18 6 0 8 14 0 8 19 16 18 1 7 12
13 19 10 13 10 16 9 15 15 16 12 17 2 11 18 12 3 13 11 2 13 19 9 6 5 10 12 12 15 14 6 9 16 11 17 17 15 2 7 8 0 13 18 1 9 12 0 16 5 9
16 14 13 0 1 1 19 16 13 15 18 10 17 9 0 15 13 17 19 2 18 18 6 2 18 10 14 4 15 7 19 5 17 14 1 14 2 2 2 14 13 0 3 8 16 8 1 4 3 15
14 7 0 14 18 16 5 17 12 10 10 9 11 9 3 9 17 3 18 18 19 11 14 11 2 19 2 2 5 7 14 19 1 2 2 6 10 18 17 0 18 3 0 10 7 10 19 19 18 19
12 18 18 13 14 17 5 6 17 9 16 9 19 18 0 18 15 5 7 7 6 3 10 7 4 15 5 4 18 14 5 6 0 12 2 12 9 2 5 8 1 8 10 0 11 19 0 3 1 7
9 0 18 4 4 15 18 1 17 0 2 14 17 4 17 0 4 3 14 2 1 4 0 10 10 17 13 13 7 11 12 12 4 13 15 11 10 4 5 19 9 16 7 11 0 16 19 6 7 13
6 6 13 8 14 3 3 15 5 13 15 15 10 18 10 11 3 7 4 17 15 10 17 1 5 13 5 7 16 3 10 3 12 0 13 5 0 15 16 16 12 8 10 19 16 0 12 12 15 15
11 15 0 12 15 11 19 16 3 10 15 15 5 9 0 17 18 12 3 5 6 15 3 3 10 6 9 18 11 18 1 3 1 14 6 16 2 2 8 18 0 1 19 0 19 12 0 14 18 11
5 16 3 16 14 4 0 10 4 8 17 18 13 13 4 15 3 18 5 13 8 16 6 7 0 9 14 15 13 16 2 7 6 16 0 6 11 16 7 1 16 4 19 3 6 12 14 0 10 2
12 2 5 7 0 11 6 1 16 13 6 8 0 3 5 1 3 19 17 13 12 18 0 4 3 18 17 9 5 17 10 3 12 4 18 2 11 4 8 7 5 3 18 1 7 15 18 10 0 2
19 1 14 12 15 15 14 16 11 2 11 18 5 0 2 5 13 10 16 19 1 11 16 11 8 11 17 9 9 5 4 8 17 14 0 0 6 13 12 12 9 15 19 7 13 15 11 2 2 0
