100
50
0 0 0 0 4 0 0 3 0 17 0 3 0 18 0 0 5 16 11 0 0 0 0 0 0 0 0 0 0 0 0 1 15 1 11 0 0 0 10 2 0 0 0 9 0 12 0 0 0 0
0 0 0 0 0 0 0 0 10 12 5 0 6 0 0 0 0 10 0 0 0 0 0 0 2 0 4 0 0 0 17 0 0 0 12 0 0 0 0 0 9 0 0 10 0 0 0 0 9 0
0 0 0 4 0 0 0 0 0 0 17 0 0 0 0 0 11 0 0 0 0 13 0 15 8 0 2 16 5 2 13 5 0 0 0 6 12 0 0 10 0 14 0 9 0 1 0 0 0 1
0 0 4 0 0 0 7 0 0 13 0 0 0 0 0 6 0 10 0 0 0 0 0 0 9 0 14 0 0 18 0 0 0 0 14 0 0 17 15 14 13 0 0 0 0 0 0 0 0 0
4 0 0 0 0 19 18 0 0 0 0 0 14 0 0 1 14 0 4 8 0 10 0 0 0 0 11 15 0 0 18 0 11 0 0 11 1 0 0 0 18 0 0 0 0 0 0 0 0 0
0 0 0 0 19 0 0 0 10 0 0 0 13 0 4 0 0 0 0 0 0 10 11 0 0 19 0 0 0 0 0 16 0 0 0 2 0 0 8 16 0 0 0 0 0 17 0 17 8 0
0 0 0 7 18 0 0 0 1 0 16 11 0 0 0 0 0 0 0 0 0 0 0 0 6 2 0 8 0 0 0 0 0 0 6 0 0 4 3 0 0 13 0 15 7 0 0 0 0 7
3 0 0 0 0 0 0 0 0 0 0 0 0 0 0 0 0 0 0 0 0 8 0 8 0 0 0 0 0 8 2 0 0 5 0 0 0 14 0 0 0 0 0 11 0 0 8 0 0 13
0 10 0 0 0 10 1 0 0 0 0 17 0 1 0 0 0 0 0 11 4 0 0 0 0 0 0 3 0 18 0 0 0 14 0 15 7 0 0 3 0 0 2 0 0 0 0 0 11 0
17 12 0 13 0 0 0 0 0 0 0 0 0 0 0 12 0 3 0 0 0 0 0 0 0 0 14 0 0 0 0 0 0 0 0 0 7 0 18 0 0 0 0 0 11 11 0 0 0 0
0 5 17 0 0 0 16 0 0 0 0 0 0 0 0 0 0 3 0 0 0 13 0 0 0 0 8 12 0 9 0 16 0 0 2 19 0 0 0 0 0 3 0 0 0 0 0 0 0 17
3 0 0 0 0 0 11 0 17 0 0 0 0 0 0 0 0 13 2 0 0 0 9 0 2 0 0 17 0 0 13 14 16 10 0 0 0 0 0 7 0 0 0 0 0 0 0 0 0 0
0 6 0 0 14 13 0 0 0 0 0 0 0 0 12 0 1 0 0 0 2 11 14 0 0 19 0 0 0 0 0 0 0 16 0 0 0 0 0 0 2 0 0 0 0 0 0 10 0 5
18 0 0 0 0 0 0 0 1 0 0 0 0 0 9 0 0 0 0 0 0 0 0 0 18 0 0 0 0 9 0 6 0 0 0 0 4 0 0 0 0 0 0 7 0 0 12 0 0 0
0 0 0 0 0 4 0 0 0 0 0 0 12 9 0 13 0 0 0 10 0 0 12 0 0 6 1 0 0 0 0 0 6 0 5 15 0 0 0 0 0 11 0 0 4 0 0 0 16 0
0 0 0 6 1 0 0 0 0 12 0 0 0 0 13 0 0 0 0 0 18 0 0 0 0 0 0 5 0 0 0 0 15 0 5 0 0 8 0 19 0 0 4 10 11 0 0 0 0 6
5 0 11 0 14 0 0 0 0 0 0 0 1 0 0 0 0 0 0 16 0 0 0 0 4 0 0 0 0 0 19 18 0 0 0 0 0 15 2 12 0 0 0 6 0 0 0 15 10 12
16 10 0 10 0 0 0 0 0 3 3 13 0 0 0 0 0 0 0 0 0 12 0 0 0 1 12 0 0 0 0 0 0 0 0 4 15 1 19 0 0 0 0 1 0 0 0 13 0 0
11 0 0 0 4 0 0 0 0 0 0 2 0 0 0 0 0 0 0 0 0 0 0 0 0 0 0 0 6 0 0 0 0 0 17 5 0 14 14 0 4 0 0 10 0 0 19 0 0 14
0 0 0 0 8 0 0 0 11 0 0 0 0 0 10 0 16 0 0 0 0 12 0 0 0 0 0 0 8 0 0 17 0 1 0 7 0 0 0 0 0 0 0 0 19 0 0 2 0 0
0 0 0 0 0 0 0 0 4 0 0 0 2 0 0 18 0 0 0 0 0 0 9 0 14 9 18 0 0 18 3 0 0 1 0 13 0 18 0 0 0 0 14 0 0 0 0 0 11 0
0 0 13 0 10 10 0 8 0 0 13 0 11 0 0 0 0 12 0 12 0 0 0 11 0 0 5 0 0 0 0 11 0 0 1 13 0 0 0 0 0 1 0 6 0 0 0 0 0 0
0 0 0 0 0 11 0 0 0 0 0 9 14 0 12 0 0 0 0 0 9 0 0 0 0 0 18 0 7 11 0 0 0 16 0 0 8 6 0 7 0 0 18 0 0 0 1 1 0 3
0 0 15 0 0 0 0 8 0 0 0 0 0 0 0 0 0 0 0 0 0 11 0 0 0 0 0 0 0 14 0 14 0 19 0 0 0 0 14 0 0 0 0 2 17 0 0 0 0 0
0 2 8 9 0 0 6 0 0 0 0 2 0 18 0 0 4 0 0 0 14 0 0 0 0 5 7 16 3 0 0 0 5 0 14 0 0 3 0 0 0 0 0 0 0 0 0 1 4 0
0 0 0 0 0 19 2 0 0 0 0 0 19 0 6 0 0 1 0 0 9 0 0 0 5 0 0 0 0 0 0 0 0 9 0 0 3 0 0 1 1 0 0 0 0 0 8 3 0 0
0 4 2 14 11 0 0 0 0 14 8 0 0 0 1 0 0 12 0 0 18 5 18 0 7 0 0 0 19 0 0 0 8 0 0 0 2 4 0 0 18 0 0 0 3 0 0 0 0 0
0 0 16 0 15 0 8 0 3 0 12 17 0 0 0 5 0 0 0 0 0 0 0 0 16 0 0 0 0 5 1 4 3 4 0 0 14 0 0 0 0 0 0 0 7 0 0 1 0 17
0 0 5 0 0 0 0 0 0 0 0 0 0 0 0 0 0 0 6 8 0 0 7 0 3 0 19 0 0 0 0 14 5 0 19 0 0 0 18 0 0 5 0 0 0 0 0 0 0 13
0 0 2 18 0 0 0 8 18 0 9 0 0 9 0 0 0 0 0 0 18 0 11 14 0 0 0 5 0 0 0 0 15 0 0 0 12 1 8 0 0 0 16 0 0 3 0 14 9 13
0 17 13 0 18 0 0 2 0 0 0 13 0 0 0 0 19 0 0 0 3 0 0 0 0 0 0 1 0 0 0 11 14 0 13 0 0 12 6 0 16 0 0 0 8 0 0 15 0 0
1 0 5 0 0 16 0 0 0 0 16 14 0 6 0 0 18 0 0 17 0 11 0 14 0 0 0 4 14 0 11 0 0 0 0 0 0 16 14 0 0 0 0 0 0 13 0 0 13 4
15 0 0 0 11 0 0 0 0 0 0 16 0 0 6 15 0 0 0 0 0 0 0 0 5 0 8 3 5 15 14 0 0 0 0 7 0 0 0 0 0 4 0 0 0 0 5 0 0 7
1 0 0 0 0 0 0 5 14 0 0 10 16 0 0 0 0 0 0 1 1 0 16 19 0 9 0 4 0 0 0 0 0 0 0 3 0 8 0 0 0 16 0 0 0 0 0 0 0 0
11 12 0 14 0 0 6 0 0 0 2 0 0 0 5 5 0 0 17 0 0 1 0 0 14 0 0 0 19 0 13 0 0 0 0 0 17 0 14 0 0 5 0 0 0 6 0 9 0 19
0 0 6 0 11 2 0 0 15 0 19 0 0 0 15 0 0 4 5 7 13 13 0 0 0 0 0 0 0 0 0 0 7 3 0 0 0 0 0 0 14 8 0 0 15 0 0 14 0 0
0 0 12 0 1 0 0 0 7 7 0 0 0 4 0 0 0 15 0 0 0 0 8 0 0 3 2 14 0 12 0 0 0 0 17 0 0 11 0 0 0 0 17 0 8 0 0 0 9 0
0 0 0 17 0 0 4 14 0 0 0 0 0 0 0 8 15 1 14 0 18 0 6 0 3 0 4 0 0 1 12 16 0 8 0 0 11 0 0 18 0 0 0 0 13 0 0 0 0 13
10 0 0 15 0 8 3 0 0 18 0 0 0 0 0 0 2 19 14 0 0 0 0 14 0 0 0 0 18 8 6 14 0 0 14 0 0 0 0 0 11 0 0 0 0 0 14 0 0 0
2 0 10 14 0 16 0 0 3 0 0 7 0 0 0 19 12 0 0 0 0 0 7 0 0 1 0 0 0 0 0 0 0 0 0 0 0 18 0 0 0 19 0 0 0 0 15 0 0 0
0 9 0 13 18 0 0 0 0 0 0 0 2 0 0 0 0 0 4 0 0 0 0 0 0 1 18 0 0 0 16 0 0 0 0 14 0 0 11 0 0 0 0 0 0 0 0 0 0 19
0 0 14 0 0 0 13 0 0 0 3 0 0 0 11 0 0 0 0 0 0 1 0 0 0 0 0 0 5 0 0 0 4 16 5 8 0 0 0 19 0 0 18 0 0 0 0 14 11 0
0 0 0 0 0 0 0 0 2 0 0 0 0 0 0 4 0 0 0 0 14 0 18 0 0 0 0 0 0 16 0 0 0 0 0 0 17 0 0 0 0 18 0 0 0 0 0 0 0 12
9 10 9 0 0 0 15 11 0 0 0 0 0 7 0 10 6 1 10 0 0 6 0 2 0 0 0 0 0 0 0 0 0 0 0 0 0 0 0 0 0 0 0 0 0 2 11 2 0 0
0 0 0 0 0 0 7 0 0 11 0 0 0 0 4 11 0 0 0 19 0 0 0 17 0 0 3 7 0 0 8 0 0 0 0 15 8 13 0 0 0 0 0 0 0 0 0 0 9 0
12 0 1 0 0 17 0 0 0 11 0 0 0 0 0 0 0 0 0 0 0 0 0 0 0 0 0 0 0 3 0 13 0 0 6 0 0 0 0 0 0 0 0 2 0 0 0 0 0 17
0 0 0 0 0 0 0 8 0 0 0 0 0 12 0 0 0 0 19 0 0 0 1 0 0 8 0 0 0 0 0 0 5 0 0 0 0 0 14 15 0 0 0 11 0 0 0 0 0 0
0 0 0 0 0 17 0 0 0 0 0 0 10 0 0 0 15 13 0 2 0 0 1 0 1 3 0 1 0 14 15 0 0 0 9 14 0 0 0 0 0 14 0 2 0 0 0 0 7 13
0 9 0 0 0 8 0 0 11 0 0 0 0 0 16 0 10 0 0 0 11 0 0 0 4 0 0 0 0 9 0 13 0 0 0 0 9 0 0 0 0 11 0 0 9 0 0 7 0 0
0 0 1 0 0 0 7 13 0 0 17 0 5 0 0 6 12 0 14 0 0 0 3 0 0 0 0 17 13 13 0 4 7 0 19 0 0 13 0 0 19 0 12 0 0 17 0 13 0 0
