50
50
0 0 0 17 0 0 0 0 0 0 0 0 0 0 0 0 0 0 8 0 11 0 0 0 0 15 16 0 19 0 0 0 0 0 0 0 13 0 4 0 0 0 0 16 0 0 0 0 0 8
0 0 0 16 0 17 4 0 0 0 0 0 0 0 0 0 0 13 0 0 9 0 12 0 0 17 18 0 17 6 0 0 3 12 0 9 0 0 0 3 19 0 0 0 0 5 0 0 0 6
0 0 0 0 0 0 0 0 0 14 0 9 0 0 0 0 0 0 0 0 0 0 0 4 10 2 0 0 0 0 17 0 6 0 0 3 11 0 0 0 19 4 0 0 0 14 0 0 0 0
17 16 0 0 0 0 0 0 0 8 0 3 0 0 5 0 0 0 0 4 17 16 2 0 0 0 0 0 0 0 0 19 0 18 0 0 3 0 0 16 0 12 0 0 0 0 0 12 0 0
0 0 0 0 0 0 17 0 15 0 0 0 0 0 0 5 8 0 0 0 0 0 0 0 7 0 0 0 0 0 0 0 0 0 0 0 10 0 0 0 0 15 0 0 0 0 10 0 18 0
0 17 0 0 0 0 0 0 0 5 0 0 11 0 0 0 0 1 14 0 0 0 0 0 0 14 0 0 13 0 19 0 1 0 0 12 5 3 0 0 4 13 16 0 3 14 0 0 0 0
0 4 0 0 17 0 0 0 2 9 11 0 0 0 0 18 0 13 0 0 0 0 8 0 5 0 0 0 0 0 0 0 0 0 0 0 0 0 18 15 0 0 0 18 0 0 0 0 0 0
0 0 0 0 0 0 0 0 4 0 14 0 7 0 0 16 14 0 0 0 0 0 0 13 10 2 12 0 11 10 0 0 6 12 0 0 0 0 0 0 0 0 0 0 0 0 0 10 0 0
0 0 0 0 15 0 2 4 0 6 0 0 0 0 0 0 0 0 0 0 17 0 0 0 0 7 0 0 0 11 0 0 18 0 0 4 0 18 0 0 0 16 0 0 0 0 0 0 0 0
0 0 14 8 0 5 9 0 6 0 0 0 0 0 7 0 0 0 0 0 0 0 0 0 0 0 0 14 4 12 18 13 0 0 5 12 0 15 0 0 0 16 12 0 0 5 0 0 0 0
0 0 0 0 0 0 11 14 0 0 0 1 0 0 0 1 1 0 0 0 14 0 0 0 0 0 0 0 0 3 13 0 0 0 0 0 0 17 0 0 0 0 0 0 0 0 0 7 0 19
0 0 9 3 0 0 0 0 0 0 1 0 0 0 0 0 0 7 0 0 8 0 0 0 0 9 0 10 8 19 0 0 0 0 0 13 0 9 0 0 2 0 5 3 5 0 0 8 0 0
0 0 0 0 0 11 0 7 0 0 0 0 0 5 17 0 0 0 0 0 0 0 19 0 0 0 0 0 0 0 0 0 0 0 3 0 4 12 0 0 0 0 0 0 13 0 14 0 0 19
0 0 0 0 0 0 0 0 0 0 0 0 5 0 0 0 0 14 8 0 15 0 0 0 7 0 0 0 0 7 0 0 0 0 9 0 0 0 18 0 2 0 0 0 9 0 0 0 0 0
0 0 0 5 0 0 0 0 0 7 0 0 17 0 0 6 0 0 0 1 0 0 0 0 5 0 10 13 0 0 0 0 0 0 0 0 0 0 0 19 0 0 0 17 0 10 0 0 0 17
0 0 0 0 5 0 18 16 0 0 1 0 0 0 6 0 0 0 0 11 13 4 0 0 0 0 8 18 0 0 0 2 0 6 0 0 0 0 0 10 0 3 0 0 0 0 0 7 13 0
0 0 0 0 8 0 0 14 0 0 1 0 0 0 0 0 0 12 0 3 0 1 1 0 0 0 16 0 0 0 0 0 0 0 0 0 6 0 0 0 15 0 0 4 0 16 17 18 0 13
0 13 0 0 0 1 13 0 0 0 0 7 0 14 0 0 12 0 0 0 0 0 0 0 0 0 15 0 0 0 14 0 19 0 0 0 0 2 0 12 0 0 0 0 0 0 0 0 10 13
8 0 0 0 0 14 0 0 0 0 0 0 0 8 0 0 0 0 0 1 19 0 18 0 0 17 3 6 0 18 0 0 16 1 4 0 0 0 11 0 3 0 0 0 0 0 2 0 0 0
0 0 0 4 0 0 0 0 0 0 0 0 0 0 1 11 3 0 1 0 0 0 0 0 19 0 0 0 0 0 0 0 0 0 2 0 0 3 0 0 0 0 11 0 0 0 3 0 0 0
11 9 0 17 0 0 0 0 17 0 14 8 0 15 0 13 0 0 19 0 0 0 0 19 2 0 0 19 13 0 0 0 0 13 0 0 0 7 14 16 0 0 0 9 0 8 0 15 1 0
0 0 0 16 0 0 0 0 0 0 0 0 0 0 0 4 1 0 0 0 0 0 0 10 0 0 19 0 0 0 0 0 0 0 0 0 0 11 0 0 0 0 0 0 0 0 0 0 0 0
0 12 0 2 0 0 8 0 0 0 0 0 19 0 0 0 1 0 18 0 0 0 0 0 0 0 0 0 15 0 0 0 0 0 0 8 0 9 6 0 0 0 19 13 0 0 4 0 0 0
0 0 4 0 0 0 0 13 0 0 0 0 0 0 0 0 0 0 0 0 19 10 0 0 16 0 0 0 0 2 16 0 19 0 0 0 12 0 0 2 0 0 9 8 0 0 0 7 0 0
0 0 10 0 7 0 5 10 0 0 0 0 0 7 5 0 0 0 0 19 2 0 0 16 0 4 0 0 0 0 0 13 0 0 11 0 0 0 0 1 0 0 0 14 4 6 0 0 0 0
15 17 2 0 0 14 0 2 7 0 0 9 0 0 0 0 0 0 17 0 0 0 0 0 4 0 0 0 0 0 0 18 4 0 0 9 0 2 0 0 2 0 0 0 0 0 0 0 12 2
16 18 0 0 0 0 0 12 0 0 0 0 0 0 10 8 16 15 3 0 0 19 0 0 0 0 0 14 0 0 0 0 0 1 12 6 0 0 0 11 0 8 0 0 13 0 0 15 0 0
0 0 0 0 0 0 0 0 0 14 0 10 0 0 13 18 0 0 6 0 19 0 0 0 0 0 14 0 6 0 19 0 15 5 0 10 0 13 6 0 0 0 0 0 0 0 0 5 0 0
19 17 0 0 0 13 0 11 0 4 0 8 0 0 0 0 0 0 0 0 13 0 15 0 0 0 0 6 0 0 0 0 15 11 0 17 0 0 0 0 0 0 18 0 8 0 0 0 0 0
0 6 0 0 0 0 0 10 11 12 3 19 0 7 0 0 0 0 18 0 0 0 0 2 0 0 0 0 0 0 0 0 19 0 18 0 0 3 0 0 0 0 0 0 0 0 0 8 0 0
0 0 17 0 0 19 0 0 0 18 13 0 0 0 0 0 0 14 0 0 0 0 0 16 0 0 0 19 0 0 0 0 0 0 0 0 4 0 19 0 0 3 0 0 0 0 0 0 0 0
0 0 0 19 0 0 0 0 0 13 0 0 0 0 0 2 0 0 0 0 0 0 0 0 13 18 0 0 0 0 0 0 0 0 13 0 0 0 0 0 3 0 0 0 0 0 0 16 0 0
0 3 6 0 0 1 0 6 18 0 0 0 0 0 0 0 0 19 16 0 0 0 0 19 0 4 0 15 15 19 0 0 0 5 9 0 2 0 0 0 19 10 0 0 0 0 0 15 0 0
0 12 0 18 0 0 0 12 0 0 0 0 0 0 0 6 0 0 1 0 13 0 0 0 0 0 1 5 11 0 0 0 5 0 7 0 0 0 9 0 16 17 0 0 5 0 0 1 0 0
0 0 0 0 0 0 0 0 0 5 0 0 3 9 0 0 0 0 4 2 0 0 0 0 11 0 12 0 0 18 0 13 9 7 0 18 11 12 0 9 11 0 0 0 3 4 0 15 0 0
0 9 3 0 0 12 0 0 4 12 0 13 0 0 0 0 0 0 0 0 0 0 8 0 0 9 6 10 17 0 0 0 0 0 18 0 0 17 0 1 0 0 0 0 0 0 5 11 0 0
13 0 11 3 10 5 0 0 0 0 0 0 4 0 0 0 6 0 0 0 0 0 0 12 0 0 0 0 0 0 4 0 2 0 11 0 0 1 3 0 0 0 0 0 0 0 0 0 0 2
0 0 0 0 0 3 0 0 18 15 17 9 12 0 0 0 0 2 0 3 7 11 9 0 0 2 0 13 0 3 0 0 0 0 12 17 1 0 0 0 19 0 0 0 4 0 0 0 0 0
4 0 0 0 0 0 18 0 0 0 0 0 0 18 0 0 0 0 11 0 14 0 6 0 0 0 0 6 0 0 19 0 0 9 0 0 3 0 0 0 1 0 0 0 0 5 0 0 3 0
0 3 0 16 0 0 15 0 0 0 0 0 0 0 19 10 0 12 0 0 16 0 0 2 1 0 11 0 0 0 0 0 0 0 9 1 0 0 0 0 5 0 0 0 0 1 11 18 12 0
0 19 19 0 0 4 0 0 0 0 0 2 0 2 0 0 15 0 3 0 0 0 0 0 0 2 0 0 0 0 0 3 19 16 11 0 0 19 1 5 0 0 0 4 0 2 12 0 0 0
0 0 4 12 15 13 0 0 16 16 0 0 0 0 0 3 0 0 0 0 0 0 0 0 0 0 8 0 0 0 3 0 10 17 0 0 0 0 0 0 0 0 5 0 0 0 0 0 0 9
0 0 0 0 0 16 0 0 0 12 0 5 0 0 0 0 0 0 0 11 0 0 19 9 0 0 0 0 18 0 0 0 0 0 0 0 0 0 0 0 0 5 0 0 0 0 0 0 0 0
16 0 0 0 0 0 18 0 0 0 0 3 0 0 17 0 4 0 0 0 9 0 13 8 14 0 0 0 0 0 0 0 0 0 0 0 0 0 0 0 4 0 0 0 0 0 0 1 6 0
0 0 0 0 0 3 0 0 0 0 0 5 13 9 0 0 0 0 0 0 0 0 0 0 4 0 13 0 8 0 0 0 0 5 3 0 0 4 0 0 0 0 0 0 0 19 0 16 0 0
0 5 14 0 0 14 0 0 0 5 0 0 0 0 10 0 16 0 0 0 8 0 0 0 6 0 0 0 0 0 0 0 0 0 4 0 0 0 5 1 2 0 0 0 19 0 0 0 9 12
0 0 0 0 10 0 0 0 0 0 0 0 14 0 0 0 17 0 2 3 0 0 4 0 0 0 0 0 0 0 0 0 0 0 0 5 0 0 0 11 12 0 0 0 0 0 0 0 0 0
0 0 0 12 0 0 0 10 0 0 7 8 0 0 0 7 18 0 0 0 15 0 0 7 0 0 15 5 0 8 0 16 15 1 15 11 0 0 0 18 0 0 0 1 16 0 0 0 0 0
0 0 0 0 18 0 0 0 0 0 0 0 0 0 0 13 0 10 0 0 1 0 0 0 0 12 0 0 0 0 0 0 0 0 0 0 0 0 3 12 0 0 0 6 0 9 0 0 0 0
8 6 0 0 0 0 0 0 0 0 19 0 19 0 17 0 13 13 0 0 0 0 0 0 0 2 0 0 0 0 0 0 0 0 0 0 2 0 0 0 0 9 0 0 0 12 0 0 0 0
