100
50
0 0 0 0 0 0 11 0 12 0 0 0 0 19 11 0 0 0 9 0 0 0 0 13 0 0 0 18 2 0 0 2 0 0 0 0 0 0 0 0 0 7 0 0 0 12 0 0 14 0
0 0 0 16 0 7 0 2 0 13 2 0 0 0 0 14 0 0 0 8 0 0 1 9 0 15 12 0 19 0 0 0 13 0 7 0 0 0 0 0 0 12 0 0 0 0 0 0 5 2
0 0 0 0 0 0 6 0 6 0 0 0 0 10 0 0 0 6 18 0 8 0 0 19 0 17 0 0 8 13 0 19 15 0 0 10 0 0 0 0 0 0 0 0 0 0 0 0 0 0
0 16 0 0 0 0 0 0 3 0 0 7 0 0 0 0 0 0 0 0 0 0 0 0 0 0 0 0 10 15 19 11 0 0 0 0 0 0 10 0 0 0 0 0 0 0 0 0 0 0
0 0 0 0 0 4 11 0 6 0 0 5 0 0 12 0 18 0 4 0 15 4 0 7 17 0 0 0 5 0 0 13 14 1 0 9 0 16 0 3 0 0 15 0 0 0 0 0 0 0
0 7 0 0 4 0 0 0 0 0 0 0 0 0 0 0 0 0 16 0 0 0 0 0 0 0 12 0 14 13 0 10 0 15 0 12 0 15 1 0 0 11 0 15 0 1 0 0 0 10
11 0 6 0 11 0 0 0 0 0 0 0 0 16 0 0 18 0 3 0 0 0 0 12 0 0 0 0 0 0 0 0 0 0 0 16 0 0 0 0 0 4 0 0 0 9 0 8 0 0
0 2 0 0 0 0 0 0 2 11 0 0 0 0 0 0 5 0 7 0 2 4 0 0 0 0 0 0 0 0 0 0 0 0 1 0 0 0 0 0 0 14 0 0 0 15 0 18 0 16
12 0 6 3 6 0 0 2 0 0 16 9 0 0 0 16 0 8 0 0 4 0 0 11 17 13 0 0 16 0 6 0 8 0 0 0 0 0 1 18 13 0 0 0 17 16 0 0 0 0
0 13 0 0 0 0 0 11 0 0 0 0 0 14 0 0 9 0 0 0 0 0 0 12 0 0 0 0 0 16 12 2 0 0 0 0 0 0 5 0 0 15 1 0 0 0 0 0 0 0
0 2 0 0 0 0 0 0 16 0 0 0 0 0 0 0 0 0 0 0 0 0 0 14 18 3 0 0 0 0 0 2 0 0 0 0 0 0 0 0 0 0 0 0 0 0 0 0 0 6
0 0 0 7 5 0 0 0 9 0 0 0 14 0 0 0 0 0 0 0 0 12 0 1 0 0 0 0 0 0 0 0 0 0 0 0 0 9 0 0 0 11 0 0 0 3 0 0 2 0
0 0 0 0 0 0 0 0 0 0 0 14 0 0 11 0 0 0 0 0 17 15 0 0 0 11 0 0 0 2 19 18 6 0 0 0 0 0 0 16 0 8 19 0 9 0 0 0 0 0
19 0 10 0 0 0 16 0 0 14 0 0 0 0 9 0 0 1 1 0 0 18 0 10 0 0 0 0 0 0 0 3 5 0 9 0 0 1 18 5 0 0 1 0 0 0 0 0 2 0
11 0 0 0 12 0 0 0 0 0 0 0 11 9 0 0 0 0 0 9 0 0 0 0 0 0 0 15 0 0 0 5 0 0 0 0 0 8 0 12 0 0 0 0 0 16 0 0 0 0
0 14 0 0 0 0 0 0 16 0 0 0 0 0 0 0 12 6 16 0 0 0 0 0 0 4 0 19 12 1 0 0 13 0 2 0 0 0 15 0 13 0 0 0 7 0 0 5 0 3
0 0 0 0 18 0 18 5 0 9 0 0 0 0 0 12 0 9 10 18 0 12 0 4 0 7 0 0 0 4 0 0 3 0 0 0 17 0 0 0 0 0 0 0 0 0 0 0 15 0
0 0 6 0 0 0 0 0 8 0 0 0 0 1 0 6 9 0 0 0 0 17 0 0 0 16 5 0 0 0 0 0 0 6 12 0 0 1 0 0 0 3 2 0 0 0 0 5 0 0
9 0 18 0 4 16 3 7 0 0 0 0 0 1 0 16 10 0 0 0 0 14 0 16 15 0 12 0 1 0 2 0 0 0 0 5 0 6 0 0 8 1 0 0 0 0 19 13 18 0
0 8 0 0 0 0 0 0 0 0 0 0 0 0 9 0 18 0 0 0 0 0 0 8 0 0 0 0 0 0 5 0 0 0 0 15 0 0 0 6 5 0 8 0 15 0 0 0 0 0
0 0 8 0 15 0 0 2 4 0 0 0 17 0 0 0 0 0 0 0 0 0 18 12 0 16 8 0 4 15 0 0 1 0 0 0 5 0 0 0 0 0 0 0 0 0 15 0 8 0
0 0 0 0 4 0 0 4 0 0 0 12 15 18 0 0 12 17 14 0 0 0 0 3 0 0 0 17 0 19 0 0 0 0 8 0 0 0 13 9 0 13 18 5 0 14 9 12 0 0
0 1 0 0 0 0 0 0 0 0 0 0 0 0 0 0 0 0 0 0 18 0 0 4 6 11 19 3 0 1 0 9 0 0 10 0 18 0 0 0 2 12 0 2 0 0 0 0 18 0
13 9 19 0 7 0 12 0 11 12 14 1 0 10 0 0 4 0 16 8 12 3 4 0 0 11 0 0 17 0 17 0 0 0 0 0 0 0 10 0 0 0 0 0 0 0 0 0 18 0
0 0 0 0 17 0 0 0 17 0 18 0 0 0 0 0 0 0 15 0 0 0 6 0 0 0 0 0 0 0 0 0 0 5 0 0 7 19 0 0 3 8 3 0 0 0 6 0 3 0
0 15 17 0 0 0 0 0 13 0 3 0 11 0 0 4 7 16 0 0 16 0 11 11 0 0 11 0 0 0 12 0 5 0 0 18 0 0 0 0 0 0 0 0 0 7 18 0 0 17
0 12 0 0 0 12 0 0 0 0 0 0 0 0 0 0 0 5 12 0 8 0 19 0 0 11 0 0 1 0 0 0 0 2 19 0 0 0 0 0 0 0 0 0 0 0 12 0 14 0
18 0 0 0 0 0 0 0 0 0 0 0 0 0 15 19 0 0 0 0 0 17 3 0 0 0 0 0 3 0 0 0 0 0 0 0 0 3 0 0 0 0 4 7 0 4 0 0 0 0
2 19 8 10 5 14 0 0 16 0 0 0 0 0 0 12 0 0 1 0 4 0 0 17 0 0 1 3 0 0 0 19 7 0 0 16 9 0 3 0 0 0 8 0 0 10 0 6 0 0
0 0 13 15 0 13 0 0 0 16 0 0 2 0 0 1 4 0 0 0 15 19 1 0 0 0 0 0 0 0 0 0 0 0 0 1 10 0 0 0 0 0 10 0 8 18 0 2 0 0
0 0 0 19 0 0 0 0 6 12 0 0 19 0 0 0 0 0 2 5 0 0 0 17 0 12 0 0 0 0 0 0 0 0 0 0 17 0 13 0 7 0 0 0 0 0 19 0 0 0
2 0 19 11 13 10 0 0 0 2 2 0 18 3 5 0 0 0 0 0 0 0 9 0 0 0 0 0 19 0 0 0 0 0 0 5 0 0 0 4 5 8 8 0 0 0 0 17 5 0
0 13 15 0 14 0 0 0 8 0 0 0 6 5 0 13 3 0 0 0 1 0 0 0 0 5 0 0 7 0 0 0 0 0 0 2 3 0 0 0 3 0 0 0 0 0 0 8 0 0
0 0 0 0 1 15 0 0 0 0 0 0 0 0 0 0 0 6 0 0 0 0 0 0 5 0 2 0 0 0 0 0 0 0 0 16 0 0 0 0 0 0 0 0 15 0 17 0 0 0
0 7 0 0 0 0 0 1 0 0 0 0 0 9 0 2 0 12 0 0 0 8 10 0 0 0 19 0 0 0 0 0 0 0 0 0 0 0 0 0 0 0 0 0 6 0 0 0 0 17
0 0 10 0 9 12 16 0 0 0 0 0 0 0 0 0 0 0 5 15 0 0 0 0 0 18 0 0 16 1 0 5 2 16 0 0 0 0 15 0 0 0 0 0 0 0 0 0 0 0
0 0 0 0 0 0 0 0 0 0 0 0 0 0 0 0 17 0 0 0 5 0 18 0 7 0 0 0 9 10 17 0 3 0 0 0 0 13 0 0 18 0 0 11 0 0 19 0 0 0
0 0 0 0 16 15 0 0 0 0 0 9 0 1 8 0 0 1 6 0 0 0 0 0 19 0 0 3 0 0 0 0 0 0 0 0 13 0 0 0 11 0 17 0 13 0 11 0 0 8
0 0 0 10 0 1 0 0 1 5 0 0 0 18 0 15 0 0 0 0 0 13 0 10 0 0 0 0 3 0 13 0 0 0 0 15 0 0 0 0 0 0 0 17 0 0 0 0 0 0
0 0 0 0 3 0 0 0 18 0 0 0 16 5 12 0 0 0 0 6 0 9 0 0 0 0 0 0 0 0 0 4 0 0 0 0 0 0 0 0 0 0 0 0 13 0 1 7 0 0
0 0 0 0 0 0 0 0 13 0 0 0 0 0 0 13 0 0 8 5 0 0 2 0 3 0 0 0 0 0 7 5 3 0 0 0 18 11 0 0 0 6 3 0 0 5 16 0 0 0
7 12 0 0 0 11 4 14 0 15 0 11 8 0 0 0 0 3 1 0 0 13 12 0 8 0 0 0 0 0 0 8 0 0 0 0 0 0 0 0 6 0 0 5 0 14 4 7 0 9
0 0 0 0 15 0 0 0 0 1 0 0 19 1 0 0 0 2 0 8 0 18 0 0 3 0 0 4 8 10 0 8 0 0 0 0 0 17 0 0 3 0 0 14 0 0 0 0 0 0
0 0 0 0 0 15 0 0 0 0 0 0 0 0 0 0 0 0 0 0 0 5 2 0 0 0 0 7 0 0 0 0 0 0 0 0 11 0 17 0 0 5 14 0 0 0 3 0 0 0
0 0 0 0 0 0 0 0 17 0 0 0 9 0 0 7 0 0 0 15 0 0 0 0 0 0 0 0 0 8 0 0 0 15 6 0 0 13 0 13 0 0 0 0 0 0 13 0 0 10
12 0 0 0 0 1 9 15 16 0 0 3 0 0 16 0 0 0 0 0 0 14 0 0 0 7 0 4 10 18 0 0 0 0 0 0 0 0 0 0 5 14 0 0 0 0 0 0 0 8
0 0 0 0 0 0 0 0 0 0 0 0 0 0 0 0 0 0 19 0 15 9 0 0 6 18 12 0 0 0 19 0 0 17 0 0 19 11 0 1 16 4 0 3 13 0 0 11 0 0
0 0 0 0 0 0 8 18 0 0 0 0 0 0 0 5 0 5 13 0 0 12 0 0 0 0 0 0 6 2 0 17 8 0 0 0 0 0 0 7 0 7 0 0 0 0 11 0 18 0
14 5 0 0 0 0 0 0 0 0 0 2 0 2 0 0 15 0 18 0 8 0 18 18 3 0 14 0 0 0 0 5 0 0 0 0 0 0 0 0 0 0 0 0 0 0 0 18 0 0
0 2 0 0 0 10 0 16 0 0 6 0 0 0 0 3 0 0 0 0 0 0 0 0 0 17 0 0 0 0 0 0 0 0 17 0 0 8 0 0 0 9 0 0 10 8 0 0 0 0
