50
50
0 2 13 0 17 12 14 5 10 6 0 16 9 15 4 7 3 8 0 2 5 6 11 0 9 12 3 16 2 5 17 0 5 6 18 5 4 2 10 13 6 10 15 2 15 2 16 8 11 2
2 0 3 14 13 5 15 6 7 0 6 17 10 4 7 5 7 3 6 15 5 12 18 8 14 14 9 5 17 12 19 13 1 18 14 7 2 17 19 6 9 0 17 9 13 15 5 2 12 0
13 3 0 2 0 15 2 10 10 9 7 12 12 19 5 19 14 10 15 8 5 16 3 19 6 1 12 7 11 15 1 19 8 5 8 12 1 15 2 14 11 2 3 2 2 19 10 4 10 6
0 14 2 0 7 19 2 3 2 5 19 1 5 9 3 11 4 15 14 7 18 3 8 10 6 15 2 1 13 1 0 19 19 1 11 8 14 3 9 16 7 0 1 12 9 4 17 15 16 10
17 13 0 7 0 10 11 1 10 19 8 18 0 0 16 2 17 12 11 10 12 1 11 3 5 1 9 13 5 9 6 7 18 15 13 0 6 18 3 18 6 12 0 13 14 14 17 0 10 4
12 5 15 19 10 0 17 2 11 12 13 8 15 15 18 4 10 8 14 16 10 19 15 18 10 10 11 8 6 14 17 19 16 5 12 13 8 16 4 11 7 2 19 19 19 2 18 4 4 3
14 15 2 2 11 17 0 10 13 3 18 19 4 6 14 9 10 17 0 19 13 14 16 1 6 0 5 15 10 8 14 5 4 12 13 0 1 2 4 16 0 4 12 2 10 6 3 2 3 7
5 6 10 3 1 2 10 0 1 17 2 5 14 11 16 13 6 6 11 9 4 2 9 15 11 15 14 12 1 10 8 1 15 4 9 15 11 13 6 14 10 4 17 19 9 3 11 19 13 4
10 7 10 2 10 11 13 1 0 19 8 18 7 14 15 8 15 17 13 1 5 17 1 14 8 19 12 9 12 7 14 18 4 0 9 6 5 9 5 9 14 3 19 19 12 3 3 17 1 5
6 0 9 5 19 12 3 17 19 0 18 13 3 7 8 13 17 13 9 12 10 16 11 0 1 8 8 19 2 13 12 4 11 1 17 9 1 3 0 11 17 4 17 7 6 13 11 9 15 18
0 6 7 19 8 13 18 2 8 18 0 8 12 12 2 16 10 5 15 15 4 17 7 17 3 10 11 5 17 5 3 7 11 11 12 3 8 12 7 10 5 14 3 13 4 3 15 1 13 15
16 17 12 1 18 8 19 5 18 13 8 0 2 13 16 12 3 12 14 19 0 2 3 14 4 7 5 7 15 13 5 15 11 9 7 15 18 1 16 3 5 6 2 19 16 15 2 2 9 19
9 10 12 5 0 15 4 14 7 3 12 2 0 13 13 5 9 12 16 7 2 5 19 16 13 9 13 1 11 6 18 18 7 11 13 0 15 0 19 1 7 4 5 6 19 5 12 15 6 11
15 4 19 9 0 15 6 11 14 7 12 13 13 0 6 10 16 2 3 0 11 12 10 18 12 9 0 4 7 4 11 0 7 11 16 1 3 17 13 19 0 8 17 8 4 17 3 17 1 8
4 7 5 3 16 18 14 16 15 8 2 16 13 6 0 2 18 2 0 13 3 18 7 9 18 9 12 13 16 12 19 19 17 6 16 18 7 6 11 2 10 14 5 4 1 18 8 3 17 4
7 5 19 11 2 4 9 13 8 13 16 12 5 10 2 0 11 11 8 0 9 11 15 13 12 15 12 18 19 18 18 6 5 8 9 0 17 19 6 13 9 17 2 6 9 6 4 0 2 7
3 7 14 4 17 10 10 6 15 17 10 3 9 16 18 11 0 9 4 19 4 3 11 19 9 16 14 15 18 12 6 7 14 16 19 7 5 8 5 7 17 13 19 2 15 8 14 9 3 4
8 3 10 15 12 8 17 6 17 13 5 12 12 2 2 11 9 0 7 17 10 8 5 19 14 10 4 7 0 12 19 3 8 4 6 6 1 4 17 9 18 4 18 14 5 3 19 0 1 4
0 6 15 14 11 14 0 11 13 9 15 14 16 3 0 8 4 7 0 4 18 4 7 14 7 19 15 13 12 4 1 8 18 7 7 17 17 19 11 13 17 16 13 13 11 1 16 12 12 10
2 15 8 7 10 16 19 9 1 12 15 19 7 0 13 0 19 17 4 0 13 18 18 15 2 15 1 14 19 1 17 6 16 7 2 8 5 2 0 16 14 2 19 19 4 15 5 4 18 16
5 5 5 18 12 10 13 4 5 10 4 0 2 11 3 9 4 10 18 13 0 7 18 16 10 13 1 14 2 19 18 4 10 0 8 0 15 18 19 5 13 15 8 13 12 6 6 1 0 10
6 12 16 3 1 19 14 2 17 16 17 2 5 12 18 11 3 8 4 18 7 0 13 12 1 7 19 8 19 17 7 6 7 16 14 4 7 2 2 11 9 15 8 6 18 7 0 1 8 14
11 18 3 8 11 15 16 9 1 11 7 3 19 10 7 15 11 5 7 18 18 13 0 19 0 9 0 9 13 8 12 0 15 4 7 13 14 17 1 0 8 18 14 16 14 8 0 16 3 11
0 8 19 10 3 18 1 15 14 0 17 14 16 18 9 13 19 19 14 15 16 12 19 0 7 15 6 9 6 9 17 1 0 2 1 9 7 2 4 15 8 5 15 2 6 13 12 15 15 12
9 14 6 6 5 10 6 11 8 1 3 4 13 12 18 12 9 14 7 2 10 1 0 7 0 17 18 17 11 13 18 10 5 2 2 2 1 12 0 10 19 7 2 5 8 19 6 13 18 6
12 14 1 15 1 10 0 15 19 8 10 7 9 9 9 15 16 10 19 15 13 7 9 15 17 0 10 12 6 18 1 5 14 2 9 8 8 11 11 17 17 15 6 19 2 19 14 2 0 7
3 9 12 2 9 11 5 14 12 8 11 5 13 0 12 12 14 4 15 1 1 19 0 6 18 10 0 0 18 12 17 7 19 1 15 13 3 0 13 3 19 18 10 10 10 0 3 17 5 9
16 5 7 1 13 8 15 12 9 19 5 7 1 4 13 18 15 7 13 14 14 8 9 9 17 12 0 0 13 4 16 8 17 5 5 10 5 18 8 14 14 9 1 11 18 6 3 9 0 2
2 17 11 13 5 6 10 1 12 2 17 15 11 7 16 19 18 0 12 19 2 19 13 6 11 6 18 13 0 7 7 14 8 11 16 10 7 14 8 2 0 18 11 11 3 7 7 8 9 1
5 12 15 1 9 14 8 10 7 13 5 13 6 4 12 18 12 12 4 1 19 17 8 9 13 18 12 4 7 0 3 3 11 16 10 7 18 15 4 8 6 2 2 0 12 8 8 10 1 18
17 19 1 0 6 17 14 8 14 12 3 5 18 11 19 18 6 19 1 17 18 7 12 17 18 1 17 16 7 3 0 8 15 18 2 19 13 3 3 16 18 12 13 9 3 7 13 8 1 16
0 13 19 19 7 19 5 1 18 4 7 15 18 0 19 6 7 3 8 6 4 6 0 1 10 5 7 8 14 3 8 0 11 3 12 4 9 0 9 18 15 10 11 7 11 4 14 0 0 5
5 1 8 19 18 16 4 15 4 11 11 11 7 7 17 5 14 8 18 16 10 7 15 0 5 14 19 17 8 11 15 11 0 5 8 6 10 0 2 13 13 15 17 7 12 11 1 18 6 17
6 18 5 1 15 5 12 4 0 1 11 9 11 11 6 8 16 4 7 7 0 16 4 2 2 2 1 5 11 16 18 3 5 0 8 18 6 13 7 19 3 5 4 8 8 6 8 9 5 5
18 14 8 11 13 12 13 9 9 17 12 7 13 16 16 9 19 6 7 2 8 14 7 1 2 9 15 5 16 10 2 12 8 8 0 12 0 1 17 13 17 15 5 14 0 1 2 10 17 7
5 7 12 8 0 13 0 15 6 9 3 15 0 1 18 0 7 6 17 8 0 4 13 9 2 8 13 10 10 7 19 4 6 18 12 0 1 18 17 14 5 8 13 5 6 13 7 18 13 4
4 2 1 14 6 8 1 11 5 1 8 18 15 3 7 17 5 1 17 5 15 7 14 7 1 8 3 5 7 18 13 9 10 6 0 1 0 8 12 3 17 11 11 9 1 5 13 15 17 14
2 17 15 3 18 16 2 13 9 3 12 1 0 17 6 19 8 4 19 2 18 2 17 2 12 11 0 18 14 15 3 0 0 13 1 18 8 0 2 4 13 0 8 10 3 7 10 6 4 11
10 19 2 9 3 4 4 6 5 0 7 16 19 13 11 6 5 17 11 0 19 2 1 4 0 11 13 8 8 4 3 9 2 7 17 17 12 2 0 11 14 5 17 16 3 15 1 6 14 18
13 6 14 16 18 11 16 14 9 11 10 3 1 19 2 13 7 9 13 16 5 11 0 15 10 17 3 14 2 8 16 18 13 19 13 14 3 4 11 0 0 8 7 8 18 12 18 17 18 0
6 9 11 7 6 7 0 10 14 17 5 5 7 0 10 9 17 18 17 14 13 9 8 8 19 17 19 14 0 6 18 15 13 3 17 5 17 13 14 0 0 5 3 4 10 8 5 17 16 3
10 0 2 0 12 2 4 4 3 4 14 6 4 8 14 17 13 4 16 2 15 15 18 5 7 15 18 9 18 2 12 10 15 5 15 8 11 0 5 8 5 0 19 1 15 14 15 17 18 4
15 17 3 1 0 19 12 17 19 17 3 2 5 17 5 2 19 18 13 19 8 8 14 15 2 6 10 1 11 2 13 11 17 4 5 13 11 8 17 7 3 19 0 13 9 3 2 2 9 5
2 9 2 12 13 19 2 19 19 7 13 19 6 8 4 6 2 14 13 19 13 6 16 2 5 19 10 11 11 0 9 7 7 8 14 5 9 10 16 8 4 1 13 0 15 6 12 18 8 5
15 13 2 9 14 19 10 9 12 6 4 16 19 4 1 9 15 5 11 4 12 18 14 6 8 2 10 18 3 12 3 11 12 8 0 6 1 3 3 18 10 15 9 15 0 14 12 19 19 9
2 15 19 4 14 2 6 3 3 13 3 15 5 17 18 6 8 3 1 15 6 7 8 13 19 19 0 6 7 8 7 4 11 6 1 13 5 7 15 12 8 14 3 6 14 0 11 12 4 6
16 5 10 17 17 18 3 11 3 11 15 2 12 3 8 4 14 19 16 5 6 0 0 12 6 14 3 3 7 8 13 14 1 8 2 7 13 10 1 18 5 15 2 12 12 11 0 0 1 7
8 2 4 15 0 4 2 19 17 9 1 2 15 17 3 0 9 0 12 4 1 1 16 15 13 2 17 9 8 10 8 0 18 9 10 18 15 6 6 17 17 17 2 18 19 12 0 0 1 11
11 12 10 16 10 4 3 13 1 15 13 9 6 1 17 2 3 1 12 18 0 8 3 15 18 0 5 0 9 1 1 0 6 5 17 13 17 4 14 18 16 18 9 8 19 4 1 1 0 19
2 0 6 10 4 3 7 4 5 18 15 19 11 8 4 7 4 4 10 16 10 14 11 12 6 7 9 2 1 18 16 5 17 5 7 4 14 11 18 0 3 4 5 5 9 6 7 11 19 0
