75
50
0 0 0 0 0 0 0 15 5 0 0 6 0 0 0 0 0 0 0 0 0 0 5 19 0 0 0 0 0 18 6 0 0 4 0 0 0 0 0 0 18 0 0 8 0 0 6 10 0 0
0 0 18 18 0 0 0 0 0 10 0 0 0 0 0 18 0 0 15 0 0 0 0 0 0 0 0 19 0 0 0 0 0 0 0 14 11 0 0 0 0 0 0 0 0 11 0 7 4 0
0 18 0 0 0 1 0 0 0 0 0 4 11 10 0 0 0 0 0 0 0 16 0 13 0 9 0 19 18 0 0 0 0 0 1 12 0 0 0 11 0 0 0 0 4 0 0 14 0 0
0 18 0 0 0 0 16 0 0 0 0 0 0 0 0 0 0 17 0 0 14 3 5 6 5 0 0 0 15 0 19 0 0 0 0 0 0 0 0 10 0 0 4 0 0 0 0 0 0 0
0 0 0 0 0 0 4 7 0 0 0 0 0 3 14 5 8 0 3 0 4 10 7 0 3 0 15 0 2 0 0 0 0 0 0 0 0 0 0 0 4 0 10 4 0 0 0 0 14 0
0 0 1 0 0 0 6 0 0 0 2 15 0 5 4 15 0 2 18 0 0 6 3 19 0 7 8 0 0 11 0 0 0 0 0 0 3 13 0 0 0 0 2 0 0 0 0 0 0 0
0 0 0 16 4 6 0 0 7 18 0 0 0 0 0 0 0 0 0 0 19 0 0 0 5 6 15 6 0 2 0 14 15 0 15 0 0 0 0 2 13 14 13 0 0 16 0 0 0 7
15 0 0 0 7 0 0 0 3 0 0 0 0 0 0 0 0 0 0 0 10 9 0 5 3 0 0 0 0 0 0 4 0 0 14 0 1 13 0 0 0 0 0 0 14 0 0 0 0 3
5 0 0 0 0 0 7 3 0 12 17 7 0 7 0 0 0 0 0 0 7 0 11 0 0 0 0 5 0 0 0 0 15 0 0 9 17 0 11 9 0 0 0 0 0 12 0 0 0 16
0 10 0 0 0 0 18 0 12 0 8 0 18 13 0 0 0 5 0 0 0 17 0 0 0 0 0 0 0 0 0 15 0 0 0 0 6 16 0 0 0 0 15 6 0 0 5 19 0 0
0 0 0 0 0 2 0 0 17 8 0 18 18 0 0 0 0 0 1 0 0 0 17 0 0 0 0 0 0 1 0 0 0 0 0 11 12 0 0 0 16 0 0 14 0 0 0 0 0 0
6 0 4 0 0 15 0 0 7 0 18 0 0 0 4 0 0 0 9 0 0 13 0 0 0 0 0 0 0 0 0 10 4 0 0 0 0 0 0 0 0 0 0 0 0 0 0 0 0 11
0 0 11 0 0 0 0 0 0 18 18 0 0 0 0 0 0 0 0 0 0 0 5 0 0 0 0 10 8 0 0 0 0 10 0 18 0 0 0 0 0 0 0 14 0 11 0 0 0 0
0 0 10 0 3 5 0 0 7 13 0 0 0 0 0 0 0 0 14 0 0 0 0 0 0 0 0 0 0 7 12 0 0 0 0 2 0 3 0 0 0 11 0 2 0 0 3 10 0 13
0 0 0 0 14 4 0 0 0 0 0 4 0 0 0 0 8 0 0 0 0 0 0 0 4 0 0 0 0 0 0 0 0 0 0 11 10 0 0 11 0 18 0 16 0 0 0 14 13 0
0 18 0 0 5 15 0 0 0 0 0 0 0 0 0 0 14 8 0 0 10 18 0 0 0 0 0 19 0 11 0 0 0 0 0 0 0 0 0 0 0 0 18 0 0 0 0 0 16 0
0 0 0 0 8 0 0 0 0 0 0 0 0 0 8 14 0 0 0 10 14 0 0 6 0 14 0 15 0 0 0 10 15 0 0 0 0 0 0 0 0 0 0 9 18 0 16 0 0 19
0 0 0 17 0 2 0 0 0 5 0 0 0 0 0 8 0 0 0 19 7 0 0 0 4 0 0 0 0 0 15 0 9 12 0 0 0 0 4 0 16 18 14 0 0 0 16 0 9 0
0 15 0 0 3 18 0 0 0 0 1 9 0 14 0 0 0 0 0 0 0 0 0 0 0 4 16 18 0 0 2 14 0 0 0 0 0 0 19 18 0 0 0 0 0 0 0 19 9 0
0 0 0 0 0 0 0 0 0 0 0 0 0 0 0 0 10 19 0 0 0 0 0 8 2 7 18 0 0 2 0 7 0 0 0 0 0 0 0 0 12 0 5 0 0 0 0 0 6 0
0 0 0 14 4 0 19 10 7 0 0 0 0 0 0 10 14 7 0 0 0 18 0 7 6 17 6 5 17 0 0 6 0 0 0 0 0 0 0 0 19 0 0 0 0 0 0 0 0 0
0 0 16 3 10 6 0 9 0 17 0 13 0 0 0 18 0 0 0 0 18 0 0 0 0 0 9 0 0 0 0 0 7 0 0 3 0 10 0 0 13 0 0 1 1 0 0 0 0 0
5 0 0 5 7 3 0 0 11 0 17 0 5 0 0 0 0 0 0 0 0 0 0 0 0 0 16 0 1 18 15 0 0 0 14 19 15 0 0 14 0 13 0 0 0 0 0 2 0 16
19 0 13 6 0 19 0 5 0 0 0 0 0 0 0 0 6 0 0 8 7 0 0 0 3 0 11 8 0 0 0 0 0 0 0 2 17 0 5 6 0 2 0 0 10 0 0 0 0 0
0 0 0 5 3 0 5 3 0 0 0 0 0 0 4 0 0 4 0 2 6 0 0 3 0 18 0 0 0 0 9 12 18 0 0 7 0 0 0 0 0 0 0 0 0 8 0 0 0 18
0 0 9 0 0 7 6 0 0 0 0 0 0 0 0 0 14 0 4 7 17 0 0 0 18 0 0 10 19 0 0 0 15 0 0 0 0 0 0 0 0 0 0 3 0 0 0 0 0 0
0 0 0 0 15 8 15 0 0 0 0 0 0 0 0 0 0 0 16 18 6 9 16 11 0 0 0 0 1 15 0 0 0 0 11 16 0 0 3 0 0 10 16 0 0 0 0 0 5 17
0 19 19 0 0 0 6 0 5 0 0 0 10 0 0 19 15 0 18 0 5 0 0 8 0 10 0 0 7 7 0 0 9 0 0 19 0 0 0 3 8 0 0 0 0 14 0 0 0 5
0 0 18 15 2 0 0 0 0 0 0 0 8 0 0 0 0 0 0 0 17 0 1 0 0 19 1 7 0 0 0 19 0 5 14 0 0 0 0 0 0 0 0 0 6 0 5 0 0 15
18 0 0 0 0 11 2 0 0 0 1 0 0 7 0 11 0 0 0 2 0 0 18 0 0 0 15 7 0 0 17 0 3 16 0 0 0 0 0 0 0 0 0 0 0 0 0 0 0 0
6 0 0 19 0 0 0 0 0 0 0 0 0 12 0 0 0 15 2 0 0 0 15 0 9 0 0 0 0 17 0 0 10 3 16 0 3 0 0 0 0 0 0 11 12 0 0 0 16 0
0 0 0 0 0 0 14 4 0 15 0 10 0 0 0 0 10 0 14 7 6 0 0 0 12 0 0 0 19 0 0 0 12 0 0 0 0 0 0 0 0 0 0 0 0 0 0 13 0 10
0 0 0 0 0 0 15 0 15 0 0 4 0 0 0 0 15 9 0 0 0 7 0 0 18 15 0 9 0 3 10 12 0 14 0 0 0 0 0 0 0 0 0 0 16 0 0 0 0 13
4 0 0 0 0 0 0 0 0 0 0 0 10 0 0 0 0 12 0 0 0 0 0 0 0 0 0 0 5 16 3 0 14 0 0 0 0 0 0 0 0 0 0 8 0 11 0 1 0 0
0 0 1 0 0 0 15 14 0 0 0 0 0 0 0 0 0 0 0 0 0 0 14 0 0 0 11 0 14 0 16 0 0 0 0 0 18 0 0 0 0 12 0 0 0 0 0 9 0 13
0 14 12 0 0 0 0 0 9 0 11 0 18 2 11 0 0 0 0 0 0 3 19 2 7 0 16 19 0 0 0 0 0 0 0 0 0 12 0 0 0 0 2 0 1 0 0 0 0 0
0 11 0 0 0 3 0 1 17 6 12 0 0 0 10 0 0 0 0 0 0 0 15 17 0 0 0 0 0 0 3 0 0 0 18 0 0 0 0 0 11 0 0 0 0 0 0 0 0 18
0 0 0 0 0 13 0 13 0 16 0 0 0 3 0 0 0 0 0 0 0 10 0 0 0 0 0 0 0 0 0 0 0 0 0 12 0 0 0 0 0 11 0 12 0 0 0 0 8 1
0 0 0 0 0 0 0 0 11 0 0 0 0 0 0 0 0 4 19 0 0 0 0 5 0 0 3 0 0 0 0 0 0 0 0 0 0 0 0 18 8 0 0 19 12 0 0 0 0 0
0 0 11 10 0 0 2 0 9 0 0 0 0 0 11 0 0 0 18 0 0 0 14 6 0 0 0 3 0 0 0 0 0 0 0 0 0 0 18 0 0 0 4 0 0 0 7 0 0 0
18 0 0 0 4 0 13 0 0 0 16 0 0 0 0 0 0 16 0 12 19 13 0 0 0 0 0 8 0 0 0 0 0 0 0 0 11 0 8 0 0 0 0 0 9 1 0 0 0 0
0 0 0 0 0 0 14 0 0 0 0 0 0 11 18 0 0 18 0 0 0 0 13 2 0 0 10 0 0 0 0 0 0 0 12 0 0 11 0 0 0 0 0 0 1 8 0 0 5 0
0 0 0 4 10 2 13 0 0 15 0 0 0 0 0 18 0 14 0 5 0 0 0 0 0 0 16 0 0 0 0 0 0 0 0 2 0 0 0 4 0 0 0 0 0 0 0 12 0 0
8 0 0 0 4 0 0 0 0 6 14 0 14 2 16 0 9 0 0 0 0 1 0 0 0 3 0 0 0 0 11 0 0 8 0 0 0 12 19 0 0 0 0 0 0 5 0 0 0 0
0 0 4 0 0 0 0 14 0 0 0 0 0 0 0 0 18 0 0 0 0 1 0 10 0 0 0 0 6 0 12 0 16 0 0 1 0 0 12 0 9 1 0 0 0 19 8 0 0 0
0 11 0 0 0 0 16 0 12 0 0 0 11 0 0 0 0 0 0 0 0 0 0 0 8 0 0 14 0 0 0 0 0 11 0 0 0 0 0 0 1 8 0 5 19 0 0 11 8 0
6 0 0 0 0 0 0 0 0 5 0 0 0 3 0 0 16 16 0 0 0 0 0 0 0 0 0 0 5 0 0 0 0 0 0 0 0 0 0 7 0 0 0 0 8 0 0 0 0 0
10 7 14 0 0 0 0 0 0 19 0 0 0 10 14 0 0 0 19 0 0 0 2 0 0 0 0 0 0 0 0 13 0 1 9 0 0 0 0 0 0 0 12 0 0 11 0 0 0 0
0 4 0 0 14 0 0 0 0 0 0 0 0 0 13 16 0 9 9 6 0 0 0 0 0 0 5 0 0 0 16 0 0 0 0 0 0 8 0 0 0 5 0 0 0 8 0 0 0 9
0 0 0 0 0 0 7 3 16 0 0 11 0 13 0 0 19 0 0 0 0 0 16 0 18 0 17 5 15 0 0 10 13 0 13 0 18 1 0 0 0 0 0 0 0 0 0 0 9 0
