100
50
0 2 19 7 12 15 13 13 18 4 13 16 17 1 11 16 18 2 9 10 9 16 2 10 4 15 6 2 14 7 2 17 8 12 7 14 17 5 1 9 17 3 14 5 12 2 16 12 19 0
2 0 1 7 19 9 18 17 12 19 0 13 10 10 9 11 18 6 0 19 7 8 16 10 14 7 6 9 11 5 8 18 2 10 2 11 6 6 12 10 16 17 4 10 11 7 13 15 5 5
19 1 0 4 1 6 15 5 1 17 5 17 16 10 13 9 0 9 18 11 11 2 6 13 0 16 4 16 18 6 2 12 18 18 17 10 12 1 3 15 19 2 19 18 3 4 9 19 0 16
7 7 4 0 9 14 15 15 12 4 1 10 18 4 3 11 9 16 0 7 19 7 5 14 15 16 4 18 17 5 8 0 14 6 17 8 4 6 3 11 19 6 14 8 8 8 15 10 18 1
12 19 1 9 0 7 17 0 14 13 9 9 13 7 18 3 12 11 11 16 16 14 12 11 9 13 8 12 16 10 0 1 13 14 3 11 8 18 15 1 8 8 16 17 19 6 7 9 4 7
15 9 6 14 7 0 6 12 2 3 4 19 13 7 15 10 8 18 14 12 3 5 6 14 10 17 14 4 14 3 14 17 12 16 19 4 14 16 12 18 18 6 0 13 4 9 2 9 0 15
13 18 15 15 17 6 0 2 1 15 10 8 16 16 2 16 16 7 1 3 8 2 15 3 11 7 8 15 8 13 12 16 10 17 0 6 3 10 7 16 9 7 15 11 8 4 0 6 14 12
13 17 5 15 0 12 2 0 9 3 11 16 14 5 6 3 3 10 0 10 16 5 0 2 7 5 17 11 7 16 7 15 15 7 0 16 15 17 1 6 10 9 19 10 7 15 1 13 17 13
18 12 1 12 14 2 1 9 0 14 1 19 18 4 19 5 16 11 1 9 19 6 14 19 10 12 12 7 8 7 6 4 19 3 19 16 11 16 12 16 10 9 1 13 17 16 16 16 6 3
4 19 17 4 13 3 15 3 14 0 3 17 1 16 15 16 5 0 17 13 3 17 5 1 11 14 17 5 3 1 4 12 2 5 15 12 19 14 5 12 3 13 4 9 8 1 6 14 12 0
13 0 5 1 9 4 10 11 1 3 0 13 15 13 10 6 4 15 12 12 2 14 6 8 8 6 9 5 3 5 14 11 9 15 19 12 18 2 17 19 3 3 9 10 12 4 12 5 7 17
16 13 17 10 9 19 8 16 19 17 13 0 8 13 19 7 12 15 13 18 3 6 9 4 9 18 17 17 4 18 8 7 9 11 11 15 14 0 4 15 15 9 14 11 7 7 12 5 0 1
17 10 16 18 13 13 16 14 18 1 15 8 0 5 0 12 19 9 7 12 3 6 13 2 10 13 3 12 12 8 14 13 18 11 16 0 15 17 5 16 14 14 13 1 12 17 17 15 9 3
1 10 10 4 7 7 16 5 4 16 13 13 5 0 0 14 7 4 11 12 10 1 10 11 0 0 15 12 9 9 13 8 7 9 18 2 10 9 7 4 10 11 19 8 11 13 13 10 8 14
11 9 13 3 18 15 2 6 19 15 10 19 0 0 0 4 8 19 11 7 6 19 17 3 14 16 0 6 11 4 0 14 13 13 4 7 10 2 19 0 15 8 14 5 16 0 1 17 0 9
16 11 9 11 3 10 16 3 5 16 6 7 12 14 4 0 8 0 18 5 2 10 0 4 16 8 15 13 19 1 16 2 19 5 1 12 1 8 15 1 14 17 2 18 16 15 18 7 17 6
18 18 0 9 12 8 16 3 16 5 4 12 19 7 8 8 0 11 0 17 14 17 6 10 9 7 13 11 9 4 3 16 11 6 0 18 2 2 15 17 15 18 17 18 18 18 11 7 9 17
2 6 9 16 11 18 7 10 11 0 15 15 9 4 19 0 11 0 14 19 19 18 1 3 15 3 5 14 10 16 19 3 5 7 11 2 11 13 4 11 2 8 2 17 7 16 0 15 17 16
9 0 18 0 11 14 1 0 1 17 12 13 7 11 11 18 0 14 0 17 17 9 8 15 11 8 1 0 16 16 6 10 18 18 0 15 3 10 4 3 18 5 18 4 15 17 19 6 12 0
10 19 11 7 16 12 3 10 9 13 12 18 12 12 7 5 17 19 17 0 4 16 11 6 8 4 19 2 0 13 18 6 1 9 0 13 13 18 9 18 18 8 11 16 19 16 4 9 13 14
9 7 11 19 16 3 8 16 19 3 2 3 3 10 6 2 14 19 17 4 0 19 12 10 9 6 7 12 3 6 10 16 15 2 3 8 17 12 12 6 16 8 13 15 15 19 13 5 11 12
16 8 2 7 14 5 2 5 6 17 14 6 6 1 19 10 17 18 9 16 19 0 15 1 9 17 13 12 15 18 16 4 13 0 2 17 12 2 14 2 5 14 19 9 17 3 9 13 9 6
2 16 6 5 12 6 15 0 14 5 6 9 13 10 17 0 6 1 8 11 12 15 0 13 12 4 8 11 11 14 13 13 13 17 18 1 16 13 16 8 4 3 10 16 8 5 18 17 16 10
10 10 13 14 11 14 3 2 19 1 8 4 2 11 3 4 10 3 15 6 10 1 13 0 3 12 15 11 18 2 9 10 7 1 3 2 2 4 5 15 11 14 3 8 1 12 12 1 6 0
4 14 0 15 9 10 11 7 10 11 8 9 10 0 14 16 9 15 11 8 9 9 12 3 0 8 16 17 17 18 9 2 3 13 2 7 14 12 7 19 19 18 17 4 17 2 3 1 3 17
15 7 16 16 13 17 7 5 12 14 6 18 13 0 16 8 7 3 8 4 6 17 4 12 8 0 4 14 9 0 17 17 5 17 11 13 10 7 7 13 4 6 0 17 12 14 1 7 14 8
6 6 4 4 8 14 8 17 12 17 9 17 3 15 0 15 13 5 1 19 7 13 8 15 16 4 0 12 18 19 6 5 2 13 4 17 15 6 0 12 11 12 0 7 12 12 11 19 4 5
2 9 16 18 12 4 15 11 7 5 5 17 12 12 6 13 11 14 0 2 12 12 11 11 17 14 12 0 14 11 16 1 15 5 19 8 11 14 2 6 7 14 11 3 16 7 17 8 12 17
14 11 18 17 16 14 8 7 8 3 3 4 12 9 11 19 9 10 16 0 3 15 11 18 17 9 18 14 0 3 3 8 12 15 10 9 18 12 0 12 6 9 2 7 17 14 6 17 19 19
7 5 6 5 10 3 13 16 7 1 5 18 8 9 4 1 4 16 16 13 6 18 14 2 18 0 19 11 3 0 14 19 11 3 6 17 6 0 9 0 14 9 8 18 16 5 16 4 15 5
2 8 2 8 0 14 12 7 6 4 14 8 14 13 0 16 3 19 6 18 10 16 13 9 9 17 6 16 3 14 0 1 2 5 0 10 13 2 10 0 9 1 1 6 8 15 9 5 0 7
17 18 12 0 1 17 16 15 4 12 11 7 13 8 14 2 16 3 10 6 16 4 13 10 2 17 5 1 8 19 1 0 6 9 3 16 17 15 11 14 2 7 7 16 15 17 6 12 17 15
8 2 18 14 13 12 10 15 19 2 9 9 18 7 13 19 11 5 18 1 15 13 13 7 3 5 2 15 12 11 2 6 0 9 11 18 6 10 15 5 14 6 1 13 10 11 13 0 6 3
12 10 18 6 14 16 17 7 3 5 15 11 11 9 13 5 6 7 18 9 2 0 17 1 13 17 13 5 15 3 5 9 9 0 0 2 18 15 0 14 14 6 5 2 15 1 16 13 16 11
7 2 17 17 3 19 0 0 19 15 19 11 16 18 4 1 0 11 0 0 3 2 18 3 2 11 4 19 10 6 0 3 11 0 0 9 9 0 7 2 11 2 10 19 6 8 1 7 17 7
14 11 10 8 11 4 6 16 16 12 12 15 0 2 7 12 18 2 15 13 8 17 1 2 7 13 17 8 9 17 10 16 18 2 9 0 6 9 4 9 1 6 5 11 9 1 4 18 11 4
17 6 12 4 8 14 3 15 11 19 18 14 15 10 10 1 2 11 3 13 17 12 16 2 14 10 15 11 18 6 13 17 6 18 9 6 0 14 14 10 14 15 3 14 10 15 5 16 3 18
5 6 1 6 18 16 10 17 16 14 2 0 17 9 2 8 2 13 10 18 12 2 13 4 12 7 6 14 12 0 2 15 10 15 0 9 14 0 18 9 13 5 15 8 2 14 10 17 0 12
1 12 3 3 15 12 7 1 12 5 17 4 5 7 19 15 15 4 4 9 12 14 16 5 7 7 0 2 0 9 10 11 15 0 7 4 14 18 0 17 18 7 2 13 14 4 5 19 4 19
9 10 15 11 1 18 16 6 16 12 19 15 16 4 0 1 17 11 3 18 6 2 8 15 19 13 12 6 12 0 0 14 5 14 2 9 10 9 17 0 18 19 5 0 15 11 18 12 11 5
17 16 19 19 8 18 9 10 10 3 3 15 14 10 15 14 15 2 18 18 16 5 4 11 19 4 11 7 6 14 9 2 14 14 11 1 14 13 18 18 0 2 14 16 5 18 11 0 2 9
3 17 2 6 8 6 7 9 9 13 3 9 14 11 8 17 18 8 5 8 8 14 3 14 18 6 12 14 9 9 1 7 6 6 2 6 15 5 7 19 2 0 2 6 14 11 4 3 6 2
14 4 19 14 16 0 15 19 1 4 9 14 13 19 14 2 17 2 18 11 13 19 10 3 17 0 0 11 2 8 1 7 1 5 10 5 3 15 2 5 14 2 0 9 0 4 4 17 2 3
5 10 18 8 17 13 11 10 13 9 10 11 1 8 5 18 18 17 4 16 15 9 16 8 4 17 7 3 7 18 6 16 13 2 19 11 14 8 13 0 16 6 9 0 12 11 10 2 11 18
12 11 3 8 19 4 8 7 17 8 12 7 12 11 16 16 18 7 15 19 15 17 8 1 17 12 12 16 17 16 8 15 10 15 6 9 10 2 14 15 5 14 0 12 0 14 10 12 10 6
2 7 4 8 6 9 4 15 16 1 4 7 17 13 0 15 18 16 17 16 19 3 5 12 2 14 12 7 14 5 15 17 11 1 8 1 15 14 4 11 18 11 4 11 14 0 17 17 4 15
16 13 9 15 7 2 0 1 16 6 12 12 17 13 1 18 11 0 19 4 13 9 18 12 3 1 11 17 6 16 9 6 13 16 1 4 5 10 5 18 11 4 4 10 10 17 0 5 9 19
12 15 19 10 9 9 6 13 16 14 5 5 15 10 17 7 7 15 6 9 5 13 17 1 1 7 19 8 17 4 5 12 0 13 7 18 16 17 19 12 0 3 17 2 12 17 5 0 5 10
19 5 0 18 4 0 14 17 6 12 7 0 9 8 0 17 9 17 12 13 11 9 16 6 3 14 4 12 19 15 0 17 6 16 17 11 3 0 4 11 2 6 2 11 10 4 9 5 0 18
0 5 16 1 7 15 12 13 3 0 17 1 3 14 9 6 17 16 0 14 12 6 10 0 17 8 5 17 19 5 7 15 3 11 7 4 18 12 19 5 9 2 3 18 6 15 19 10 18 0
