75
50
0 0 0 0 7 0 0 0 9 0 1 0 0 0 0 0 0 0 0 0 4 0 0 0 19 0 0 0 4 0 3 0 0 0 0 0 13 19 11 0 12 1 3 0 15 0 0 14 9 13
0 0 14 12 0 1 0 0 5 0 0 0 0 3 0 0 0 0 0 0 0 0 5 0 0 0 0 0 0 0 0 0 0 0 6 0 3 6 0 0 0 2 0 0 0 0 0 0 0 0
0 14 0 0 12 0 19 0 0 0 0 0 0 0 16 0 9 0 14 0 1 4 0 0 17 0 0 0 0 0 0 0 0 0 0 3 5 0 3 0 17 0 0 0 0 0 3 0 0 0
0 12 0 0 0 0 0 0 0 17 0 0 0 0 0 18 1 14 14 0 0 0 0 0 9 0 0 2 0 0 6 1 0 0 0 0 0 0 0 0 17 0 16 0 0 0 0 8 0 0
7 0 12 0 0 0 0 0 0 0 0 0 0 0 0 10 17 0 0 0 0 15 13 14 0 0 0 0 0 0 0 0 0 4 0 14 0 0 0 0 13 0 0 4 15 0 0 9 0 0
0 1 0 0 0 0 19 0 0 0 0 0 5 0 13 0 0 0 0 0 0 0 19 0 0 0 0 0 0 10 0 3 14 6 9 2 0 7 0 0 0 0 17 10 0 0 0 0 0 0
0 0 19 0 0 19 0 0 0 17 0 14 6 0 0 0 0 0 0 0 0 0 0 0 0 9 3 0 0 19 0 0 0 0 0 0 0 0 19 19 0 0 0 18 3 5 0 17 0 17
0 0 0 0 0 0 0 0 3 2 13 12 14 0 0 0 0 15 0 0 18 0 0 0 0 19 0 0 0 0 18 12 0 0 0 14 15 0 0 0 7 12 0 0 0 3 0 0 0 0
9 5 0 0 0 0 0 3 0 0 0 9 14 19 0 0 6 0 1 0 0 0 15 5 0 0 0 0 0 0 0 0 0 0 19 0 0 5 0 0 17 18 0 14 0 0 0 0 13 0
0 0 0 17 0 0 17 2 0 0 19 0 0 18 0 0 13 0 0 0 8 0 0 10 0 0 0 0 0 0 16 5 0 8 15 5 0 0 0 9 0 0 0 0 0 0 0 4 0 0
1 0 0 0 0 0 0 13 0 19 0 5 0 0 0 0 0 0 0 6 0 0 0 0 0 0 10 0 0 0 0 0 0 19 0 10 0 0 14 0 0 4 0 0 0 0 6 4 0 0
0 0 0 0 0 0 14 12 9 0 5 0 0 0 17 3 0 0 0 0 0 10 0 0 0 0 0 0 0 16 0 15 0 0 9 0 0 0 0 0 0 0 0 0 0 3 18 10 0 17
0 0 0 0 0 5 6 14 14 0 0 0 0 0 0 2 0 0 0 0 0 0 0 0 0 0 0 0 12 0 0 0 2 0 0 0 4 9 19 0 0 0 0 4 0 0 17 0 0 0
0 3 0 0 0 0 0 0 19 18 0 0 0 0 0 0 0 0 9 0 0 0 7 0 6 0 0 0 0 0 0 0 1 4 0 9 0 12 0 0 0 0 18 0 9 0 0 0 0 10
0 0 16 0 0 13 0 0 0 0 0 17 0 0 0 0 0 0 15 0 0 0 16 0 5 0 0 9 18 0 4 0 0 0 11 0 9 7 0 0 3 14 0 6 0 1 0 0 0 0
0 0 0 18 10 0 0 0 0 0 0 3 2 0 0 0 0 0 18 7 2 0 11 0 17 0 16 6 0 0 0 0 0 0 0 0 0 0 0 0 11 0 2 0 0 15 6 0 0 0
0 0 9 1 17 0 0 0 6 13 0 0 0 0 0 0 0 2 9 0 0 10 0 0 3 9 0 3 0 14 0 3 0 0 16 0 0 4 8 0 12 2 0 0 0 0 0 0 19 0
0 0 0 14 0 0 0 15 0 0 0 0 0 0 0 0 2 0 11 0 0 0 0 13 0 0 0 0 0 0 0 0 0 0 0 0 0 0 0 0 8 0 7 18 0 0 0 0 9 0
0 0 14 14 0 0 0 0 1 0 0 0 0 9 15 18 9 11 0 0 0 0 16 0 0 0 9 12 0 0 0 0 8 0 0 0 16 0 0 0 4 0 0 12 0 0 0 0 13 0
0 0 0 0 0 0 0 0 0 0 6 0 0 0 0 7 0 0 0 0 11 0 0 10 11 0 5 0 16 0 0 0 0 16 0 0 0 0 14 18 10 0 0 0 0 0 0 15 17 10
4 0 1 0 0 0 0 18 0 8 0 0 0 0 0 2 0 0 0 11 0 0 0 0 0 0 0 0 8 0 7 0 0 1 0 0 0 11 15 0 0 15 0 0 0 0 0 0 0 10
0 0 4 0 15 0 0 0 0 0 0 10 0 0 0 0 10 0 0 0 0 0 0 0 0 0 0 0 0 9 0 2 1 0 0 0 0 15 9 4 2 0 3 0 0 10 14 0 0 0
0 5 0 0 13 19 0 0 15 0 0 0 0 7 16 11 0 0 16 0 0 0 0 0 14 0 0 0 0 0 0 0 0 0 7 4 0 0 0 0 2 0 3 0 0 0 0 0 0 0
0 0 0 0 14 0 0 0 5 10 0 0 0 0 0 0 0 13 0 10 0 0 0 0 2 0 0 7 0 0 0 0 0 0 1 0 8 0 0 0 5 0 8 0 0 14 0 12 0 0
19 0 17 9 0 0 0 0 0 0 0 0 0 6 5 17 3 0 0 11 0 0 14 2 0 0 5 7 0 0 0 0 0 0 0 0 6 0 0 0 0 0 0 0 0 0 0 19 0 0
0 0 0 0 0 0 9 19 0 0 0 0 0 0 0 0 9 0 0 0 0 0 0 0 0 0 13 0 7 10 0 0 17 0 0 0 0 0 0 0 0 0 0 0 0 0 7 0 0 0
0 0 0 0 0 0 3 0 0 0 10 0 0 0 0 16 0 0 9 5 0 0 0 0 5 13 0 0 0 0 8 0 0 0 7 0 16 0 10 0 0 0 0 0 10 4 16 0 0 1
0 0 0 2 0 0 0 0 0 0 0 0 0 0 9 6 3 0 12 0 0 0 0 7 7 0 0 0 0 16 5 10 0 15 0 2 5 0 0 0 0 0 3 0 0 0 0 19 0 0
4 0 0 0 0 0 0 0 0 0 0 0 12 0 18 0 0 0 0 16 8 0 0 0 0 7 0 0 0 0 16 0 10 0 11 15 17 0 17 0 12 6 0 0 13 0 0 0 1 0
0 0 0 0 0 10 19 0 0 0 0 16 0 0 0 0 14 0 0 0 0 9 0 0 0 10 0 16 0 0 12 1 0 0 0 11 0 0 17 0 2 4 0 8 4 0 0 0 15 0
3 0 0 6 0 0 0 18 0 16 0 0 0 0 4 0 0 0 0 0 7 0 0 0 0 0 8 5 16 12 0 0 0 0 0 15 0 0 0 0 0 0 0 0 0 0 0 7 0 0
0 0 0 1 0 3 0 12 0 5 0 15 0 0 0 0 3 0 0 0 0 2 0 0 0 0 0 10 0 1 0 0 0 0 9 0 16 11 0 0 0 0 18 0 0 0 16 0 0 0
0 0 0 0 0 14 0 0 0 0 0 0 2 1 0 0 0 0 8 0 0 1 0 0 0 17 0 0 10 0 0 0 0 0 0 0 0 0 0 0 0 0 0 0 0 0 0 6 0 0
0 0 0 0 4 6 0 0 0 8 19 0 0 4 0 0 0 0 0 16 1 0 0 0 0 0 0 15 0 0 0 0 0 0 18 0 0 0 0 6 0 0 0 0 0 0 0 0 0 0
0 6 0 0 0 9 0 0 19 15 0 9 0 0 11 0 16 0 0 0 0 0 7 1 0 0 7 0 11 0 0 9 0 18 0 0 9 0 0 7 1 12 0 0 0 0 0 0 0 3
0 0 3 0 14 2 0 14 0 5 10 0 0 9 0 0 0 0 0 0 0 0 4 0 0 0 0 2 15 11 15 0 0 0 0 0 0 0 0 0 0 0 0 18 8 0 2 0 13 0
13 3 5 0 0 0 0 15 0 0 0 0 4 0 9 0 0 0 16 0 0 0 0 8 6 0 16 5 17 0 0 16 0 0 9 0 0 0 18 1 4 0 18 14 0 0 0 0 0 3
19 6 0 0 0 7 0 0 5 0 0 0 9 12 7 0 4 0 0 0 11 15 0 0 0 0 0 0 0 0 0 11 0 0 0 0 0 0 0 0 0 0 0 0 0 0 0 0 0 0
11 0 3 0 0 0 19 0 0 0 14 0 19 0 0 0 8 0 0 14 15 9 0 0 0 0 10 0 17 17 0 0 0 0 0 0 18 0 0 0 0 0 3 0 7 0 17 2 0 16
0 0 0 0 0 0 19 0 0 9 0 0 0 0 0 0 0 0 0 18 0 4 0 0 0 0 0 0 0 0 0 0 0 6 7 0 1 0 0 0 0 10 7 0 0 0 0 0 0 0
12 0 17 17 13 0 0 7 17 0 0 0 0 0 3 11 12 8 4 10 0 2 2 5 0 0 0 0 12 2 0 0 0 0 1 0 4 0 0 0 0 0 0 0 4 0 0 0 0 0
1 2 0 0 0 0 0 12 18 0 4 0 0 0 14 0 2 0 0 0 15 0 0 0 0 0 0 0 6 4 0 0 0 0 12 0 0 0 0 10 0 0 0 0 0 7 6 0 0 19
3 0 0 16 0 17 0 0 0 0 0 0 0 18 0 2 0 7 0 0 0 3 3 8 0 0 0 3 0 0 0 18 0 0 0 0 18 0 3 7 0 0 0 0 0 0 3 0 5 0
0 0 0 0 4 10 18 0 14 0 0 0 4 0 6 0 0 18 12 0 0 0 0 0 0 0 0 0 0 8 0 0 0 0 0 18 14 0 0 0 0 0 0 0 0 0 14 0 0 12
15 0 0 0 15 0 3 0 0 0 0 0 0 9 0 0 0 0 0 0 0 0 0 0 0 0 10 0 13 4 0 0 0 0 0 8 0 0 7 0 4 0 0 0 0 3 12 0 4 0
0 0 0 0 0 0 5 3 0 0 0 3 0 0 1 15 0 0 0 0 0 10 0 14 0 0 4 0 0 0 0 0 0 0 0 0 0 0 0 0 0 7 0 0 3 0 11 0 0 0
0 0 3 0 0 0 0 0 0 0 6 18 17 0 0 6 0 0 0 0 0 14 0 0 0 7 16 0 0 0 0 16 0 0 0 2 0 0 17 0 0 6 3 14 12 11 0 0 0 0
14 0 0 8 9 0 17 0 0 4 4 10 0 0 0 0 0 0 0 15 0 0 0 12 19 0 0 19 0 0 7 0 6 0 0 0 0 0 2 0 0 0 0 0 0 0 0 0 0 19
9 0 0 0 0 0 0 0 13 0 0 0 0 0 0 0 19 9 13 17 0 0 0 0 0 0 0 0 1 15 0 0 0 0 0 13 0 0 0 0 0 0 5 0 4 0 0 0 0 0
13 0 0 0 0 0 17 0 0 0 0 17 0 10 0 0 0 0 0 10 10 0 0 0 0 0 1 0 0 0 0 0 0 0 3 0 3 0 16 0 0 19 0 12 0 0 0 19 0 0
