50
50
0 16 13 3 0 7 17 0 8 16 12 14 5 2 7 19 14 17 14 14 4 14 10 0 14 6 11 2 1 8 6 13 19 3 14 19 15 10 17 1 5 11 0 4 18 7 13 5 18 0
16 0 14 18 13 7 13 19 18 3 13 6 19 7 19 17 12 12 8 10 14 4 14 1 12 19 12 1 11 15 7 10 18 9 9 16 18 9 18 14 7 5 11 6 14 19 1 0 19 16
13 14 0 11 6 17 3 9 3 13 7 8 2 8 12 0 13 11 12 12 3 17 16 7 18 5 15 5 5 10 1 2 4 13 2 8 2 3 17 19 7 11 13 13 2 15 0 11 9 2
3 18 11 0 18 5 1 2 14 15 17 16 19 4 3 9 18 2 15 15 8 11 9 3 14 11 8 13 2 8 14 16 12 5 8 0 13 12 13 8 13 1 3 0 6 8 15 12 6 18
0 13 6 18 0 9 11 5 12 0 16 16 15 9 4 5 6 4 8 2 11 9 12 13 11 16 17 10 3 7 4 14 1 12 0 11 1 17 19 3 13 12 15 11 15 0 4 17 14 4
7 7 17 5 9 0 4 13 3 5 19 10 14 0 17 13 1 6 17 17 19 8 10 10 10 9 11 7 14 17 7 17 4 9 4 9 11 1 8 14 19 17 6 13 12 3 7 17 17 10
17 13 3 1 11 4 0 11 3 12 19 15 2 6 18 15 12 16 11 12 6 9 0 3 10 13 0 7 15 9 1 1 16 17 7 1 11 1 11 0 14 7 6 2 9 1 10 11 3 14
0 19 9 2 5 13 11 0 6 16 15 10 2 10 14 17 0 11 12 14 16 6 5 8 4 8 15 15 17 6 8 15 9 3 9 9 12 3 2 18 6 7 18 10 5 2 15 10 7 13
8 18 3 14 12 3 3 6 0 5 15 13 2 17 2 8 0 14 17 17 17 11 14 4 18 14 17 11 13 8 1 11 5 18 8 4 3 18 2 16 14 2 9 19 6 11 3 6 0 19
16 3 13 15 0 5 12 16 5 0 18 7 14 11 6 7 14 11 18 13 10 8 12 16 11 0 2 18 10 14 18 6 19 15 10 5 11 13 13 7 7 10 0 16 3 0 17 0 10 14
12 13 7 17 16 19 19 15 15 18 0 13 7 7 13 9 1 18 17 10 3 18 3 13 12 2 17 8 5 5 13 9 1 3 4 11 19 7 18 0 13 9 0 7 18 5 1 8 5 8
14 6 8 16 16 10 15 10 13 7 13 0 0 5 10 12 16 18 15 6 14 13 12 6 2 16 16 12 3 14 5 17 1 6 6 4 13 19 16 19 13 18 17 19 10 3 16 2 5 11
5 19 2 19 15 14 2 2 2 14 7 0 0 10 7 6 16 10 17 7 17 9 18 10 7 5 4 0 10 5 4 16 16 14 11 7 14 17 6 2 10 1 7 2 15 9 15 17 3 8
2 7 8 4 9 0 6 10 17 11 7 5 10 0 2 17 0 8 2 1 3 16 9 7 12 19 11 7 1 11 7 5 8 4 16 1 17 0 12 19 15 11 18 6 14 16 8 14 4 16
7 19 12 3 4 17 18 14 2 6 13 10 7 2 0 6 14 15 14 9 16 6 8 7 4 13 10 8 8 11 6 12 0 11 9 13 12 16 4 0 1 8 9 15 19 9 12 18 6 0
19 17 0 9 5 13 15 17 8 7 9 12 6 17 6 0 11 17 19 19 18 12 4 13 11 7 9 11 12 3 5 2 2 19 2 2 7 3 5 7 13 15 0 17 5 11 4 11 11 10
14 12 13 18 6 1 12 0 0 14 1 16 16 0 14 11 0 10 19 17 2 14 19 1 5 13 11 9 12 4 2 0 9 13 12 17 3 13 12 13 8 6 4 13 4 11 7 8 0 15
17 12 11 2 4 6 16 11 14 11 18 18 10 8 15 17 10 0 16 12 18 4 18 6 5 2 13 0 1 16 17 0 6 12 14 1 18 5 6 16 1 7 8 14 17 12 5 18 8 15
14 8 12 15 8 17 11 12 17 18 17 15 17 2 14 19 19 16 0 13 7 11 9 18 15 11 9 8 13 16 11 4 1 8 1 7 6 19 17 19 6 18 2 10 4 9 11 19 19 10
14 10 12 15 2 17 12 14 17 13 10 6 7 1 9 19 17 12 13 0 15 10 19 19 17 11 9 6 10 19 2 0 3 4 12 12 2 7 10 0 16 19 7 16 12 7 0 0 5 5
4 14 3 8 11 19 6 16 17 10 3 14 17 3 16 18 2 18 7 15 0 0 8 13 13 10 4 12 12 17 6 14 0 13 19 8 11 4 3 5 8 12 3 0 5 12 6 5 14 4
14 4 17 11 9 8 9 6 11 8 18 13 9 16 6 12 14 4 11 10 0 0 15 1 10 6 3 5 7 3 14 6 13 18 9 15 14 7 6 8 2 14 8 17 10 4 9 4 14 0
10 14 16 9 12 10 0 5 14 12 3 12 18 9 8 4 19 18 9 19 8 15 0 15 1 9 18 18 6 4 14 15 9 8 15 4 13 15 1 18 2 6 11 11 4 15 13 17 2 3
0 1 7 3 13 10 3 8 4 16 13 6 10 7 7 13 1 6 18 19 13 1 15 0 4 2 0 9 6 16 0 12 0 6 0 18 2 10 1 13 11 7 12 0 4 19 16 11 15 0
14 12 18 14 11 10 10 4 18 11 12 2 7 12 4 11 5 5 15 17 13 10 1 4 0 1 2 1 13 19 15 13 2 14 19 5 11 17 16 18 0 12 19 10 17 18 4 0 19 1
6 19 5 11 16 9 13 8 14 0 2 16 5 19 13 7 13 2 11 11 10 6 9 2 1 0 2 7 11 17 16 5 15 1 8 12 18 3 16 9 1 7 9 14 4 10 2 18 4 15
11 12 15 8 17 11 0 15 17 2 17 16 4 11 10 9 11 13 9 9 4 3 18 0 2 2 0 17 6 12 4 17 2 7 8 6 13 9 16 2 8 8 15 12 6 17 6 4 19 4
2 1 5 13 10 7 7 15 11 18 8 12 0 7 8 11 9 0 8 6 12 5 18 9 1 7 17 0 4 6 16 17 17 18 17 7 10 11 9 9 14 4 10 4 3 11 17 3 17 6
1 11 5 2 3 14 15 17 13 10 5 3 10 1 8 12 12 1 13 10 12 7 6 6 13 11 6 4 0 13 1 5 13 11 16 11 14 14 4 2 12 16 5 18 0 0 3 4 16 15
8 15 10 8 7 17 9 6 8 14 5 14 5 11 11 3 4 16 16 19 17 3 4 16 19 17 12 6 13 0 13 8 5 2 7 7 11 17 10 15 4 12 17 15 18 10 1 12 11 8
6 7 1 14 4 7 1 8 1 18 13 5 4 7 6 5 2 17 11 2 6 14 14 0 15 16 4 16 1 13 0 5 17 4 7 8 16 10 14 0 8 0 9 3 18 8 3 3 7 18
13 10 2 16 14 17 1 15 11 6 9 17 16 5 12 2 0 0 4 0 14 6 15 12 13 5 17 17 5 8 5 0 10 11 0 15 6 10 3 18 14 11 5 9 10 16 17 18 9 10
19 18 4 12 1 4 16 9 5 19 1 1 16 8 0 2 9 6 1 3 0 13 9 0 2 15 2 17 13 5 17 10 0 14 4 14 14 2 19 5 18 5 4 14 7 7 8 16 5 14
3 9 13 5 12 9 17 3 18 15 3 6 14 4 11 19 13 12 8 4 13 18 8 6 14 1 7 18 11 2 4 11 14 0 7 19 9 0 16 4 3 4 5 17 0 13 13 18 2 4
14 9 2 8 0 4 7 9 8 10 4 6 11 16 9 2 12 14 1 12 19 9 15 0 19 8 8 17 16 7 7 0 4 7 0 0 7 5 15 0 9 4 1 0 2 16 2 15 7 4
19 16 8 0 11 9 1 9 4 5 11 4 7 1 13 2 17 1 7 12 8 15 4 18 5 12 6 7 11 7 8 15 14 19 0 0 0 5 10 13 10 6 8 3 8 0 18 10 10 13
15 18 2 13 1 11 11 12 3 11 19 13 14 17 12 7 3 18 6 2 11 14 13 2 11 18 13 10 14 11 16 6 14 9 7 0 0 18 3 10 13 19 19 14 4 18 0 1 7 13
10 9 3 12 17 1 1 3 18 13 7 19 17 0 16 3 13 5 19 7 4 7 15 10 17 3 9 11 14 17 10 10 2 0 5 5 18 0 3 10 2 10 10 13 16 7 15 16 18 8
17 18 17 13 19 8 11 2 2 13 18 16 6 12 4 5 12 6 17 10 3 6 1 1 16 16 16 9 4 10 14 3 19 16 15 10 3 3 0 13 9 17 13 5 17 19 8 15 11 16
1 14 19 8 3 14 0 18 16 7 0 19 2 19 0 7 13 16 19 0 5 8 18 13 18 9 2 9 2 15 0 18 5 4 0 13 10 10 13 0 7 12 12 18 17 16 10 0 14 4
5 7 7 13 13 19 14 6 14 7 13 13 10 15 1 13 8 1 6 16 8 2 2 11 0 1 8 14 12 4 8 14 18 3 9 10 13 2 9 7 0 17 16 3 11 17 13 5 7 13
11 5 11 1 12 17 7 7 2 10 9 18 1 11 8 15 6 7 18 19 12 14 6 7 12 7 8 4 16 12 0 11 5 4 4 6 19 10 17 12 17 0 10 10 18 16 19 7 10 16
0 11 13 3 15 6 6 18 9 0 0 17 7 18 9 0 4 8 2 7 3 8 11 12 19 9 15 10 5 17 9 5 4 5 1 8 19 10 13 12 16 10 0 18 10 19 17 18 18 11
4 6 13 0 11 13 2 10 19 16 7 19 2 6 15 17 13 14 10 16 0 17 11 0 10 14 12 4 18 15 3 9 14 17 0 3 14 13 5 18 3 10 18 0 1 17 16 7 2 10
18 14 2 6 15 12 9 5 6 3 18 10 15 14 19 5 4 17 4 12 5 10 4 4 17 4 6 3 0 18 18 10 7 0 2 8 4 16 17 17 11 18 10 1 0 14 3 9 16 8
7 19 15 8 0 3 1 2 11 0 5 3 9 16 9 11 11 12 9 7 12 4 15 19 18 10 17 11 0 10 8 16 7 13 16 0 18 7 19 16 17 16 19 17 14 0 6 12 5 7
13 1 0 15 4 7 10 15 3 17 1 16 15 8 12 4 7 5 11 0 6 9 13 16 4 2 6 17 3 1 3 17 8 13 2 18 0 15 8 10 13 19 17 16 3 6 0 6 12 9
5 0 11 12 17 17 11 10 6 0 8 2 17 14 18 11 8 18 19 0 5 4 17 11 0 18 4 3 4 12 3 18 16 18 15 10 1 16 15 0 5 7 18 7 9 12 6 0 19 13
18 19 9 6 14 17 3 7 0 10 5 5 3 4 6 11 0 8 19 5 14 14 2 15 19 4 19 17 16 11 7 9 5 2 7 10 7 18 11 14 7 10 18 2 16 5 12 19 0 18
0 16 2 18 4 10 14 13 19 14 8 11 8 16 0 10 15 15 10 5 4 0 3 0 1 15 4 6 15 8 18 10 14 4 4 13 13 8 16 4 13 16 11 10 8 7 9 13 18 0
