50
50
0 7 13 5 3 10 11 3 17 19 5 12 2 1 17 6 17 7 11 18 19 10 17 7 5 18 5 2 2 5 18 18 12 2 8 5 16 7 3 13 6 8 15 8 9 2 19 6 4 1
7 0 17 6 13 9 0 13 5 16 18 13 6 2 4 13 8 0 19 2 17 14 14 1 18 4 5 14 9 12 15 13 19 14 1 6 6 8 12 9 15 16 9 9 8 6 11 7 11 8
13 17 0 9 14 1 19 14 10 10 1 8 4 9 3 0 8 19 11 14 9 10 6 4 2 2 3 16 7 0 5 8 16 5 16 14 2 1 18 7 7 17 17 3 2 4 17 6 4 3
5 6 9 0 14 1 8 7 12 3 1 1 8 14 8 17 1 17 9 9 9 10 9 15 15 3 6 18 12 4 6 13 13 17 18 13 14 7 9 6 2 5 18 7 6 12 1 15 17 6
3 13 14 14 0 0 1 7 4 9 17 15 19 4 8 11 16 13 16 13 12 4 2 7 14 2 13 14 8 3 8 16 5 14 19 8 19 10 18 18 14 3 14 13 17 4 1 19 0 16
10 9 1 1 0 0 4 14 10 7 17 5 16 18 13 8 11 2 19 4 4 4 1 9 13 2 8 13 0 10 5 4 6 17 7 0 10 1 14 18 12 2 6 17 3 8 10 10 8 10
11 0 19 8 1 4 0 16 16 9 1 18 7 11 18 14 15 5 5 12 3 6 0 6 13 7 13 3 12 0 19 19 15 5 7 9 18 15 8 16 12 17 3 10 2 3 11 2 13 10
3 13 14 7 7 14 16 0 19 3 0 11 4 19 14 5 2 15 5 13 18 6 3 6 18 11 18 15 4 8 12 9 5 12 3 1 13 2 7 15 4 6 10 3 2 18 12 19 17 6
17 5 10 12 4 10 16 19 0 6 12 5 11 3 17 14 15 17 19 0 13 4 16 0 14 2 8 18 18 11 2 10 7 5 14 6 6 12 9 1 7 14 11 7 13 18 7 16 5 17
19 16 10 3 9 7 9 3 6 0 13 6 4 19 11 0 17 12 18 17 19 5 16 9 0 1 13 3 16 6 13 11 0 13 18 10 5 9 9 14 6 1 3 5 19 6 12 2 16 3
5 18 1 1 17 17 1 0 12 13 0 5 0 0 9 2 17 9 17 12 6 15 13 18 18 12 17 13 16 7 5 0 7 0 17 12 5 19 5 18 6 14 3 8 8 6 5 2 10 17
12 13 8 1 15 5 18 11 5 6 5 0 9 8 10 3 0 11 11 8 12 9 6 8 3 19 1 10 19 18 4 3 5 8 11 8 2 19 13 7 7 17 11 5 4 6 17 6 8 3
2 6 4 8 19 16 7 4 11 4 0 9 0 11 15 19 18 9 14 2 16 11 19 1 1 1 14 19 10 18 0 3 8 11 12 13 2 8 14 0 3 1 5 11 0 3 3 9 17 13
1 2 9 14 4 18 11 19 3 19 0 8 11 0 19 18 13 18 14 13 5 9 2 5 9 14 5 7 0 9 16 0 2 12 5 15 9 4 12 9 19 3 4 14 10 5 14 9 3 8
17 4 3 8 8 13 18 14 17 11 9 10 15 19 0 17 13 3 17 1 13 1 5 16 9 9 6 18 17 15 18 13 13 13 0 9 19 4 6 12 8 13 1 7 18 5 12 12 16 4
6 13 0 17 11 8 14 5 14 0 2 3 19 18 17 0 16 16 0 16 18 4 7 6 1 6 13 11 0 7 4 5 9 1 0 6 14 16 12 6 4 3 2 10 8 2 19 14 16 6
17 8 8 1 16 11 15 2 15 17 17 0 18 13 13 16 0 19 7 3 7 19 9 5 18 7 4 10 8 11 18 3 9 18 5 9 9 10 4 19 6 17 3 4 11 16 2 17 17 4
7 0 19 17 13 2 5 15 17 12 9 11 9 18 3 16 19 0 7 17 6 8 10 13 6 18 15 13 19 0 2 12 15 16 11 14 10 12 2 1 10 0 0 3 16 2 6 0 17 10
11 19 11 9 16 19 5 5 19 18 17 11 14 14 17 0 7 7 0 3 11 12 1 10 6 15 17 13 4 13 14 2 17 2 2 3 16 0 2 4 2 13 15 7 19 17 18 14 11 15
18 2 14 9 13 4 12 13 0 17 12 8 2 13 1 16 3 17 3 0 9 0 4 8 13 10 16 18 13 18 7 1 5 9 2 4 9 8 0 4 8 13 6 14 0 4 7 5 3 8
19 17 9 9 12 4 3 18 13 19 6 12 16 5 13 18 7 6 11 9 0 0 9 11 12 1 6 4 11 2 13 5 19 7 4 5 3 7 15 4 17 10 17 5 0 6 19 11 13 12
10 14 10 10 4 4 6 6 4 5 15 9 11 9 1 4 19 8 12 0 0 0 18 3 9 6 15 14 11 5 19 1 16 18 11 19 14 13 9 3 18 0 10 13 6 5 10 6 19 5
17 14 6 9 2 1 0 3 16 16 13 6 19 2 5 7 9 10 1 4 9 18 0 17 9 5 19 3 10 19 1 19 6 16 9 13 16 6 0 1 14 2 14 17 13 6 15 8 8 2
7 1 4 15 7 9 6 6 0 9 18 8 1 5 16 6 5 13 10 8 11 3 17 0 19 6 11 1 18 12 11 5 12 9 19 3 3 19 10 13 16 11 5 12 17 7 13 2 12 19
5 18 2 15 14 13 13 18 14 0 18 3 1 9 9 1 18 6 6 13 12 9 9 19 0 1 9 13 11 3 3 13 18 11 16 11 18 17 11 14 7 1 1 12 3 13 8 15 9 16
18 4 2 3 2 2 7 11 2 1 12 19 1 14 9 6 7 18 15 10 1 6 5 6 1 0 7 19 16 8 17 13 18 8 3 17 16 18 4 8 15 17 1 19 3 15 18 16 8 4
5 5 3 6 13 8 13 18 8 13 17 1 14 5 6 13 4 15 17 16 6 15 19 11 9 7 0 4 13 8 1 6 3 18 4 17 1 14 0 10 15 13 16 10 2 6 12 19 13 13
2 14 16 18 14 13 3 15 18 3 13 10 19 7 18 11 10 13 13 18 4 14 3 1 13 19 4 0 11 12 14 11 10 5 12 11 14 10 2 10 12 16 2 18 15 5 0 3 6 17
2 9 7 12 8 0 12 4 18 16 16 19 10 0 17 0 8 19 4 13 11 11 10 18 11 16 13 11 0 13 1 13 12 16 8 1 1 3 13 6 11 16 7 1 15 10 10 13 13 8
5 12 0 4 3 10 0 8 11 6 7 18 18 9 15 7 11 0 13 18 2 5 19 12 3 8 8 12 13 0 10 11 7 8 10 17 13 19 8 10 11 9 1 18 12 2 12 8 7 9
18 15 5 6 8 5 19 12 2 13 5 4 0 16 18 4 18 2 14 7 13 19 1 11 3 17 1 14 1 10 0 14 8 2 9 0 14 5 12 4 7 10 14 5 3 8 8 3 0 14
18 13 8 13 16 4 19 9 10 11 0 3 3 0 13 5 3 12 2 1 5 1 19 5 13 13 6 11 13 11 14 0 15 18 11 7 3 5 10 10 13 0 13 8 18 16 13 18 5 5
12 19 16 13 5 6 15 5 7 0 7 5 8 2 13 9 9 15 17 5 19 16 6 12 18 18 3 10 12 7 8 15 0 9 0 4 0 12 13 7 13 18 2 14 10 1 13 15 9 8
2 14 5 17 14 17 5 12 5 13 0 8 11 12 13 1 18 16 2 9 7 18 16 9 11 8 18 5 16 8 2 18 9 0 0 15 9 11 10 6 7 5 1 15 17 12 18 10 7 15
8 1 16 18 19 7 7 3 14 18 17 11 12 5 0 0 5 11 2 2 4 11 9 19 16 3 4 12 8 10 9 11 0 0 0 15 2 5 18 7 0 8 19 4 2 10 15 16 15 11
5 6 14 13 8 0 9 1 6 10 12 8 13 15 9 6 9 14 3 4 5 19 13 3 11 17 17 11 1 17 0 7 4 15 15 0 15 9 14 1 18 6 5 17 11 17 0 4 4 19
16 6 2 14 19 10 18 13 6 5 5 2 2 9 19 14 9 10 16 9 3 14 16 3 18 16 1 14 1 13 14 3 0 9 2 15 0 3 9 7 10 5 14 19 6 3 19 10 4 18
7 8 1 7 10 1 15 2 12 9 19 19 8 4 4 16 10 12 0 8 7 13 6 19 17 18 14 10 3 19 5 5 12 11 5 9 3 0 16 3 19 3 9 16 16 5 12 11 0 16
3 12 18 9 18 14 8 7 9 9 5 13 14 12 6 12 4 2 2 0 15 9 0 10 11 4 0 2 13 8 12 10 13 10 18 14 9 16 0 17 19 7 11 9 3 17 16 9 0 19
13 9 7 6 18 18 16 15 1 14 18 7 0 9 12 6 19 1 4 4 4 3 1 13 14 8 10 10 6 10 4 10 7 6 7 1 7 3 17 0 18 6 9 18 7 15 15 9 16 9
6 15 7 2 14 12 12 4 7 6 6 7 3 19 8 4 6 10 2 8 17 18 14 16 7 15 15 12 11 11 7 13 13 7 0 18 10 19 19 18 0 9 4 17 12 3 11 9 0 9
8 16 17 5 3 2 17 6 14 1 14 17 1 3 13 3 17 0 13 13 10 0 2 11 1 17 13 16 16 9 10 0 18 5 8 6 5 3 7 6 9 0 4 14 10 5 8 13 15 4
15 9 17 18 14 6 3 10 11 3 3 11 5 4 1 2 3 0 15 6 17 10 14 5 1 1 16 2 7 1 14 13 2 1 19 5 14 9 11 9 4 4 0 5 1 18 16 15 4 18
8 9 3 7 13 17 10 3 7 5 8 5 11 14 7 10 4 3 7 14 5 13 17 12 12 19 10 18 1 18 5 8 14 15 4 17 19 16 9 18 17 14 5 0 3 15 13 1 19 11
9 8 2 6 17 3 2 2 13 19 8 4 0 10 18 8 11 16 19 0 0 6 13 17 3 3 2 15 15 12 3 18 10 17 2 11 6 16 3 7 12 10 1 3 0 17 10 5 7 3
2 6 4 12 4 8 3 18 18 6 6 6 3 5 5 2 16 2 17 4 6 5 6 7 13 15 6 5 10 2 8 16 1 12 10 17 3 5 17 15 3 5 18 15 17 0 5 7 14 14
19 11 17 1 1 10 11 12 7 12 5 17 3 14 12 19 2 6 18 7 19 10 15 13 8 18 12 0 10 12 8 13 13 18 15 0 19 12 16 15 11 8 16 13 10 5 0 0 7 13
6 7 6 15 19 10 2 19 16 2 2 6 9 9 12 14 17 0 14 5 11 6 8 2 15 16 19 3 13 8 3 18 15 10 16 4 10 11 9 9 9 13 15 1 5 7 0 0 4 18
4 11 4 17 0 8 13 17 5 16 10 8 17 3 16 16 17 17 11 3 13 19 8 12 9 8 13 6 13 7 0 5 9 7 15 4 4 0 0 16 0 15 4 19 7 14 7 4 0 7
1 8 3 6 16 10 10 6 17 3 17 3 13 8 4 6 4 10 15 8 12 5 2 19 16 4 13 17 8 9 14 5 8 15 11 19 18 16 19 9 9 4 18 11 3 14 13 18 7 0
