75
50
0 0 0 0 0 0 0 0 19 4 15 0 14 0 0 0 19 17 0 0 3 0 0 0 0 0 0 0 0 0 6 11 0 16 0 0 0 0 0 0 0 0 0 0 0 0 18 9 0 0
0 0 0 0 0 8 0 0 0 9 0 0 12 3 17 11 0 0 19 9 17 0 6 2 12 15 13 10 0 0 1 0 0 17 0 0 0 8 0 0 0 0 0 0 0 15 14 0 0 0
0 0 0 0 0 19 0 0 0 0 0 18 19 0 17 0 0 0 0 0 0 0 16 0 0 0 0 0 0 0 0 0 6 0 0 0 7 0 0 0 0 0 17 0 0 13 0 7 0 0
0 0 0 0 18 0 0 15 0 0 0 0 14 1 0 11 0 0 0 16 0 0 0 10 0 14 0 0 0 0 11 0 0 0 1 6 0 12 0 0 0 19 0 0 0 0 0 0 0 0
0 0 0 18 0 0 2 0 16 0 0 0 0 0 7 2 0 4 0 0 0 0 0 19 0 17 0 0 0 2 0 0 7 0 0 15 0 18 0 0 0 0 2 0 18 8 19 0 9 0
0 8 19 0 0 0 0 0 18 0 0 0 0 0 10 6 0 4 11 0 0 0 10 0 0 8 0 0 0 15 17 0 0 6 0 19 4 0 19 2 0 0 0 4 0 0 0 0 0 1
0 0 0 0 2 0 0 0 0 12 0 0 0 0 0 0 16 0 0 0 0 0 0 18 18 0 0 0 0 0 6 3 0 0 0 0 10 0 0 9 0 0 0 0 0 13 0 0 0 0
0 0 0 15 0 0 0 0 4 0 0 0 0 0 0 0 0 0 0 0 0 0 0 6 0 0 4 15 9 16 0 0 4 0 0 0 0 1 7 7 0 12 0 10 0 0 0 0 0 0
19 0 0 0 16 18 0 4 0 0 0 0 0 0 0 0 0 0 0 17 0 0 0 0 0 10 0 0 0 0 0 0 0 0 0 0 14 9 0 0 0 10 0 0 8 12 5 0 0 0
4 9 0 0 0 0 12 0 0 0 15 0 0 0 8 0 0 0 0 19 0 4 9 0 0 0 0 0 0 16 12 14 1 0 0 0 8 0 13 0 11 7 0 4 0 0 0 9 5 2
15 0 0 0 0 0 0 0 0 15 0 0 19 0 8 0 0 0 0 0 0 0 0 0 3 0 0 0 0 1 0 0 3 2 0 0 0 0 0 0 18 0 9 10 0 0 0 17 0 1
0 0 18 0 0 0 0 0 0 0 0 0 0 4 0 0 0 0 0 0 0 14 17 0 0 0 0 0 7 5 0 8 0 18 0 0 0 0 16 0 13 0 0 0 7 0 16 0 13 0
14 12 19 14 0 0 0 0 0 0 19 0 0 0 5 0 0 0 0 14 0 0 0 0 0 0 0 9 0 0 19 0 0 0 0 4 11 8 0 19 0 0 15 1 0 0 0 0 0 9
0 3 0 1 0 0 0 0 0 0 0 4 0 0 16 0 16 0 7 0 0 0 0 0 0 0 4 2 0 0 0 0 0 0 0 0 0 0 0 0 0 0 0 0 4 0 0 0 5 0
0 17 17 0 7 10 0 0 0 8 8 0 5 16 0 9 19 0 14 0 0 0 0 7 0 10 3 0 8 13 0 0 0 0 0 0 0 0 0 2 15 0 0 0 12 9 0 0 0 4
0 11 0 11 2 6 0 0 0 0 0 0 0 0 9 0 0 0 0 5 1 0 0 5 0 9 0 18 1 3 0 4 0 0 3 0 0 0 0 14 0 3 0 0 0 0 0 0 0 0
19 0 0 0 0 0 16 0 0 0 0 0 0 16 19 0 0 3 0 0 0 0 13 0 2 1 3 8 0 0 2 0 1 0 0 4 0 7 7 0 12 19 0 0 17 0 0 0 0 0
17 0 0 0 4 4 0 0 0 0 0 0 0 0 0 0 3 0 14 0 0 0 0 0 0 9 0 0 0 1 4 0 0 0 2 0 0 0 18 0 17 2 0 0 0 0 0 6 17 0
0 19 0 0 0 11 0 0 0 0 0 0 0 7 14 0 0 14 0 0 0 0 0 13 0 0 0 8 0 0 8 0 0 0 0 0 9 0 11 0 4 0 0 2 0 0 0 6 0 0
0 9 0 16 0 0 0 0 17 19 0 0 14 0 0 5 0 0 0 0 10 1 0 4 0 0 9 0 0 0 0 0 0 0 0 0 0 7 0 0 0 0 0 0 0 11 18 0 0 0
3 17 0 0 0 0 0 0 0 0 0 0 0 0 0 1 0 0 0 10 0 0 0 0 0 3 12 0 15 5 0 5 0 0 0 11 0 12 0 0 0 0 0 0 0 0 4 15 14 5
0 0 0 0 0 0 0 0 0 4 0 14 0 0 0 0 0 0 0 1 0 0 15 0 0 14 8 0 0 19 5 0 16 0 9 15 0 0 0 10 0 0 0 0 0 0 2 9 18 0
0 6 16 0 0 10 0 0 0 9 0 17 0 0 0 0 13 0 0 0 0 15 0 0 0 0 0 0 0 0 6 16 8 0 0 0 0 0 13 0 0 0 0 0 8 17 0 0 0 0
0 2 0 10 19 0 18 6 0 0 0 0 0 0 7 5 0 0 13 4 0 0 0 0 0 0 4 0 0 0 0 0 0 0 3 5 0 8 4 16 5 0 0 0 0 0 0 0 9 0
0 12 0 0 0 0 18 0 0 0 3 0 0 0 0 0 2 0 0 0 0 0 0 0 0 0 0 0 12 0 0 9 12 16 0 0 0 0 0 0 12 18 0 9 0 0 0 0 0 0
0 15 0 14 17 8 0 0 10 0 0 0 0 0 10 9 1 9 0 0 3 14 0 0 0 0 0 0 15 11 8 0 0 0 0 0 0 17 0 12 15 0 0 0 0 0 0 0 0 0
0 13 0 0 0 0 0 4 0 0 0 0 0 4 3 0 3 0 0 9 12 8 0 4 0 0 0 15 6 0 0 0 0 0 0 0 0 16 0 0 9 0 0 0 0 0 0 0 0 0
0 10 0 0 0 0 0 15 0 0 0 0 9 2 0 18 8 0 8 0 0 0 0 0 0 0 15 0 7 0 0 0 0 0 0 0 0 0 5 10 0 0 0 19 0 0 17 2 0 0
0 0 0 0 0 0 0 9 0 0 0 7 0 0 8 1 0 0 0 0 15 0 0 0 12 15 6 7 0 0 10 0 0 0 0 1 0 4 10 0 0 0 0 0 0 0 15 0 0 0
0 0 0 0 2 15 0 16 0 16 1 5 0 0 13 3 0 1 0 0 5 19 0 0 0 11 0 0 0 0 0 0 0 0 0 0 11 0 18 8 0 8 10 0 0 0 0 2 0 0
6 1 0 11 0 17 6 0 0 12 0 0 19 0 0 0 2 4 8 0 0 5 6 0 0 8 0 0 10 0 0 0 0 0 0 0 0 0 0 0 0 10 0 0 0 0 0 0 0 0
11 0 0 0 0 0 3 0 0 14 0 8 0 0 0 4 0 0 0 0 5 0 16 0 9 0 0 0 0 0 0 0 19 0 0 6 0 0 13 0 0 0 0 0 0 0 0 0 0 0
0 0 6 0 7 0 0 4 0 1 3 0 0 0 0 0 1 0 0 0 0 16 8 0 12 0 0 0 0 0 0 19 0 0 0 0 12 0 7 0 0 0 19 0 0 0 0 0 1 0
16 17 0 0 0 6 0 0 0 0 2 18 0 0 0 0 0 0 0 0 0 0 0 0 16 0 0 0 0 0 0 0 0 0 17 0 0 2 2 0 0 0 15 0 0 0 0 0 0 0
0 0 0 1 0 0 0 0 0 0 0 0 0 0 0 3 0 2 0 0 0 9 0 3 0 0 0 0 0 0 0 0 0 17 0 10 0 0 0 0 0 14 0 9 0 4 0 11 0 0
0 0 0 6 15 19 0 0 0 0 0 0 4 0 0 0 4 0 0 0 11 15 0 5 0 0 0 0 1 0 0 6 0 0 10 0 0 0 0 0 0 0 0 14 0 0 0 0 0 0
0 0 7 0 0 4 10 0 14 8 0 0 11 0 0 0 0 0 9 0 0 0 0 0 0 0 0 0 0 11 0 0 12 0 0 0 0 1 7 0 0 0 0 10 0 0 0 0 0 0
0 8 0 12 18 0 0 1 9 0 0 0 8 0 0 0 7 0 0 7 12 0 0 8 0 17 16 0 4 0 0 0 0 2 0 0 1 0 12 0 0 0 0 0 0 0 0 0 10 16
0 0 0 0 0 19 0 7 0 13 0 16 0 0 0 0 7 18 11 0 0 0 13 4 0 0 0 5 10 18 0 13 7 2 0 0 7 12 0 2 9 0 0 17 0 13 3 0 0 0
0 0 0 0 0 2 9 7 0 0 0 0 19 0 2 14 0 0 0 0 0 10 0 16 0 12 0 10 0 8 0 0 0 0 0 0 0 0 2 0 0 0 0 0 0 0 0 11 1 0
0 0 0 0 0 0 0 0 0 11 18 13 0 0 15 0 12 17 4 0 0 0 0 5 12 15 9 0 0 0 0 0 0 0 0 0 0 0 9 0 0 0 8 19 0 4 0 0 12 0
0 0 0 19 0 0 0 12 10 7 0 0 0 0 0 3 19 2 0 0 0 0 0 0 18 0 0 0 0 8 10 0 0 0 14 0 0 0 0 0 0 0 0 0 11 8 0 0 0 0
0 0 17 0 2 0 0 0 0 0 9 0 15 0 0 0 0 0 0 0 0 0 0 0 0 0 0 0 0 10 0 0 19 15 0 0 0 0 0 0 8 0 0 0 0 9 0 17 16 0
0 0 0 0 0 4 0 10 0 4 10 0 1 0 0 0 0 0 2 0 0 0 0 0 9 0 0 19 0 0 0 0 0 0 9 14 10 0 17 0 19 0 0 0 19 0 0 0 0 0
0 0 0 0 18 0 0 0 8 0 0 7 0 4 12 0 17 0 0 0 0 0 8 0 0 0 0 0 0 0 0 0 0 0 0 0 0 0 0 0 0 11 0 19 0 0 15 15 0 0
0 15 13 0 8 0 13 0 12 0 0 0 0 0 9 0 0 0 0 11 0 0 17 0 0 0 0 0 0 0 0 0 0 0 4 0 0 0 13 0 4 8 9 0 0 0 0 0 0 0
18 14 0 0 19 0 0 0 5 0 0 16 0 0 0 0 0 0 0 18 4 2 0 0 0 0 0 17 15 0 0 0 0 0 0 0 0 0 3 0 0 0 0 0 15 0 0 0 8 10
9 0 7 0 0 0 0 0 0 9 17 0 0 0 0 0 0 6 6 0 15 9 0 0 0 0 0 2 0 2 0 0 0 0 11 0 0 0 0 11 0 0 17 0 15 0 0 0 13 18
0 0 0 0 9 0 0 0 0 5 0 13 0 5 0 0 0 17 0 0 14 18 0 9 0 0 0 0 0 0 0 0 1 0 0 0 0 10 0 1 12 0 16 0 0 0 8 13 0 7
0 0 0 0 0 1 0 0 0 2 1 0 9 0 4 0 0 0 0 0 5 0 0 0 0 0 0 0 0 0 0 0 0 0 0 0 0 16 0 0 0 0 0 0 0 0 10 18 7 0
