50
50
0 16 0 9 1 17 6 18 13 3 7 3 18 9 9 2 15 8 6 2 11 2 13 19 11 10 12 0 10 0 15 3 4 17 5 2 10 17 3 3 6 3 3 3 2 8 12 15 5 2
16 0 10 1 4 19 4 13 9 17 7 6 5 13 1 1 1 4 1 7 12 19 16 0 9 11 6 18 16 13 6 15 1 19 1 16 5 7 12 2 0 3 6 19 16 4 10 11 8 10
0 10 0 19 12 7 12 12 3 5 16 16 3 6 2 9 9 12 15 10 13 11 4 8 9 10 11 11 2 19 18 12 3 15 12 13 13 16 1 19 2 15 16 0 16 1 1 4 14 1
9 1 19 0 9 16 16 13 12 17 14 12 6 14 0 3 9 13 4 17 16 6 16 8 10 10 16 7 2 11 15 12 17 14 6 9 17 11 11 17 2 8 12 19 13 4 10 10 15 6
1 4 12 9 0 11 18 11 14 12 3 16 9 3 4 7 13 1 16 7 2 16 11 1 5 3 6 15 13 19 12 13 9 9 4 2 7 6 3 14 10 9 3 14 18 13 1 11 8 12
17 19 7 16 11 0 10 15 16 2 10 5 9 4 7 5 16 5 16 19 3 19 7 3 6 19 7 13 9 10 1 12 11 1 10 1 6 15 1 4 4 15 0 8 4 11 7 14 19 0
6 4 12 16 18 10 0 12 8 13 17 13 16 19 18 13 7 13 3 1 15 1 3 1 19 12 10 7 13 14 14 14 16 13 16 6 4 9 10 7 9 11 11 5 9 9 0 16 12 13
18 13 12 13 11 15 12 0 7 17 5 15 19 9 6 2 8 11 3 4 19 15 17 19 0 0 8 7 18 9 2 2 1 3 4 12 9 6 1 11 8 11 3 10 10 3 17 5 6 2
13 9 3 12 14 16 8 7 0 1 0 12 5 7 12 3 10 11 17 12 2 9 10 19 8 2 0 16 10 10 17 3 9 13 1 7 1 16 10 11 17 1 18 16 11 7 10 0 12 12
3 17 5 17 12 2 13 17 1 0 9 18 12 5 4 10 1 5 16 7 7 0 6 14 13 11 13 8 14 12 1 1 18 18 16 16 13 7 0 6 1 17 12 1 14 8 17 8 14 11
7 7 16 14 3 10 17 5 0 9 0 7 18 1 15 13 6 1 8 15 12 19 11 2 8 9 17 7 5 5 5 16 8 1 16 1 13 1 8 8 13 10 13 0 15 7 8 13 9 15
3 6 16 12 16 5 13 15 12 18 7 0 13 1 12 17 1 12 12 1 13 16 19 4 3 14 4 6 18 16 3 0 11 6 7 18 15 0 2 4 1 17 1 2 19 0 11 7 15 12
18 5 3 6 9 9 16 19 5 12 18 13 0 17 10 12 9 9 19 16 0 0 5 19 4 13 11 8 10 4 16 9 16 8 18 7 1 12 18 8 12 6 12 6 9 8 15 12 4 17
9 13 6 14 3 4 19 9 7 5 1 1 17 0 13 3 18 0 11 7 10 6 6 10 0 2 10 5 11 11 0 7 17 8 17 11 12 0 7 5 6 17 2 11 11 8 18 12 18 18
9 1 2 0 4 7 18 6 12 4 15 12 10 13 0 19 7 18 5 6 12 9 12 4 14 15 8 6 4 11 0 2 3 19 0 6 12 12 13 11 6 11 10 15 19 10 13 11 13 10
2 1 9 3 7 5 13 2 3 10 13 17 12 3 19 0 18 4 0 16 14 16 10 18 4 5 5 14 8 15 8 12 7 0 18 7 14 3 0 14 9 5 11 19 9 6 7 15 13 7
15 1 9 9 13 16 7 8 10 1 6 1 9 18 7 18 0 15 1 8 2 8 4 17 13 4 8 18 16 9 16 6 10 5 2 12 2 8 4 6 12 18 15 13 12 10 11 4 19 17
8 4 12 13 1 5 13 11 11 5 1 12 9 0 18 4 15 0 14 11 1 7 3 17 13 9 18 19 1 4 13 1 11 12 16 18 4 19 5 17 15 14 19 1 1 17 11 13 5 12
6 1 15 4 16 16 3 3 17 16 8 12 19 11 5 0 1 14 0 9 13 16 19 15 10 14 0 3 6 16 0 7 12 6 2 4 16 5 11 15 2 10 15 19 10 8 13 4 17 4
2 7 10 17 7 19 1 4 12 7 15 1 16 7 6 16 8 11 9 0 19 3 18 9 9 17 0 13 1 15 2 3 8 15 3 6 15 15 17 4 6 11 3 4 11 17 1 16 1 6
11 12 13 16 2 3 15 19 2 7 12 13 0 10 12 14 2 1 13 19 0 12 4 16 3 6 9 14 17 10 17 18 9 5 11 13 4 16 11 13 3 12 19 7 6 0 9 18 13 18
2 19 11 6 16 19 1 15 9 0 19 16 0 6 9 16 8 7 16 3 12 0 1 3 6 9 15 5 18 14 17 7 0 13 13 4 12 0 9 2 3 11 3 15 8 2 15 7 13 8
13 16 4 16 11 7 3 17 10 6 11 19 5 6 12 10 4 3 19 18 4 1 0 6 16 19 7 14 18 14 5 5 8 17 12 0 4 1 4 19 4 8 8 5 19 17 10 5 4 19
19 0 8 8 1 3 1 19 19 14 2 4 19 10 4 18 17 17 15 9 16 3 6 0 16 12 17 6 5 10 19 6 12 8 4 4 16 3 14 19 7 7 1 8 0 3 6 4 0 6
11 9 9 10 5 6 19 0 8 13 8 3 4 0 14 4 13 13 10 9 3 6 16 16 0 19 1 7 9 3 9 7 6 13 7 6 11 15 3 18 8 12 18 10 2 12 15 10 12 1
10 11 10 10 3 19 12 0 2 11 9 14 13 2 15 5 4 9 14 17 6 9 19 12 19 0 16 3 1 11 6 11 13 18 16 10 0 18 7 16 3 10 16 17 11 5 17 6 2 10
12 6 11 16 6 7 10 8 0 13 17 4 11 10 8 5 8 18 0 0 9 15 7 17 1 16 0 17 12 5 6 11 17 17 12 6 14 2 9 14 8 19 7 1 3 0 0 7 7 3
0 18 11 7 15 13 7 7 16 8 7 6 8 5 6 14 18 19 3 13 14 5 14 6 7 3 17 0 11 13 2 17 10 12 14 2 12 12 12 17 11 6 13 3 1 11 5 6 5 3
10 16 2 2 13 9 13 18 10 14 5 18 10 11 4 8 16 1 6 1 17 18 18 5 9 1 12 11 0 14 7 14 17 19 7 17 16 18 17 15 15 10 13 5 1 6 2 10 7 0
0 13 19 11 19 10 14 9 10 12 5 16 4 11 11 15 9 4 16 15 10 14 14 10 3 11 5 13 14 0 5 17 9 16 14 10 17 1 4 0 15 0 6 12 5 8 17 12 1 3
15 6 18 15 12 1 14 2 17 1 5 3 16 0 0 8 16 13 0 2 17 17 5 19 9 6 6 2 7 5 0 10 0 19 8 6 14 3 3 7 15 8 16 10 1 4 8 6 15 7
3 15 12 12 13 12 14 2 3 1 16 0 9 7 2 12 6 1 7 3 18 7 5 6 7 11 11 17 14 17 10 0 9 19 19 18 19 12 18 0 18 12 2 8 4 13 15 14 16 10
4 1 3 17 9 11 16 1 9 18 8 11 16 17 3 7 10 11 12 8 9 0 8 12 6 13 17 10 17 9 0 9 0 0 4 7 18 10 1 15 2 3 5 10 8 0 17 16 0 6
17 19 15 14 9 1 13 3 13 18 1 6 8 8 19 0 5 12 6 15 5 13 17 8 13 18 17 12 19 16 19 19 0 0 0 13 19 5 7 6 5 13 11 15 10 14 5 4 11 13
5 1 12 6 4 10 16 4 1 16 16 7 18 17 0 18 2 16 2 3 11 13 12 4 7 16 12 14 7 14 8 19 4 0 0 3 14 10 2 9 14 17 14 9 19 17 13 3 7 19
2 16 13 9 2 1 6 12 7 16 1 18 7 11 6 7 12 18 4 6 13 4 0 4 6 10 6 2 17 10 6 18 7 13 3 0 4 14 2 13 10 6 0 13 1 12 10 8 11 19
10 5 13 17 7 6 4 9 1 13 13 15 1 12 12 14 2 4 16 15 4 12 4 16 11 0 14 12 16 17 14 19 18 19 14 4 0 10 16 17 4 4 4 9 4 15 15 12 9 11
17 7 16 11 6 15 9 6 16 7 1 0 12 0 12 3 8 19 5 15 16 0 1 3 15 18 2 12 18 1 3 12 10 5 10 14 10 0 5 17 14 3 10 18 16 2 19 3 6 11
3 12 1 11 3 1 10 1 10 0 8 2 18 7 13 0 4 5 11 17 11 9 4 14 3 7 9 12 17 4 3 18 1 7 2 2 16 5 0 4 1 14 1 13 3 0 5 19 6 11
3 2 19 17 14 4 7 11 11 6 8 4 8 5 11 14 6 17 15 4 13 2 19 19 18 16 14 17 15 0 7 0 15 6 9 13 17 17 4 0 15 16 18 11 15 3 17 9 10 10
6 0 2 2 10 4 9 8 17 1 13 1 12 6 6 9 12 15 2 6 3 3 4 7 8 3 8 11 15 15 15 18 2 5 14 10 4 14 1 15 0 14 4 2 18 19 11 9 2 19
3 3 15 8 9 15 11 11 1 17 10 17 6 17 11 5 18 14 10 11 12 11 8 7 12 10 19 6 10 0 8 12 3 13 17 6 4 3 14 16 14 0 15 1 7 4 14 1 10 12
3 6 16 12 3 0 11 3 18 12 13 1 12 2 10 11 15 19 15 3 19 3 8 1 18 16 7 13 13 6 16 2 5 11 14 0 4 10 1 18 4 15 0 8 15 2 0 14 10 0
3 19 0 19 14 8 5 10 16 1 0 2 6 11 15 19 13 1 19 4 7 15 5 8 10 17 1 3 5 12 10 8 10 15 9 13 9 18 13 11 2 1 8 0 10 13 0 18 12 9
2 16 16 13 18 4 9 10 11 14 15 19 9 11 19 9 12 1 10 11 6 8 19 0 2 11 3 1 1 5 1 4 8 10 19 1 4 16 3 15 18 7 15 10 0 3 17 12 0 16
8 4 1 4 13 11 9 3 7 8 7 0 8 8 10 6 10 17 8 17 0 2 17 3 12 5 0 11 6 8 4 13 0 14 17 12 15 2 0 3 19 4 2 13 3 0 17 8 18 3
12 10 1 10 1 7 0 17 10 17 8 11 15 18 13 7 11 11 13 1 9 15 10 6 15 17 0 5 2 17 8 15 17 5 13 10 15 19 5 17 11 14 0 0 17 17 0 7 6 8
15 11 4 10 11 14 16 5 0 8 13 7 12 12 11 15 4 13 4 16 18 7 5 4 10 6 7 6 10 12 6 14 16 4 3 8 12 3 19 9 9 1 14 18 12 8 7 0 6 14
5 8 14 15 8 19 12 6 12 14 9 15 4 18 13 13 19 5 17 1 13 13 4 0 12 2 7 5 7 1 15 16 0 11 7 11 9 6 6 10 2 10 10 12 0 18 6 6 0 5
2 10 1 6 12 0 13 2 12 11 15 12 17 18 10 7 17 12 4 6 18 8 19 6 1 10 3 3 0 3 7 10 6 13 19 19 11 11 11 10 19 12 0 9 16 3 8 14 5 0
