75
50
0 0 1 16 11 17 17 11 2 7 4 9 9 1 12 0 19 19 15 14 18 2 16 4 1 14 2 15 10 4 11 2 6 9 1 6 8 2 12 7 16 0 9 7 15 19 8 13 14 4
0 0 1 13 9 14 17 1 9 3 15 16 0 8 16 18 17 2 5 13 8 3 3 19 2 0 10 9 18 12 14 13 6 12 8 8 7 0 16 13 3 13 3 19 8 16 13 1 3 13
1 1 0 17 19 17 17 16 7 11 15 0 4 2 4 8 5 12 6 10 2 16 17 12 12 3 12 7 11 6 8 1 17 14 1 17 17 11 9 11 13 4 15 18 8 8 10 11 16 5
16 13 17 0 15 9 1 16 17 18 5 5 19 7 8 7 8 3 4 19 10 7 17 2 4 12 6 2 17 11 18 6 14 4 7 3 16 13 13 9 17 12 11 12 2 17 5 12 5 0
11 9 19 15 0 10 0 18 1 3 2 7 2 7 12 8 3 0 9 1 19 3 3 7 14 7 19 3 4 16 16 2 2 6 8 16 11 19 7 6 6 3 11 16 19 2 12 3 10 0
17 14 17 9 10 0 9 2 0 10 17 17 12 4 4 14 11 16 13 13 19 5 19 3 11 17 8 7 0 19 14 14 16 14 12 6 14 4 9 10 8 17 5 10 9 16 4 8 16 1
17 17 17 1 0 9 0 10 17 19 3 10 15 4 12 14 14 1 16 4 11 14 8 19 12 6 15 11 6 10 0 8 13 1 12 19 7 4 3 19 19 10 9 3 12 9 4 19 18 10
11 1 16 16 18 2 10 0 4 14 10 10 10 8 5 19 8 3 5 18 6 13 1 15 0 19 11 17 19 1 12 13 11 14 5 3 12 17 11 17 12 5 0 7 15 0 18 14 12 11
2 9 7 17 1 0 17 4 0 14 5 1 4 8 10 1 5 16 5 19 0 0 15 6 19 13 2 6 15 8 7 13 5 16 5 19 6 18 13 0 2 13 2 10 15 19 8 10 19 14
7 3 11 18 3 10 19 14 14 0 9 14 19 7 9 1 6 13 3 18 10 0 0 3 7 18 12 2 2 5 15 13 4 19 8 7 17 9 2 16 3 19 3 9 4 5 18 18 7 15
4 15 15 5 2 17 3 10 5 9 0 1 18 1 4 10 0 13 4 17 4 9 17 2 14 15 19 3 8 5 9 3 0 7 15 0 11 1 4 19 5 0 15 15 5 15 7 2 8 17
9 16 0 5 7 17 10 10 1 14 1 0 5 18 8 10 17 1 0 19 11 8 9 8 3 9 6 19 11 15 11 15 10 2 16 7 14 5 4 18 1 4 11 9 10 0 8 19 8 4
9 0 4 19 2 12 15 10 4 19 18 5 0 12 18 4 3 14 3 15 3 15 1 0 1 0 8 3 2 4 12 18 4 4 2 18 14 0 19 9 9 14 19 2 1 18 17 16 7 18
1 8 2 7 7 4 4 8 8 7 1 18 12 0 19 5 6 16 9 9 1 14 13 2 11 15 18 7 19 0 11 1 4 11 2 16 15 9 16 8 6 8 1 5 7 7 2 14 8 4
12 16 4 8 12 4 12 5 10 9 4 8 18 19 0 9 2 4 18 8 6 17 1 16 14 1 4 4 1 18 15 9 18 8 3 19 16 1 14 0 19 4 11 18 14 9 4 12 18 2
0 18 8 7 8 14 14 19 1 1 10 10 4 5 9 0 8 0 6 6 10 14 12 15 6 1 15 7 3 16 2 12 18 9 1 8 10 9 7 16 1 8 7 11 12 12 5 6 19 6
19 17 5 8 3 11 14 8 5 6 0 17 3 6 2 8 0 12 15 8 17 16 18 17 3 4 6 11 16 12 5 15 10 10 15 14 4 18 2 5 12 12 13 19 9 13 19 19 3 0
19 2 12 3 0 16 1 3 16 13 13 1 14 16 4 0 12 0 11 1 19 12 15 6 6 5 16 17 1 10 4 1 8 15 10 10 17 11 5 10 18 14 9 15 13 16 19 15 9 16
15 5 6 4 9 13 16 5 5 3 4 0 3 9 18 6 15 11 0 14 6 10 4 19 3 9 6 5 4 8 16 18 17 4 12 7 17 17 1 17 7 10 19 10 18 18 2 0 18 0
14 13 10 19 1 13 4 18 19 18 17 19 15 9 8 6 8 1 14 0 12 4 5 9 2 16 14 0 15 4 11 15 12 14 11 18 19 13 18 9 12 6 0 15 17 15 18 16 11 0
18 8 2 10 19 19 11 6 0 10 4 11 3 1 6 10 17 19 6 12 0 8 5 17 14 7 9 8 17 11 16 12 13 0 3 2 1 10 0 0 13 12 11 8 8 3 5 2 17 5
2 3 16 7 3 5 14 13 0 0 9 8 15 14 17 14 16 12 10 4 8 0 1 13 7 6 13 14 17 12 15 16 9 14 6 19 4 16 14 10 2 16 19 18 2 4 19 14 5 3
16 3 17 17 3 19 8 1 15 0 17 9 1 13 1 12 18 15 4 5 5 1 0 0 13 19 18 6 15 7 14 10 9 8 5 13 9 6 8 15 14 13 19 15 16 11 5 9 13 10
4 19 12 2 7 3 19 15 6 3 2 8 0 2 16 15 17 6 19 9 17 13 0 0 11 2 0 1 16 9 19 13 7 7 1 17 13 3 16 14 15 14 18 5 13 18 1 9 8 6
1 2 12 4 14 11 12 0 19 7 14 3 1 11 14 6 3 6 3 2 14 7 13 11 0 13 8 7 15 15 17 12 6 17 11 4 0 3 6 14 3 5 0 9 18 16 8 12 11 6
14 0 3 12 7 17 6 19 13 18 15 9 0 15 1 1 4 5 9 16 7 6 19 2 13 0 4 2 2 19 17 1 13 17 16 2 5 11 17 15 3 4 4 17 3 0 8 4 16 8
2 10 12 6 19 8 15 11 2 12 19 6 8 18 4 15 6 16 6 14 9 13 18 0 8 4 0 13 18 3 17 15 16 7 3 19 13 9 0 6 1 10 11 19 5 3 17 13 9 16
15 9 7 2 3 7 11 17 6 2 3 19 3 7 4 7 11 17 5 0 8 14 6 1 7 2 13 0 2 10 2 3 0 14 15 4 17 7 18 13 0 19 1 13 3 1 16 16 1 1
10 18 11 17 4 0 6 19 15 2 8 11 2 19 1 3 16 1 4 15 17 17 15 16 15 2 18 2 0 6 13 15 16 10 6 4 17 10 1 4 12 9 8 4 3 0 19 8 19 4
4 12 6 11 16 19 10 1 8 5 5 15 4 0 18 16 12 10 8 4 11 12 7 9 15 19 3 10 6 0 14 13 10 8 5 6 4 3 15 8 11 8 11 12 2 2 7 16 15 16
11 14 8 18 16 14 0 12 7 15 9 11 12 11 15 2 5 4 16 11 16 15 14 19 17 17 17 2 13 14 0 5 17 5 18 14 10 12 10 15 9 3 11 10 1 15 3 7 11 4
2 13 1 6 2 14 8 13 13 13 3 15 18 1 9 12 15 1 18 15 12 16 10 13 12 1 15 3 15 13 5 0 9 5 14 7 1 12 13 13 8 12 6 19 9 9 3 13 0 16
6 6 17 14 2 16 13 11 5 4 0 10 4 4 18 18 10 8 17 12 13 9 9 7 6 13 16 0 16 10 17 9 0 5 18 4 3 12 5 7 12 9 6 5 8 7 15 13 15 18
9 12 14 4 6 14 1 14 16 19 7 2 4 11 8 9 10 15 4 14 0 14 8 7 17 17 7 14 10 8 5 5 5 0 8 15 10 17 5 4 15 10 2 5 16 1 1 6 7 18
1 8 1 7 8 12 12 5 5 8 15 16 2 2 3 1 15 10 12 11 3 6 5 1 11 16 3 15 6 5 18 14 18 8 0 12 14 16 5 5 7 4 14 18 6 6 12 5 16 10
6 8 17 3 16 6 19 3 19 7 0 7 18 16 19 8 14 10 7 18 2 19 13 17 4 2 19 4 4 6 14 7 4 15 12 0 0 6 5 0 12 15 8 6 0 17 14 3 13 0
8 7 17 16 11 14 7 12 6 17 11 14 14 15 16 10 4 17 17 19 1 4 9 13 0 5 13 17 17 4 10 1 3 10 14 0 0 4 9 1 16 6 3 2 4 4 7 16 7 10
2 0 11 13 19 4 4 17 18 9 1 5 0 9 1 9 18 11 17 13 10 16 6 3 3 11 9 7 10 3 12 12 12 17 16 6 4 0 15 3 2 6 2 9 15 2 19 17 17 6
12 16 9 13 7 9 3 11 13 2 4 4 19 16 14 7 2 5 1 18 0 14 8 16 6 17 0 18 1 15 10 13 5 5 5 5 9 15 0 14 7 14 4 1 15 5 16 7 18 9
7 13 11 9 6 10 19 17 0 16 19 18 9 8 0 16 5 10 17 9 0 10 15 14 14 15 6 13 4 8 15 13 7 4 5 0 1 3 14 0 6 19 10 11 17 17 14 19 10 16
16 3 13 17 6 8 19 12 2 3 5 1 9 6 19 1 12 18 7 12 13 2 14 15 3 3 1 0 12 11 9 8 12 15 7 12 16 2 7 6 0 11 4 2 9 10 16 9 5 0
0 13 4 12 3 17 10 5 13 19 0 4 14 8 4 8 12 14 10 6 12 16 13 14 5 4 10 19 9 8 3 12 9 10 4 15 6 6 14 19 11 0 13 1 13 1 5 10 3 0
9 3 15 11 11 5 9 0 2 3 15 11 19 1 11 7 13 9 19 0 11 19 19 18 0 4 11 1 8 11 11 6 6 2 14 8 3 2 4 10 4 13 0 16 18 16 1 14 14 8
7 19 18 12 16 10 3 7 10 9 15 9 2 5 18 11 19 15 10 15 8 18 15 5 9 17 19 13 4 12 10 19 5 5 18 6 2 9 1 11 2 1 16 0 0 2 10 4 13 1
15 8 8 2 19 9 12 15 15 4 5 10 1 7 14 12 9 13 18 17 8 2 16 13 18 3 5 3 3 2 1 9 8 16 6 0 4 15 15 17 9 13 18 0 0 5 1 17 3 16
19 16 8 17 2 16 9 0 19 5 15 0 18 7 9 12 13 16 18 15 3 4 11 18 16 0 3 1 0 2 15 9 7 1 6 17 4 2 5 17 10 1 16 2 5 0 10 17 19 0
8 13 10 5 12 4 4 18 8 18 7 8 17 2 4 5 19 19 2 18 5 19 5 1 8 8 17 16 19 7 3 3 15 1 12 14 7 19 16 14 16 5 1 10 1 10 0 2 13 6
13 1 11 12 3 8 19 14 10 18 2 19 16 14 12 6 19 15 0 16 2 14 9 9 12 4 13 16 8 16 7 13 13 6 5 3 16 17 7 19 9 10 14 4 17 17 2 0 9 18
14 3 16 5 10 16 18 12 19 7 8 8 7 8 18 19 3 9 18 11 17 5 13 8 11 16 9 1 19 15 11 0 15 7 16 13 7 17 18 10 5 3 14 13 3 19 13 9 0 8
4 13 5 0 0 1 10 11 14 15 17 4 18 4 2 6 0 16 0 0 5 3 10 6 6 8 16 1 4 16 4 16 18 18 10 0 10 6 9 16 0 0 8 1 16 0 6 18 8 0
