75
50
0 0 0 0 0 0 0 8 0 13 0 0 0 19 0 0 0 0 2 0 0 3 0 0 0 0 0 0 0 0 10 0 17 17 0 0 0 0 3 0 0 13 0 0 0 0 0 0 0 0
0 0 13 0 0 0 9 0 8 0 0 0 12 0 0 5 0 0 0 0 5 0 0 0 0 15 2 0 0 0 0 0 0 0 0 0 0 0 0 0 0 0 0 9 0 0 0 0 0 0
0 13 0 18 0 14 0 0 0 12 0 0 0 0 0 3 0 10 0 0 0 0 0 0 0 0 0 0 0 1 0 0 0 0 2 4 19 7 0 11 9 7 0 0 10 0 0 0 17 0
0 0 18 0 0 19 0 0 0 0 15 0 7 0 0 6 0 0 0 0 0 0 0 0 9 0 0 0 0 0 19 0 0 0 18 0 9 19 0 0 0 0 0 0 0 0 0 0 0 0
0 0 0 0 0 0 0 0 5 0 0 0 10 0 9 0 0 0 0 5 1 0 19 9 0 0 0 14 0 0 0 0 14 0 0 6 0 0 11 15 0 18 0 0 0 14 0 0 0 0
0 0 14 19 0 0 0 2 0 0 0 0 18 0 0 18 0 0 3 13 0 0 12 0 0 13 11 12 0 0 0 14 0 0 15 6 0 0 2 0 5 14 0 0 0 19 0 0 0 0
0 9 0 0 0 0 0 0 14 16 0 0 0 0 13 16 0 0 0 0 0 13 11 0 0 0 0 0 0 0 0 2 0 0 0 8 0 0 14 0 0 0 0 0 0 16 0 0 14 8
8 0 0 0 0 2 0 0 0 0 0 0 0 0 0 8 0 15 0 0 0 4 0 0 0 9 0 3 0 0 0 0 0 0 18 6 0 0 0 3 19 0 6 0 0 0 11 0 0 18
0 8 0 0 5 0 14 0 0 0 0 8 0 5 8 0 0 0 0 0 0 0 11 8 0 0 0 0 2 0 0 3 0 9 0 3 0 0 4 0 12 0 13 0 5 13 0 0 0 18
13 0 12 0 0 0 16 0 0 0 0 0 0 0 0 0 0 17 0 0 0 0 5 0 18 8 13 0 0 0 16 0 0 0 0 0 17 0 0 2 0 0 0 0 11 0 0 0 14 0
0 0 0 15 0 0 0 0 0 0 0 0 0 0 14 5 0 0 0 0 0 0 12 0 13 0 0 0 0 0 0 16 1 0 0 0 0 0 0 0 0 0 2 14 4 15 14 0 0 0
0 0 0 0 0 0 0 0 8 0 0 0 0 0 0 11 12 0 0 10 0 0 19 8 0 0 0 0 6 0 0 0 0 0 2 14 19 0 0 15 0 0 0 0 8 0 0 0 0 16
0 12 0 7 10 18 0 0 0 0 0 0 0 0 0 0 0 0 16 0 5 0 5 14 0 0 17 0 0 0 0 0 0 0 13 0 8 0 0 0 0 0 17 5 9 0 6 7 11 0
19 0 0 0 0 0 0 0 5 0 0 0 0 0 0 0 0 0 0 0 0 11 8 0 0 14 0 0 0 0 0 0 0 5 11 0 14 12 0 0 0 0 0 0 0 1 0 10 0 0
0 0 0 0 9 0 13 0 8 0 14 0 0 0 0 0 0 0 0 8 0 0 0 0 0 0 13 0 0 0 18 5 0 2 0 0 0 0 0 19 9 0 0 0 0 0 3 0 0 8
0 5 3 6 0 18 16 8 0 0 5 11 0 0 0 0 0 18 0 14 13 0 0 8 0 1 17 0 12 0 0 0 4 0 15 18 0 0 15 0 9 0 6 0 0 0 0 0 0 4
0 0 0 0 0 0 0 0 0 0 0 12 0 0 0 0 0 0 0 0 0 18 0 0 18 0 0 13 0 0 0 9 0 0 0 19 0 0 8 4 0 0 0 0 0 0 0 0 0 19
0 0 10 0 0 0 0 15 0 17 0 0 0 0 0 18 0 0 0 0 0 0 0 0 0 0 0 8 0 0 0 0 1 0 14 0 0 0 0 0 0 0 0 0 0 0 0 0 0 0
2 0 0 0 0 3 0 0 0 0 0 0 16 0 0 0 0 0 0 0 0 0 0 0 0 0 0 14 0 17 0 0 4 0 0 0 0 9 8 5 4 0 0 13 17 12 0 0 0 0
0 0 0 0 5 13 0 0 0 0 0 10 0 0 8 14 0 0 0 0 0 0 6 0 0 0 4 0 0 0 0 0 7 0 0 0 0 17 0 0 9 0 11 0 1 15 0 0 0 0
0 5 0 0 1 0 0 0 0 0 0 0 5 0 0 13 0 0 0 0 0 18 0 4 0 0 0 0 0 0 0 0 16 0 13 0 0 0 0 11 0 0 0 0 0 3 15 0 0 0
3 0 0 0 0 0 13 4 0 0 0 0 0 11 0 0 18 0 0 0 18 0 0 7 0 0 0 0 0 0 1 0 0 0 0 17 0 0 2 0 0 0 16 17 0 0 0 0 0 0
0 0 0 0 19 12 11 0 11 5 12 19 5 8 0 0 0 0 0 6 0 0 0 0 0 0 0 0 0 0 4 0 0 11 0 0 0 7 0 11 4 0 0 0 0 18 0 12 0 0
0 0 0 0 9 0 0 0 8 0 0 8 14 0 0 8 0 0 0 0 4 7 0 0 0 0 4 5 8 0 0 0 0 3 0 1 0 0 7 0 0 0 0 0 9 2 0 0 0 0
0 0 0 9 0 0 0 0 0 18 13 0 0 0 0 0 18 0 0 0 0 0 0 0 0 0 18 0 0 0 2 0 0 0 0 16 13 10 0 3 10 0 0 0 14 16 0 0 0 0
0 15 0 0 0 13 0 9 0 8 0 0 0 14 0 1 0 0 0 0 0 0 0 0 0 0 0 0 0 0 0 0 0 0 0 1 0 0 0 0 13 0 0 0 10 0 0 3 16 0
0 2 0 0 0 11 0 0 0 13 0 0 17 0 13 17 0 0 0 4 0 0 0 4 18 0 0 0 0 0 0 0 0 0 0 4 11 0 0 0 0 0 0 0 0 19 0 0 2 10
0 0 0 0 14 12 0 3 0 0 0 0 0 0 0 0 13 8 14 0 0 0 0 5 0 0 0 0 11 0 6 0 7 0 0 0 0 0 0 0 0 0 0 13 0 0 0 0 19 15
0 0 0 0 0 0 0 0 2 0 0 6 0 0 0 12 0 0 0 0 0 0 0 8 0 0 0 11 0 0 0 0 0 0 19 0 14 0 16 3 0 0 6 0 0 0 0 14 0 0
0 0 1 0 0 0 0 0 0 0 0 0 0 0 0 0 0 0 17 0 0 0 0 0 0 0 0 0 0 0 0 0 9 13 6 0 0 0 0 0 11 0 11 16 0 0 0 0 0 0
10 0 0 19 0 0 0 0 0 16 0 0 0 0 18 0 0 0 0 0 0 1 4 0 2 0 0 6 0 0 0 0 0 18 0 1 6 1 5 0 0 10 0 0 17 0 0 0 2 0
0 0 0 0 0 14 2 0 3 0 16 0 0 0 5 0 9 0 0 0 0 0 0 0 0 0 0 0 0 0 0 0 0 0 0 1 0 0 0 8 10 0 0 0 6 0 0 0 0 0
17 0 0 0 14 0 0 0 0 0 1 0 0 0 0 4 0 1 4 7 16 0 0 0 0 0 0 7 0 9 0 0 0 0 0 17 5 0 0 0 0 0 0 0 0 19 0 0 10 4
17 0 0 0 0 0 0 0 9 0 0 0 0 5 2 0 0 0 0 0 0 0 11 3 0 0 0 0 0 13 18 0 0 0 0 0 0 9 0 10 0 5 0 0 19 19 0 13 18 12
0 0 2 18 0 15 0 18 0 0 0 2 13 11 0 15 0 14 0 0 13 0 0 0 0 0 0 0 19 6 0 0 0 0 0 0 0 16 0 0 0 0 0 17 6 0 0 0 0 0
0 0 4 0 6 6 8 6 3 0 0 14 0 0 0 18 19 0 0 0 0 17 0 1 16 1 4 0 0 0 1 1 17 0 0 0 0 0 0 10 0 0 10 0 0 0 13 0 0 0
0 0 19 9 0 0 0 0 0 17 0 19 8 14 0 0 0 0 0 0 0 0 0 0 13 0 11 0 14 0 6 0 5 0 0 0 0 0 14 0 7 0 0 8 0 8 5 0 0 0
0 0 7 19 0 0 0 0 0 0 0 0 0 12 0 0 0 0 9 17 0 0 7 0 10 0 0 0 0 0 1 0 0 9 16 0 0 0 7 17 0 17 0 4 14 0 0 17 10 0
3 0 0 0 11 2 14 0 4 0 0 0 0 0 0 15 8 0 8 0 0 2 0 7 0 0 0 0 16 0 5 0 0 0 0 0 14 7 0 14 0 0 19 0 5 0 0 0 16 0
0 0 11 0 15 0 0 3 0 2 0 15 0 0 19 0 4 0 5 0 11 0 11 0 3 0 0 0 3 0 0 8 0 10 0 10 0 17 14 0 0 0 0 0 0 7 0 0 0 0
0 0 9 0 0 5 0 19 12 0 0 0 0 0 9 9 0 0 4 9 0 0 4 0 10 13 0 0 0 11 0 10 0 0 0 0 7 0 0 0 0 0 8 0 0 0 0 0 0 0
13 0 7 0 18 14 0 0 0 0 0 0 0 0 0 0 0 0 0 0 0 0 0 0 0 0 0 0 0 0 10 0 0 5 0 0 0 17 0 0 0 0 5 0 5 6 0 13 0 1
0 0 0 0 0 0 0 6 13 0 2 0 17 0 0 6 0 0 0 11 0 16 0 0 0 0 0 0 6 11 0 0 0 0 0 10 0 0 19 0 8 5 0 0 13 0 14 12 0 0
0 9 0 0 0 0 0 0 0 0 14 0 5 0 0 0 0 0 13 0 0 17 0 0 0 0 0 13 0 16 0 0 0 0 17 0 8 4 0 0 0 0 0 0 0 12 0 0 0 19
0 0 10 0 0 0 0 0 5 11 4 8 9 0 0 0 0 0 17 1 0 0 0 9 14 10 0 0 0 0 17 6 0 19 6 0 0 14 5 0 0 5 13 0 0 0 0 0 6 0
0 0 0 0 14 19 16 0 13 0 15 0 0 1 0 0 0 0 12 15 3 0 18 2 16 0 19 0 0 0 0 0 19 19 0 0 8 0 0 7 0 6 0 12 0 0 0 0 0 1
0 0 0 0 0 0 0 11 0 0 14 0 6 0 3 0 0 0 0 0 15 0 0 0 0 0 0 0 0 0 0 0 0 0 0 13 5 0 0 0 0 0 14 0 0 0 0 0 0 0
0 0 0 0 0 0 0 0 0 0 0 0 7 10 0 0 0 0 0 0 0 0 12 0 0 3 0 0 14 0 0 0 0 13 0 0 0 17 0 0 0 13 12 0 0 0 0 0 0 18
0 0 17 0 0 0 14 0 0 14 0 0 11 0 0 0 0 0 0 0 0 0 0 0 0 16 2 19 0 0 2 0 10 18 0 0 0 10 16 0 0 0 0 0 6 0 0 0 0 0
0 0 0 0 0 0 8 18 18 0 0 16 0 0 8 4 19 0 0 0 0 0 0 0 0 0 10 15 0 0 0 0 4 12 0 0 0 0 0 0 0 1 0 19 0 1 0 18 0 0
