75
75
0 0 0 0 0 5 0 0 0 0 1 0 0 0 0 0 0 0 5 0 0 0 0 0 0 12 0 0 0 7 0 0 3 18 0 0 0 0 19 0 1 0 0 0 0 0 12 13 0 0 0 0 11 0 0 0 3 3 0 0 0 0 0 0 0 0 0 16 0 0 0 0 0 0 11
0 0 0 0 0 0 0 0 0 0 0 0 0 0 0 0 18 10 0 0 2 17 3 0 0 1 0 0 0 0 0 12 0 2 0 0 0 0 0 0 6 13 12 0 0 0 0 0 0 0 6 0 0 0 0 0 14 0 11 11 0 0 16 0 0 0 0 0 12 0 0 11 0 0 0
0 0 0 18 0 0 14 2 0 0 16 15 0 0 0 0 0 9 0 0 0 15 0 12 0 0 0 0 11 0 0 0 0 0 0 3 0 3 0 0 0 0 0 16 0 0 0 6 11 0 0 2 0 0 0 0 0 0 0 0 0 0 0 0 18 7 0 0 0 0 0 0 0 7 17
0 0 18 0 0 0 0 3 0 0 0 0 0 0 0 15 0 18 0 0 0 1 0 14 0 0 0 0 0 0 0 7 0 18 3 0 7 0 0 5 0 0 0 0 17 0 0 0 2 12 11 19 0 0 0 0 0 0 7 0 0 0 0 7 0 3 1 7 0 0 0 9 0 10 0
0 0 0 0 0 0 0 0 0 0 0 6 0 0 18 0 0 3 6 14 0 0 0 1 5 0 0 0 0 0 0 0 0 19 0 0 0 0 13 0 6 0 0 0 0 0 0 0 0 0 0 0 15 5 0 0 0 0 8 0 0 0 0 15 0 0 0 0 0 8 1 17 0 0 0
5 0 0 0 0 0 15 0 0 0 0 4 0 0 0 0 0 15 0 0 0 0 0 0 0 0 0 0 18 0 7 4 0 0 0 0 0 9 0 0 4 0 0 0 0 0 0 2 0 0 13 0 0 5 0 0 0 0 12 0 6 0 0 0 0 6 0 0 0 7 0 0 0 0 0
0 0 14 0 0 15 0 11 16 0 5 16 13 0 0 0 0 0 0 15 9 11 0 0 0 0 6 0 0 6 0 0 2 0 0 0 2 0 0 0 4 0 0 0 13 3 0 10 19 0 0 0 14 0 3 0 0 0 4 0 0 8 0 4 0 3 0 0 0 0 8 0 0 0 0
0 0 2 3 0 0 11 0 8 8 0 0 0 15 0 6 0 0 0 0 0 2 0 0 0 0 19 0 4 3 10 0 0 9 0 0 0 0 15 5 0 0 0 0 0 0 0 0 0 0 0 12 0 0 17 0 0 5 15 4 8 0 0 0 0 0 0 0 0 18 0 9 0 0 0
0 0 0 0 0 0 16 8 0 0 5 17 5 0 0 0 10 0 0 8 12 0 4 6 0 0 0 0 0 3 0 0 0 0 0 0 0 0 0 0 0 0 0 0 0 0 0 0 0 6 0 0 0 0 10 1 0 0 5 3 12 0 0 3 0 4 0 2 0 0 0 19 0 15 0
0 0 0 0 0 0 0 8 0 0 0 0 0 0 0 12 0 5 0 0 0 12 0 0 0 0 0 13 0 0 0 0 0 14 0 14 0 0 0 0 0 0 0 10 0 0 0 0 5 0 0 15 19 0 0 0 0 0 0 10 0 0 6 0 0 0 0 7 11 0 0 0 0 0 5
1 0 16 0 0 0 5 0 5 0 0 0 4 0 6 8 0 0 1 18 11 0 0 0 11 7 0 0 0 0 17 0 12 0 0 0 13 4 0 2 0 0 0 0 0 0 15 0 6 0 2 0 0 0 0 10 0 0 0 0 0 0 14 15 0 0 14 0 8 0 0 14 0 8 14
0 0 15 0 6 4 16 0 17 0 0 0 12 0 4 0 4 0 0 0 0 10 1 0 4 0 0 0 0 0 0 0 19 0 0 0 0 0 0 10 4 0 0 0 18 0 0 0 0 0 0 0 0 0 0 3 0 13 14 0 0 0 19 0 0 12 15 0 0 0 0 0 0 0 13
0 0 0 0 0 0 13 0 5 0 4 12 0 4 5 0 0 0 0 1 0 0 9 0 12 0 0 0 0 0 0 11 0 0 0 0 5 0 0 0 17 12 0 0 14 9 0 0 0 14 1 16 9 16 0 0 0 0 0 0 0 0 0 14 0 2 0 0 0 0 0 0 11 0 0
0 0 0 0 0 0 0 15 0 0 0 0 4 0 0 0 9 0 0 0 0 10 0 11 0 0 0 0 2 0 0 15 0 0 13 19 0 16 11 17 0 19 3 8 0 0 0 0 0 2 0 3 0 0 0 11 0 0 0 0 1 0 0 0 4 0 0 0 5 0 5 12 0 0 0
0 0 0 0 18 0 0 0 0 0 6 4 5 0 0 0 0 8 7 0 0 0 0 0 0 0 0 0 18 0 0 0 0 11 0 0 0 0 0 0 0 0 0 0 14 5 0 0 0 0 0 17 0 0 0 6 0 15 17 15 1 0 1 0 11 0 4 0 0 0 0 0 18 0 6
0 0 0 15 0 0 0 6 0 12 8 0 0 0 0 0 0 0 0 0 18 0 15 10 0 0 0 0 1 0 0 5 6 0 0 0 0 0 7 0 0 11 0 0 0 0 0 11 16 0 0 15 0 0 0 0 16 0 0 0 0 0 17 0 4 0 0 0 0 5 6 0 16 10 0
0 18 0 0 0 0 0 0 10 0 0 4 0 9 0 0 0 0 7 0 15 11 19 0 9 18 7 15 13 0 0 0 0 0 0 18 15 0 12 0 2 18 0 0 7 0 18 0 0 3 1 0 14 0 7 0 0 0 10 0 0 0 0 0 0 0 0 0 9 8 0 0 19 8 0
0 10 9 18 3 15 0 0 0 5 0 0 0 0 8 0 0 0 0 0 0 0 0 0 0 5 0 0 0 5 0 1 0 0 0 0 15 16 10 0 0 11 0 0 0 0 0 0 0 0 19 0 0 0 0 1 0 1 0 0 0 0 0 18 0 0 0 5 18 17 0 0 15 0 0
5 0 0 0 6 0 0 0 0 0 1 0 0 0 7 0 7 0 0 0 0 12 0 0 0 0 0 0 0 0 6 0 18 15 0 0 0 0 14 0 0 0 0 0 0 0 0 2 0 0 17 0 8 0 0 0 12 16 0 19 0 0 9 0 0 0 0 0 19 0 12 0 0 0 0
0 0 0 0 14 0 15 0 8 0 18 0 1 0 0 0 0 0 0 0 0 13 0 0 0 0 1 0 0 9 0 0 0 0 0 0 6 0 7 0 0 4 0 0 0 0 11 0 16 2 0 0 0 0 0 0 0 0 0 0 0 0 0 0 15 0 0 5 0 0 0 0 0 0 0
0 2 0 0 0 0 9 0 12 0 11 0 0 0 0 18 15 0 0 0 0 0 0 0 0 0 0 0 0 4 3 0 0 0 13 0 4 0 0 0 0 6 4 7 0 0 0 10 0 17 0 13 0 8 0 0 0 0 0 0 5 0 0 0 0 0 0 0 0 13 0 0 0 0 0
0 17 15 1 0 0 11 2 0 12 0 10 0 10 0 0 11 0 12 13 0 0 0 0 3 0 0 0 0 0 0 17 14 4 0 6 0 0 0 12 0 0 0 0 0 17 17 0 5 0 0 0 16 0 0 11 0 0 0 0 0 0 0 6 0 0 0 0 19 0 0 0 0 0 0
0 3 0 0 0 0 0 0 4 0 0 1 9 0 0 15 19 0 0 0 0 0 0 0 0 0 0 3 0 2 10 6 0 0 0 0 0 0 15 0 0 7 11 0 0 0 0 18 0 0 8 0 0 0 0 0 0 0 19 0 5 5 0 0 0 18 0 18 0 0 0 0 0 17 0
0 0 12 14 1 0 0 0 6 0 0 0 0 11 0 10 0 0 0 0 0 0 0 0 0 0 0 0 11 0 0 4 0 0 0 7 7 0 0 0 17 12 0 0 9 14 11 0 0 0 0 0 0 0 0 0 0 19 0 0 0 7 2 0 0 0 15 0 0 4 0 0 0 0 0
0 0 0 0 5 0 0 0 0 0 11 4 12 0 0 0 9 0 0 0 0 3 0 0 0 0 0 8 0 0 0 0 0 14 17 0 0 0 0 0 0 0 2 0 0 0 14 0 0 0 5 0 2 0 0 0 0 0 0 0 0 0 0 0 0 0 0 10 0 17 0 0 4 0 0
12 1 0 0 0 0 0 0 0 0 7 0 0 0 0 0 18 5 0 0 0 0 0 0 0 0 0 0 0 0 0 0 0 8 0 0 0 1 0 3 0 0 7 0 19 14 10 9 0 0 0 0 0 0 0 0 6 0 15 7 8 0 0 2 3 0 0 3 17 0 17 0 0 0 8
0 0 0 0 0 0 6 19 0 0 0 0 0 0 0 0 7 0 0 1 0 0 0 0 0 0 0 0 1 0 15 12 0 0 0 0 4 0 0 0 0 17 0 4 0 0 0 0 0 0 0 0 0 0 0 0 1 0 0 0 0 7 0 0 9 0 8 11 8 0 0 0 5 0 0
0 0 0 0 0 0 0 0 0 13 0 0 0 0 0 0 15 0 0 0 0 0 3 0 8 0 0 0 0 0 6 0 5 0 10 0 0 17 0 14 8 0 16 6 0 0 0 4 0 9 0 0 0 2 18 0 0 19 18 11 7 0 0 0 0 5 0 0 0 0 3 0 0 7 0
0 0 11 0 0 18 0 4 0 0 0 0 0 2 18 1 13 0 0 0 0 0 0 11 0 0 1 0 0 0 0 0 0 0 0 0 0 14 0 0 0 0 0 0 0 0 0 0 0 0 0 0 15 9 0 0 0 0 6 0 8 0 0 3 1 0 10 8 0 18 0 0 0 0 0
7 0 0 0 0 0 6 3 3 0 0 0 0 0 0 0 0 5 0 9 4 0 2 0 0 0 0 0 0 0 6 0 0 0 0 3 0 6 0 7 15 0 6 0 0 0 0 0 0 12 0 0 0 0 0 0 7 0 17 0 0 0 0 0 0 9 18 0 14 0 0 0 0 13 19
0 0 0 0 0 7 0 10 0 0 17 0 0 0 0 0 0 0 6 0 3 0 10 0 0 0 15 6 0 6 0 11 0 10 0 19 0 0 17 0 17 19 0 0 0 0 0 19 0 11 0 0 0 0 3 0 0 0 0 0 0 0 0 0 0 0 0 0 2 12 0 0 0 0 17
0 12 0 7 0 4 0 0 0 0 0 0 11 15 0 5 0 1 0 0 0 17 6 4 0 0 12 0 0 0 11 0 0 0 0 19 0 0 0 0 0 13 0 0 3 0 0 0 0 0 0 0 0 0 13 0 12 0 12 18 17 5 0 0 6 8 0 0 0 0 9 0 0 1 0
3 0 0 0 0 0 2 0 0 0 12 19 0 0 0 6 0 0 18 0 0 14 0 0 0 0 0 5 0 0 0 0 0 0 0 0 17 0 0 0 0 12 0 16 12 16 0 12 0 0 0 0 4 17 0 0 0 6 0 0 0 0 0 0 0 0 0 0 8 0 0 10 0 0 0
18 2 0 18 19 0 0 9 0 14 0 0 0 0 11 0 0 0 15 0 0 4 0 0 14 8 0 0 0 0 10 0 0 0 11 0 7 12 3 0 0 4 0 0 0 0 6 0 13 17 0 3 0 0 0 0 17 0 0 9 15 0 0 0 8 0 0 19 4 0 0 0 0 0 0
0 0 0 3 0 0 0 0 0 0 0 0 0 13 0 0 0 0 0 0 13 0 0 0 17 0 0 10 0 0 0 0 0 11 0 0 9 0 15 0 0 0 0 11 13 0 0 3 17 0 0 0 0 12 3 0 0 16 0 19 0 0 0 0 5 0 0 0 2 0 8 0 0 0 0
0 0 3 0 0 0 0 0 0 14 0 0 0 19 0 0 18 0 0 0 0 6 0 7 0 0 0 0 0 3 19 19 0 0 0 0 0 0 0 0 0 0 6 0 0 9 4 0 0 0 15 0 0 0 10 0 0 0 0 0 0 0 13 0 0 0 0 0 0 0 0 0 17 4 0
0 0 0 7 0 0 2 0 0 0 13 0 5 0 0 0 15 15 0 6 4 0 0 7 0 0 4 0 0 0 0 0 17 7 9 0 0 0 1 0 0 15 0 0 12 0 0 0 0 0 14 5 0 6 0 0 0 0 0 1 0 12 0 0 2 15 0 4 9 0 10 0 0 17 0
0 0 3 0 0 9 0 0 0 0 4 0 0 16 0 0 0 16 0 0 0 0 0 0 0 1 0 17 14 6 0 0 0 12 0 0 0 0 0 0 0 8 1 0 0 0 0 3 0 0 12 0 0 13 11 3 4 0 0 0 0 8 0 0 0 12 0 17 16 0 0 0 0 19 0
19 0 0 0 13 0 0 15 0 0 0 0 0 11 0 7 12 10 14 7 0 0 15 0 0 0 0 0 0 0 17 0 0 3 15 0 1 0 0 0 0 0 0 7 0 11 0 0 0 0 0 4 0 0 0 0 11 0 6 2 1 0 0 0 0 0 0 0 16 0 0 0 0 0 0
0 0 0 5 0 0 0 5 0 0 2 10 0 17 0 0 0 0 0 0 0 12 0 0 0 3 0 14 0 7 0 0 0 0 0 0 0 0 0 0 0 0 8 8 0 0 13 0 0 0 7 0 4 12 15 0 0 0 0 0 0 0 0 13 17 0 10 0 17 0 0 0 0 0 19
1 6 0 0 6 4 4 0 0 0 0 4 17 0 0 0 2 0 0 0 0 0 0 17 0 0 0 8 0 15 17 0 0 0 0 0 0 0 0 0 0 0 13 0 0 0 0 0 0 0 0 0 0 15 6 16 0 0 0 0 15 0 0 7 0 0 5 0 0 16 0 0 0 0 0
0 13 0 0 0 0 0 0 0 0 0 0 12 19 0 11 18 11 0 4 6 0 7 12 0 0 17 0 0 0 19 13 12 4 0 0 15 8 0 0 0 0 7 0 0 0 6 19 0 0 0 0 14 6 0 0 4 0 16 0 0 1 0 15 0 0 0 0 5 18 0 0 0 0 10
0 12 0 0 0 0 0 0 0 0 0 0 0 3 0 0 0 0 0 0 4 0 11 0 2 7 0 16 0 6 0 0 0 0 0 6 0 1 0 8 13 7 0 0 0 16 0 5 0 12 0 0 18 0 0 0 0 0 13 8 0 11 0 0 0 16 0 6 0 0 0 0 0 0 8
0 0 16 0 0 0 0 0 0 10 0 0 0 8 0 0 0 0 0 0 7 0 0 0 0 0 4 6 0 0 0 0 16 0 11 0 0 0 7 8 0 0 0 0 0 3 9 0 0 5 18 0 11 1 0 0 0 0 0 0 10 0 0 0 0 12 2 17 0 0 0 0 8 0 0
0 0 0 17 0 0 13 0 0 0 0 18 14 0 14 0 7 0 0 0 0 0 0 9 0 19 0 0 0 0 0 3 12 0 13 0 12 0 0 0 0 0 0 0 0 6 0 4 0 3 0 0 0 1 15 0 0 0 0 14 0 0 0 0 0 0 0 0 5 0 5 0 9 9 0
0 0 0 0 0 0 3 0 0 0 0 0 9 0 5 0 0 0 0 0 0 17 0 14 0 14 0 0 0 0 0 0 16 0 0 9 0 0 11 0 0 0 16 3 6 0 0 0 0 0 0 0 3 4 17 0 0 0 0 1 0 0 0 0 13 0 0 0 10 0 11 0 0 0 10
12 0 0 0 0 0 0 0 0 0 15 0 0 0 0 0 18 0 0 11 0 17 0 11 14 10 0 0 0 0 0 0 0 6 0 4 0 0 0 13 0 6 0 9 0 0 0 0 19 1 0 0 0 2 7 0 0 10 0 4 9 0 0 0 18 9 0 0 0 0 16 0 1 8 0
13 0 6 0 0 2 10 0 0 0 0 0 0 0 0 11 0 0 2 0 10 0 18 0 0 9 0 4 0 0 19 0 12 0 3 0 0 3 0 0 0 19 5 0 4 0 0 0 0 0 0 0 0 15 0 18 0 0 0 11 0 15 19 5 0 0 0 0 0 0 0 13 0 0 0
0 0 11 2 0 0 19 0 0 5 6 0 0 0 0 16 0 0 0 16 0 5 0 0 0 0 0 0 0 0 0 0 0 13 17 0 0 0 0 0 0 0 0 0 0 0 19 0 0 0 0 0 0 0 0 0 0 0 0 0 0 0 0 0 0 1 7 0 0 2 0 0 8 0 0
0 0 0 12 0 0 0 0 6 0 0 0 14 2 0 0 3 0 0 2 17 0 0 0 0 0 0 9 0 12 11 0 0 17 0 0 0 0 0 0 0 0 12 5 3 0 1 0 0 0 0 11 0 10 0 0 0 18 0 0 9 0 0 0 0 0 0 0 19 3 0 0 12 0 0
0 6 0 11 0 13 0 0 0 0 2 0 1 0 0 0 1 19 17 0 0 0 8 0 5 0 0 0 0 0 0 0 0 0 0 15 14 12 0 7 0 0 0 18 0 0 0 0 0 0 0 0 0 0 0 10 15 0 16 0 0 0 0 0 0 0 8 0 0 0 0 13 0 0 0
0 0 2 19 0 0 0 12 0 15 0 0 16 3 17 15 0 0 0 0 13 0 0 0 0 0 0 0 0 0 0 0 0 3 0 0 5 0 4 0 0 0 0 0 0 0 0 0 0 11 0 0 0 0 0 17 0 1 18 0 0 15 9 0 0 0 10 0 0 0 0 0 0 0 0
11 0 0 0 15 0 14 0 0 19 0 0 9 0 0 0 14 0 8 0 0 16 0 0 2 0 0 0 15 0 0 0 4 0 0 0 0 0 0 4 0 14 18 11 0 3 0 0 0 0 0 0 0 0 1 0 3 18 0 0 9 0 10 6 0 0 0 0 0 1 0 0 2 0 0
0 0 0 0 5 5 0 0 0 0 0 0 16 0 0 0 0 0 0 0 8 0 0 0 0 0 0 2 9 0 0 0 17 0 12 0 6 13 0 12 15 6 0 1 1 4 2 15 0 10 0 0 0 0 0 0 0 0 0 0 0 3 0 0 0 0 0 0 0 0 19 0 11 8 17
0 0 0 0 0 0 3 17 10 0 0 0 0 0 0 0 7 0 0 0 0 0 0 0 0 0 0 18 0 0 3 13 0 0 3 10 0 11 0 15 6 0 0 0 15 17 7 0 0 0 0 0 1 0 0 8 0 0 13 8 0 0 0 16 0 19 0 0 0 0 0 10 0 0 0
0 0 0 0 0 0 0 0 1 0 10 3 0 11 6 0 0 1 0 0 0 11 0 0 0 0 0 0 0 0 0 0 0 0 0 0 0 3 0 0 16 0 0 0 0 0 0 18 0 0 10 17 0 0 8 0 0 0 0 0 0 0 2 0 0 0 0 0 0 0 4 0 0 0 0
3 14 0 0 0 0 0 0 0 0 0 0 0 0 0 16 0 0 12 0 0 0 0 0 0 6 1 0 0 7 0 12 0 17 0 0 0 4 11 0 0 4 0 0 0 0 0 0 0 0 15 0 3 0 0 0 0 0 0 0 0 5 0 0 0 0 0 1 0 0 0 6 14 0 7
3 0 0 0 0 0 0 5 0 0 0 13 0 0 15 0 0 1 16 0 0 0 0 19 0 0 0 19 0 0 0 0 6 0 16 0 0 0 0 0 0 0 0 0 0 0 10 0 0 18 0 1 18 0 0 0 0 0 10 10 18 7 0 19 0 0 0 0 5 0 18 17 0 0 7
0 11 0 7 8 12 4 15 5 0 0 14 0 0 17 0 10 0 0 0 0 0 19 0 0 15 0 18 6 17 0 12 0 0 0 0 0 0 6 0 0 16 13 0 0 0 0 0 0 0 16 18 0 0 13 0 0 10 0 0 1 0 0 12 12 0 2 0 0 18 0 18 0 0 0
0 11 0 0 0 0 0 4 3 10 0 0 0 0 15 0 0 0 19 0 0 0 0 0 0 7 0 11 0 0 0 18 0 9 19 0 1 0 2 0 0 0 8 0 14 1 4 11 0 0 0 0 0 0 8 0 0 10 0 0 0 9 0 19 8 0 0 0 4 0 0 0 0 0 0
0 0 0 0 0 6 0 8 12 0 0 0 0 1 1 0 0 0 0 0 5 0 5 0 0 8 0 7 8 0 0 17 0 15 0 0 0 0 1 0 15 0 0 10 0 0 9 0 0 9 0 0 9 0 0 0 0 18 1 0 0 0 0 0 0 0 0 6 0 0 0 0 0 17 0
0 0 0 0 0 0 8 0 0 0 0 0 0 0 0 0 0 0 0 0 0 0 5 7 0 0 7 0 0 0 0 5 0 0 0 0 12 8 0 0 0 1 11 0 0 0 0 15 0 0 0 15 0 3 0 0 5 7 0 9 0 0 13 0 0 0 0 0 0 0 0 0 11 0 0
0 16 0 0 0 0 0 0 0 6 14 19 0 0 1 17 0 0 9 0 0 0 0 2 0 0 0 0 0 0 0 0 0 0 0 13 0 0 0 0 0 0 0 0 0 0 0 19 0 0 0 9 10 0 0 2 0 0 0 0 0 13 0 12 0 0 0 18 0 0 0 0 0 0 0
0 0 0 7 15 0 4 0 3 0 15 0 14 0 0 0 0 18 0 0 0 6 0 0 0 2 0 0 3 0 0 0 0 0 0 0 0 0 0 13 7 15 0 0 0 0 0 5 0 0 0 0 6 0 16 0 0 19 12 19 0 0 12 0 0 0 0 0 0 0 0 2 0 0 0
0 0 18 0 0 0 0 0 0 0 0 0 0 4 11 4 0 0 0 15 0 0 0 0 0 3 9 0 1 0 0 6 0 8 5 0 2 0 0 17 0 0 0 0 0 13 18 0 0 0 0 0 0 0 0 0 0 0 12 8 0 0 0 0 0 0 0 0 0 0 0 7 0 0 15
0 0 7 3 0 6 3 0 4 0 0 12 2 0 0 0 0 0 0 0 0 0 18 0 0 0 0 5 0 9 0 8 0 0 0 0 15 12 0 0 0 0 16 12 0 0 9 0 1 0 0 0 0 0 19 0 0 0 0 0 0 0 0 0 0 0 0 0 7 0 0 0 0 7 17
0 0 0 1 0 0 0 0 0 0 14 15 0 0 4 0 0 0 0 0 0 0 0 15 0 0 8 0 10 18 0 0 0 0 0 0 0 0 0 10 5 0 0 2 0 0 0 0 7 0 8 10 0 0 0 0 0 0 2 0 0 0 0 0 0 0 0 0 0 0 1 0 0 0 0
16 0 0 7 0 0 0 0 2 7 0 0 0 0 0 0 0 5 0 5 0 0 18 0 10 3 11 0 8 0 0 0 0 19 0 0 4 17 0 0 0 0 6 17 0 0 0 0 0 0 0 0 0 0 0 0 1 0 0 0 6 0 18 0 0 0 0 0 17 0 6 0 12 0 10
0 12 0 0 0 0 0 0 0 11 8 0 0 5 0 0 9 18 19 0 0 19 0 0 0 17 8 0 0 14 2 0 8 4 2 0 9 16 16 17 0 5 0 0 5 10 0 0 0 19 0 0 0 0 0 0 0 5 0 4 0 0 0 0 0 7 0 17 0 0 0 0 0 3 0
0 0 0 0 8 7 0 18 0 0 0 0 0 0 0 5 8 17 0 0 13 0 0 4 17 0 0 0 18 0 12 0 0 0 0 0 0 0 0 0 16 18 0 0 0 0 0 0 2 3 0 0 1 0 0 0 0 0 18 0 0 0 0 0 0 0 0 0 0 0 6 0 0 0 0
0 0 0 0 1 0 8 0 0 0 0 0 0 5 0 6 0 0 12 0 0 0 0 0 0 17 0 3 0 0 0 9 0 0 8 0 10 0 0 0 0 0 0 0 5 11 16 0 0 0 0 0 0 19 0 4 0 18 0 0 0 0 0 0 0 0 1 6 0 6 0 0 0 0 0
0 11 0 9 17 0 0 9 19 0 14 0 0 12 0 0 0 0 0 0 0 0 0 0 0 0 0 0 0 0 0 0 10 0 0 0 0 0 0 0 0 0 0 0 0 0 0 13 0 0 13 0 0 0 10 0 6 17 18 0 0 0 0 2 7 0 0 0 0 0 0 0 14 0 12
0 0 0 0 0 0 0 0 0 0 0 0 11 0 18 16 19 15 0 0 0 0 0 0 4 0 5 0 0 0 0 0 0 0 0 17 0 0 0 0 0 0 0 8 9 0 1 0 8 12 0 0 2 11 0 0 14 0 0 0 0 11 0 0 0 0 0 12 0 0 0 14 0 0 0
0 0 7 10 0 0 0 0 15 0 8 0 0 0 0 10 8 0 0 0 0 0 17 0 0 0 0 7 0 13 0 1 0 0 0 4 17 19 0 0 0 0 0 0 9 0 8 0 0 0 0 0 0 8 0 0 0 0 0 0 17 0 0 0 0 7 0 0 3 0 0 0 0 0 0
11 0 17 0 0 0 0 0 0 5 14 13 0 0 6 0 0 0 0 0 0 0 0 0 0 8 0 0 0 19 17 0 0 0 0 0 0 0 0 19 0 10 8 0 0 10 0 0 0 0 0 0 0 17 0 0 7 7 0 0 0 0 0 0 15 17 0 10 0 0 0 12 0 0 0
