50
50
0 6 12 19 5 9 11 4 15 19 0 1 19 1 7 3 8 15 0 10 12 6 14 2 3 10 6 19 15 8 6 4 16 6 7 2 1 16 2 5 8 17 9 9 4 3 14 12 10 19
6 0 0 2 5 6 2 11 10 19 5 2 6 19 6 7 3 17 17 3 3 17 5 9 14 16 6 2 18 5 18 19 11 5 9 4 8 0 16 14 6 9 6 14 12 7 9 8 5 1
12 0 0 5 13 0 0 6 17 11 11 3 12 19 14 16 17 16 15 15 5 0 8 10 1 12 8 15 19 7 3 10 4 12 17 11 0 4 15 14 9 5 0 4 6 16 9 10 11 14
19 2 5 0 18 2 19 16 8 3 6 5 2 7 8 19 19 5 17 5 16 12 7 2 17 10 15 15 13 5 12 14 10 1 8 17 15 6 3 14 6 14 11 19 2 19 9 14 0 1
5 5 13 18 0 1 19 8 1 16 0 18 12 15 15 3 15 8 13 4 13 10 18 2 8 3 14 4 2 19 1 12 15 4 4 12 12 19 7 8 11 1 13 17 17 8 10 19 10 13
9 6 0 2 1 0 18 11 12 0 17 13 13 6 7 12 4 16 11 4 1 18 11 13 9 8 7 16 16 0 8 13 2 11 10 11 10 10 7 5 0 12 0 1 18 0 9 16 19 3
11 2 0 19 19 18 0 13 2 1 15 7 16 3 6 1 8 2 4 2 15 6 14 8 8 8 17 16 2 14 7 10 8 13 19 8 18 13 6 0 9 8 2 18 6 14 14 15 6 8
4 11 6 16 8 11 13 0 18 8 14 16 0 17 4 5 12 16 6 17 19 17 8 19 17 14 0 15 16 19 18 1 4 3 1 18 19 4 13 4 12 0 2 13 3 13 19 13 6 14
15 10 17 8 1 12 2 18 0 15 9 18 10 3 11 13 7 10 8 16 14 6 17 18 12 0 18 12 19 11 18 6 7 2 4 1 6 0 9 2 8 0 3 6 14 8 4 13 14 18
19 19 11 3 16 0 1 8 15 0 2 7 15 6 8 6 17 18 2 14 5 17 6 6 7 18 0 18 17 17 12 14 9 2 3 14 5 1 11 3 9 4 4 2 15 6 0 0 0 18
0 5 11 6 0 17 15 14 9 2 0 12 6 14 5 9 4 5 6 13 19 2 18 13 1 13 4 16 12 17 9 11 12 0 0 7 5 12 4 15 4 12 9 6 6 7 17 16 12 9
1 2 3 5 18 13 7 16 18 7 12 0 2 18 13 5 19 18 16 12 13 12 11 19 16 13 9 3 0 16 12 0 8 7 1 0 3 8 19 14 12 16 8 11 18 17 7 16 7 11
19 6 12 2 12 13 16 0 10 15 6 2 0 8 17 13 12 12 0 5 9 7 10 11 2 10 15 0 7 4 3 14 18 8 14 8 14 10 2 12 0 2 0 16 5 10 13 18 11 16
1 19 19 7 15 6 3 17 3 6 14 18 8 0 14 12 17 0 8 8 6 7 14 2 18 2 3 3 19 16 3 19 19 9 11 7 10 16 7 17 7 8 19 11 0 16 16 12 12 1
7 6 14 8 15 7 6 4 11 8 5 13 17 14 0 9 14 16 14 7 14 11 16 8 18 0 14 19 6 16 4 9 9 1 4 15 16 3 11 0 0 6 14 16 7 5 19 0 16 15
3 7 16 19 3 12 1 5 13 6 9 5 13 12 9 0 11 4 18 0 14 10 8 14 2 9 10 19 11 9 9 3 9 18 0 14 16 10 5 11 14 8 14 10 12 16 7 15 13 1
8 3 17 19 15 4 8 12 7 17 4 19 12 17 14 11 0 18 6 4 2 0 18 18 6 8 17 8 11 8 1 7 4 5 13 11 14 8 3 8 12 19 15 17 17 8 5 15 14 1
15 17 16 5 8 16 2 16 10 18 5 18 12 0 16 4 18 0 10 6 9 15 9 11 3 1 13 3 1 11 11 9 1 17 3 4 4 2 8 11 12 11 11 18 14 11 13 12 17 10
0 17 15 17 13 11 4 6 8 2 6 16 0 8 14 18 6 10 0 4 9 8 10 10 0 6 8 0 4 16 16 3 16 9 3 7 14 19 14 6 8 7 13 14 10 0 3 7 2 18
10 3 15 5 4 4 2 17 16 14 13 12 5 8 7 0 4 6 4 0 7 14 4 12 13 19 15 10 3 17 0 8 19 3 12 4 16 2 9 11 16 7 14 19 11 3 16 12 14 16
12 3 5 16 13 1 15 19 14 5 19 13 9 6 14 14 2 9 9 7 0 2 19 14 1 2 4 12 1 7 14 17 6 8 11 19 13 12 4 9 15 3 11 3 8 15 18 7 17 7
6 17 0 12 10 18 6 17 6 17 2 12 7 7 11 10 0 15 8 14 2 0 1 14 13 16 19 1 15 3 17 7 10 0 11 0 6 15 4 14 18 3 7 13 9 4 7 11 1 0
14 5 8 7 18 11 14 8 17 6 18 11 10 14 16 8 18 9 10 4 19 1 0 14 6 3 0 13 11 8 15 4 9 14 17 18 9 7 14 5 10 14 8 15 16 5 17 5 3 17
2 9 10 2 2 13 8 19 18 6 13 19 11 2 8 14 18 11 10 12 14 14 14 0 1 16 17 2 13 18 11 12 18 0 2 11 19 11 15 10 0 1 17 12 4 19 0 11 16 12
3 14 1 17 8 9 8 17 12 7 1 16 2 18 18 2 6 3 0 13 1 13 6 1 0 17 19 7 10 11 1 10 1 3 18 18 13 3 13 6 9 16 4 6 3 12 12 14 0 3
10 16 12 10 3 8 8 14 0 18 13 13 10 2 0 9 8 1 6 19 2 16 3 16 17 0 17 5 6 0 12 3 13 1 9 4 14 8 18 4 7 0 12 14 0 8 14 17 13 3
6 6 8 15 14 7 17 0 18 0 4 9 15 3 14 10 17 13 8 15 4 19 0 17 19 17 0 19 16 17 14 5 1 5 18 15 0 11 13 10 15 17 2 3 1 2 9 4 18 5
19 2 15 15 4 16 16 15 12 18 16 3 0 3 19 19 8 3 0 10 12 1 13 2 7 5 19 0 2 12 1 8 4 8 9 1 4 4 5 16 2 12 4 1 17 14 15 7 14 11
15 18 19 13 2 16 2 16 19 17 12 0 7 19 6 11 11 1 4 3 1 15 11 13 10 6 16 2 0 14 14 3 4 6 6 4 8 2 8 17 12 4 16 0 1 15 5 7 7 1
8 5 7 5 19 0 14 19 11 17 17 16 4 16 16 9 8 11 16 17 7 3 8 18 11 0 17 12 14 0 18 0 0 0 6 17 9 13 14 15 15 8 7 2 19 2 16 13 9 8
6 18 3 12 1 8 7 18 18 12 9 12 3 3 4 9 1 11 16 0 14 17 15 11 1 12 14 1 14 18 0 13 19 17 13 6 15 9 10 11 7 19 2 10 3 2 0 16 6 13
4 19 10 14 12 13 10 1 6 14 11 0 14 19 9 3 7 9 3 8 17 7 4 12 10 3 5 8 3 0 13 0 7 19 7 6 16 12 0 5 19 15 4 1 2 1 3 4 4 5
16 11 4 10 15 2 8 4 7 9 12 8 18 19 9 9 4 1 16 19 6 10 9 18 1 13 1 4 4 0 19 7 0 16 11 4 0 2 13 15 10 0 3 19 7 10 19 17 10 6
6 5 12 1 4 11 13 3 2 2 0 7 8 9 1 18 5 17 9 3 8 0 14 0 3 1 5 8 6 0 17 19 16 0 17 10 8 9 18 11 7 8 0 4 15 14 14 3 7 7
7 9 17 8 4 10 19 1 4 3 0 1 14 11 4 0 13 3 3 12 11 11 17 2 18 9 18 9 6 6 13 7 11 17 0 4 1 16 2 5 18 6 11 9 19 4 13 0 13 18
2 4 11 17 12 11 8 18 1 14 7 0 8 7 15 14 11 4 7 4 19 0 18 11 18 4 15 1 4 17 6 6 4 10 4 0 0 16 0 10 2 13 16 9 1 11 7 19 11 14
1 8 0 15 12 10 18 19 6 5 5 3 14 10 16 16 14 4 14 16 13 6 9 19 13 14 0 4 8 9 15 16 0 8 1 0 0 13 2 3 11 12 4 6 1 5 19 16 1 4
16 0 4 6 19 10 13 4 0 1 12 8 10 16 3 10 8 2 19 2 12 15 7 11 3 8 11 4 2 13 9 12 2 9 16 16 13 0 13 5 5 12 14 18 13 2 19 1 2 11
2 16 15 3 7 7 6 13 9 11 4 19 2 7 11 5 3 8 14 9 4 4 14 15 13 18 13 5 8 14 10 0 13 18 2 0 2 13 0 18 2 15 9 3 9 10 13 15 14 16
5 14 14 14 8 5 0 4 2 3 15 14 12 17 0 11 8 11 6 11 9 14 5 10 6 4 10 16 17 15 11 5 15 11 5 10 3 5 18 0 6 3 0 19 4 12 14 17 2 19
8 6 9 6 11 0 9 12 8 9 4 12 0 7 0 14 12 12 8 16 15 18 10 0 9 7 15 2 12 15 7 19 10 7 18 2 11 5 2 6 0 1 1 19 9 19 10 15 5 10
17 9 5 14 1 12 8 0 0 4 12 16 2 8 6 8 19 11 7 7 3 3 14 1 16 0 17 12 4 8 19 15 0 8 6 13 12 12 15 3 1 0 9 9 12 19 11 4 4 17
9 6 0 11 13 0 2 2 3 4 9 8 0 19 14 14 15 11 13 14 11 7 8 17 4 12 2 4 16 7 2 4 3 0 11 16 4 14 9 0 1 9 0 7 7 2 14 15 3 13
9 14 4 19 17 1 18 13 6 2 6 11 16 11 16 10 17 18 14 19 3 13 15 12 6 14 3 1 0 2 10 1 19 4 9 9 6 18 3 19 19 9 7 0 7 13 17 4 11 16
4 12 6 2 17 18 6 3 14 15 6 18 5 0 7 12 17 14 10 11 8 9 16 4 3 0 1 17 1 19 3 2 7 15 19 1 1 13 9 4 9 12 7 7 0 14 17 16 1 5
3 7 16 19 8 0 14 13 8 6 7 17 10 16 5 16 8 11 0 3 15 4 5 19 12 8 2 14 15 2 2 1 10 14 4 11 5 2 10 12 19 19 2 13 14 0 8 10 10 6
14 9 9 9 10 9 14 19 4 0 17 7 13 16 19 7 5 13 3 16 18 7 17 0 12 14 9 15 5 16 0 3 19 14 13 7 19 19 13 14 10 11 14 17 17 8 0 16 8 4
12 8 10 14 19 16 15 13 13 0 16 16 18 12 0 15 15 12 7 12 7 11 5 11 14 17 4 7 7 13 16 4 17 3 0 19 16 1 15 17 15 4 15 4 16 10 16 0 19 3
10 5 11 0 10 19 6 6 14 0 12 7 11 12 16 13 14 17 2 14 17 1 3 16 0 13 18 14 7 9 6 4 10 7 13 11 1 2 14 2 5 4 3 11 1 10 8 19 0 4
19 1 14 1 13 3 8 14 18 18 9 11 16 1 15 1 1 10 18 16 7 0 17 12 3 3 5 11 1 8 13 5 6 7 18 14 4 11 16 19 10 17 13 16 5 6 4 3 4 0
