75
75
0 0 0 0 18 0 0 5 0 0 0 0 0 0 0 0 8 0 6 0 19 0 0 0 0 0 0 4 0 1 0 0 0 0 16 0 0 0 0 0 5 0 12 0 0 0 0 0 0 0 0 0 13 0 10 0 14 0 0 0 12 0 18 0 1 3 0 0 18 0 0 0 0 0 0
0 0 0 0 0 4 5 0 0 0 0 15 0 0 0 0 0 17 12 0 0 13 0 2 0 0 0 15 0 0 0 0 5 0 0 9 0 0 0 0 17 0 0 12 0 0 10 8 0 14 0 6 0 3 0 0 0 7 0 15 18 0 0 18 6 0 0 0 3 0 0 0 0 17 0
0 0 0 0 0 0 17 0 12 0 0 15 0 0 0 0 0 0 15 0 0 12 0 16 0 5 16 0 0 9 0 0 0 0 0 0 0 9 5 14 0 0 16 17 0 0 11 18 0 18 9 0 0 0 0 16 14 0 0 0 0 0 0 1 5 17 0 0 0 10 0 0 4 0 0
0 0 0 0 0 13 0 0 0 0 0 0 0 0 0 0 0 0 11 0 17 2 10 0 0 0 15 7 0 0 0 16 16 9 0 9 7 0 3 0 0 0 0 0 0 5 0 0 5 0 0 16 0 0 0 0 0 0 0 0 0 0 0 0 0 0 0 0 0 0 0 0 0 1 0
18 0 0 0 0 0 0 4 0 19 0 0 18 0 3 0 0 0 0 13 0 0 0 4 6 0 0 0 0 0 5 0 2 0 13 15 15 0 0 0 0 0 4 0 0 0 0 6 1 0 0 0 0 15 0 0 0 0 0 0 10 0 0 0 0 0 6 0 1 0 0 0 0 0 0
0 4 0 13 0 0 0 19 16 19 7 0 0 0 0 0 10 9 0 0 0 0 0 0 0 0 0 0 0 8 0 12 4 0 5 12 0 0 6 17 0 0 0 0 0 13 0 1 0 0 0 0 5 0 0 0 3 0 1 0 0 0 0 14 14 13 19 0 10 0 0 0 0 5 0
0 5 17 0 0 0 0 0 0 0 0 0 17 0 7 0 0 15 0 0 0 0 0 0 0 0 0 0 0 0 0 0 0 13 0 0 0 4 0 0 16 0 0 0 4 0 0 0 0 0 0 2 0 0 18 7 0 10 0 0 0 0 0 0 0 0 10 0 0 0 0 19 0 0 0
5 0 0 0 4 19 0 0 0 0 0 0 0 0 17 0 0 13 0 0 10 0 0 0 16 0 0 12 0 0 0 3 0 0 0 0 9 0 0 0 9 0 7 12 0 0 0 0 0 0 14 6 0 0 0 0 0 0 0 0 18 0 0 0 0 13 0 0 0 6 0 0 0 0 8
0 0 12 0 0 16 0 0 0 0 6 13 0 0 0 0 0 0 0 0 0 0 0 12 2 0 0 0 0 0 0 9 0 4 1 11 0 0 10 0 0 0 0 0 18 10 0 0 0 7 0 4 18 0 0 0 0 0 5 19 0 0 0 10 11 16 2 17 19 9 2 0 0 15 12
0 0 0 0 19 19 0 0 0 0 15 0 0 0 0 1 0 0 0 0 1 0 0 0 0 0 0 14 0 0 12 0 0 0 0 9 0 0 0 0 0 0 0 8 0 0 0 0 0 4 0 0 6 3 2 2 0 0 0 0 0 8 0 0 0 0 0 0 10 0 0 0 0 0 18
0 0 0 0 0 7 0 0 6 15 0 0 0 19 0 12 0 17 0 18 0 0 2 14 0 0 0 16 0 0 0 0 0 0 0 4 0 0 0 0 0 7 0 0 0 0 2 0 0 0 1 0 10 0 0 0 3 0 0 13 0 0 0 17 0 4 0 0 0 0 0 0 0 0 0
0 15 15 0 0 0 0 0 13 0 0 0 0 0 0 0 0 5 0 0 0 18 0 0 0 0 6 0 0 0 4 17 12 3 14 0 0 0 15 18 0 0 0 0 14 3 0 0 0 0 0 0 0 18 0 4 0 0 9 11 0 17 0 13 0 19 0 0 5 0 0 0 0 0 0
0 0 0 0 18 0 17 0 0 0 0 0 0 0 0 16 0 0 0 0 0 18 17 6 0 0 0 0 9 0 0 18 0 10 0 0 0 0 11 12 16 0 14 5 0 2 0 0 4 0 0 0 12 0 0 0 0 0 0 0 0 0 0 16 0 0 0 0 0 0 0 0 19 4 0
0 0 0 0 0 0 0 0 0 0 19 0 0 0 4 0 17 0 16 6 0 0 0 12 9 0 0 0 0 0 0 0 0 0 0 0 16 0 13 0 0 0 0 10 0 0 2 0 1 7 0 0 0 0 4 13 7 0 0 6 0 8 12 0 0 7 0 0 0 0 0 0 0 0 0
0 0 0 0 3 0 7 17 0 0 0 0 0 4 0 15 0 11 0 8 0 0 0 0 0 5 0 17 0 0 0 0 12 0 0 0 0 0 0 0 12 0 0 0 0 18 0 0 0 5 0 6 0 0 9 0 0 0 0 0 0 4 0 0 15 7 0 0 19 0 4 0 12 0 2
0 0 0 0 0 0 0 0 0 1 12 0 16 0 15 0 0 0 0 0 0 0 0 0 0 0 0 0 0 0 0 0 6 0 0 14 13 0 18 0 0 0 0 0 3 18 3 0 0 0 4 0 15 0 0 0 2 0 18 4 0 0 0 16 0 2 0 14 0 9 0 0 0 0 0
8 0 0 0 0 10 0 0 0 0 0 0 0 17 0 0 0 0 0 0 0 0 0 12 8 11 0 0 0 12 1 0 3 17 12 0 0 9 0 0 0 0 0 0 5 0 13 0 18 0 12 13 17 8 0 0 11 4 0 0 10 0 0 0 19 3 0 0 0 0 0 13 0 0 5
0 17 0 0 0 9 15 13 0 0 17 5 0 0 11 0 0 0 0 0 1 0 0 0 4 0 0 0 0 8 0 0 9 1 17 0 0 0 18 0 0 0 0 11 7 13 0 15 0 0 0 11 0 0 0 16 0 0 0 0 0 8 11 0 10 0 17 0 0 0 0 0 0 0 0
6 12 15 11 0 0 0 0 0 0 0 0 0 16 0 0 0 0 0 0 0 3 0 0 0 0 15 5 0 11 0 3 5 0 6 10 13 17 0 0 0 12 0 0 3 0 0 0 0 2 0 0 0 0 0 0 0 0 0 0 0 0 4 0 0 10 0 17 0 0 19 4 6 0 2
0 0 0 0 13 0 0 0 0 0 18 0 0 6 8 0 0 0 0 0 15 0 0 0 0 0 0 0 0 0 0 0 0 0 19 0 0 0 0 18 0 14 0 0 0 15 0 0 3 0 0 0 0 9 0 1 4 0 0 0 0 0 0 0 0 0 14 0 16 8 0 14 0 0 0
19 0 0 17 0 0 0 10 0 1 0 0 0 0 0 0 0 1 0 15 0 0 0 0 0 0 0 2 0 0 13 0 0 0 0 6 0 11 0 0 19 0 12 0 0 0 0 0 0 7 16 0 0 17 0 0 0 0 0 14 3 0 0 11 0 0 0 0 0 1 0 8 0 16 0
0 13 12 2 0 0 0 0 0 0 0 18 18 0 0 0 0 0 3 0 0 0 19 0 17 0 0 11 0 0 0 0 0 0 0 13 12 1 0 0 0 0 4 15 15 1 0 0 0 3 0 0 0 0 0 15 0 0 14 0 0 2 0 0 0 3 0 3 0 4 0 0 0 0 0
0 0 0 10 0 0 0 0 0 0 2 0 17 0 0 0 0 0 0 0 0 19 0 10 0 11 0 15 0 0 0 0 0 19 0 0 0 0 1 0 0 0 14 0 17 0 5 0 2 0 0 0 0 0 19 9 0 14 0 9 3 0 0 0 0 0 0 0 0 0 0 2 0 11 0
0 2 16 0 4 0 0 0 12 0 14 0 6 12 0 0 12 0 0 0 0 0 10 0 0 0 0 0 0 0 0 11 0 0 0 0 0 0 0 0 0 0 17 0 0 0 0 0 0 0 0 0 0 0 7 0 0 0 0 0 0 0 0 0 0 0 0 0 0 0 0 0 0 0 0
0 0 0 0 6 0 0 16 2 0 0 0 0 9 0 0 8 4 0 0 0 17 0 0 0 12 0 0 0 0 12 0 0 0 18 0 0 0 0 0 0 0 12 0 0 14 0 0 5 0 0 0 0 1 7 0 4 6 9 11 17 0 0 0 0 17 0 0 15 0 14 0 0 0 3
0 0 5 0 0 0 0 0 0 0 0 0 0 0 5 0 11 0 0 0 0 0 11 0 12 0 0 0 0 0 0 15 0 0 0 1 0 0 14 0 0 0 0 0 0 0 0 0 0 0 0 14 0 0 0 0 9 11 0 5 0 0 12 0 0 18 0 7 7 0 12 0 0 0 3
0 0 16 15 0 0 0 0 0 0 0 6 0 0 0 0 0 0 15 0 0 0 0 0 0 0 0 0 19 0 0 0 15 0 0 0 0 3 0 14 0 0 0 7 0 13 6 3 4 0 0 0 0 0 19 0 0 0 0 0 19 17 0 0 0 0 0 12 0 0 0 0 4 0 0
4 15 0 7 0 0 0 12 0 14 16 0 0 0 17 0 0 0 5 0 2 11 15 0 0 0 0 0 8 0 0 0 0 3 0 0 0 1 1 0 0 0 0 0 0 0 0 0 15 15 12 11 12 0 0 0 0 15 14 0 1 0 0 0 2 0 0 0 0 0 14 0 0 0 0
0 0 0 0 0 0 0 0 0 0 0 0 9 0 0 0 0 0 0 0 0 0 0 0 0 0 19 8 0 0 0 0 0 3 0 13 0 0 0 0 0 2 0 2 0 0 0 3 0 0 3 0 14 0 0 0 7 0 0 6 0 17 1 7 0 0 16 0 0 0 0 0 19 0 19
1 0 9 0 0 8 0 0 0 0 0 0 0 0 0 0 12 8 11 0 0 0 0 0 0 0 0 0 0 0 0 0 0 0 0 0 2 0 0 0 15 0 10 10 0 0 9 0 0 0 0 0 0 0 18 0 0 16 0 0 0 0 4 0 0 12 0 0 0 8 0 0 0 0 0
0 0 0 0 5 0 0 0 0 12 0 4 0 0 0 0 1 0 0 0 13 0 0 0 12 0 0 0 0 0 0 12 0 0 0 0 10 0 6 0 0 0 0 1 0 9 16 0 0 0 2 0 0 12 0 0 13 0 0 0 0 0 0 0 0 0 0 0 1 0 0 0 0 0 17
0 0 0 16 0 12 0 3 9 0 0 17 18 0 0 0 0 0 3 0 0 0 0 11 0 15 0 0 0 0 12 0 0 14 0 0 0 8 0 5 0 0 0 0 0 0 16 0 0 0 0 0 0 0 0 0 13 0 0 0 0 0 0 0 0 9 0 0 0 0 0 0 0 3 0
0 5 0 16 2 4 0 0 0 0 0 12 0 0 12 6 3 9 5 0 0 0 0 0 0 0 15 0 0 0 0 0 0 6 0 0 0 0 0 0 0 19 0 0 5 0 15 0 0 0 0 0 0 0 0 17 0 0 0 8 0 0 0 18 10 16 0 0 0 0 0 0 4 0 0
0 0 0 9 0 0 13 0 4 0 0 3 10 0 0 0 17 1 0 0 0 0 19 0 0 0 0 3 3 0 0 14 6 0 5 0 0 0 0 0 0 0 0 0 0 0 6 0 0 0 0 0 4 16 8 0 0 0 18 0 0 0 12 0 0 0 0 0 0 0 0 0 0 0 0
16 0 0 0 13 5 0 0 1 0 0 14 0 0 0 0 12 17 6 19 0 0 0 0 18 0 0 0 0 0 0 0 0 5 0 0 0 14 0 0 0 0 0 0 8 0 18 14 0 7 0 4 5 0 0 0 0 0 0 18 2 0 0 0 9 0 0 7 0 0 0 0 1 2 0
0 9 0 9 15 12 0 0 11 9 4 0 0 0 0 14 0 0 10 0 6 13 0 0 0 1 0 0 13 0 0 0 0 0 0 0 0 0 14 13 0 18 14 0 9 0 0 0 12 0 0 0 0 13 0 0 0 17 0 18 0 0 0 8 1 0 0 0 0 0 3 9 6 0 0
0 0 0 7 15 0 0 9 0 0 0 0 0 16 0 13 0 0 13 0 0 12 0 0 0 0 0 0 0 2 10 0 0 0 0 0 0 0 9 0 0 0 18 7 0 0 19 7 0 0 0 13 0 0 4 0 0 0 1 0 0 11 1 13 0 9 0 0 0 8 10 19 0 1 0
0 0 9 0 0 0 4 0 0 0 0 0 0 0 0 0 9 0 17 0 11 1 0 0 0 0 3 1 0 0 0 8 0 0 14 0 0 0 0 0 0 0 4 0 4 0 0 5 0 0 0 0 0 0 0 0 0 0 0 0 0 0 0 0 0 0 0 0 10 0 1 4 0 0 0
0 0 5 3 0 6 0 0 10 0 0 15 11 13 0 18 0 18 0 0 0 0 1 0 0 14 0 1 0 0 6 0 0 0 0 14 9 0 0 18 0 0 0 0 17 0 0 0 11 0 0 0 18 0 9 0 0 0 8 0 0 0 0 0 11 0 0 0 0 0 0 2 0 0 0
0 0 14 0 0 17 0 0 0 0 0 18 12 0 0 0 0 0 0 18 0 0 0 0 0 0 14 0 0 0 0 5 0 0 0 13 0 0 18 0 7 0 0 0 0 0 0 0 0 2 0 0 0 0 0 0 0 4 6 0 0 0 1 0 17 0 13 0 17 0 2 0 15 17 0
5 17 0 0 0 0 16 9 0 0 0 0 16 0 12 0 0 0 0 0 19 0 0 0 0 0 0 0 0 15 0 0 0 0 0 0 0 0 0 7 0 10 0 4 11 0 0 0 0 0 0 10 0 0 0 19 0 0 9 0 0 14 0 15 0 0 0 0 16 0 0 14 0 0 0
0 0 0 0 0 0 0 0 0 0 7 0 0 0 0 0 0 0 12 14 0 0 0 0 0 0 0 0 2 0 0 0 19 0 0 18 0 0 0 0 10 0 0 0 17 0 18 14 0 0 0 0 0 15 0 0 0 0 0 0 0 0 0 0 0 0 9 0 0 0 15 12 0 0 0
12 0 16 0 4 0 0 7 0 0 0 0 14 0 0 0 0 0 0 0 12 4 14 17 12 0 0 0 0 10 0 0 0 0 0 14 18 4 0 0 0 0 0 0 8 0 0 0 5 0 0 15 0 7 18 0 0 15 18 0 0 0 2 3 0 0 17 15 0 19 0 0 0 0 0
0 12 17 0 0 0 0 12 0 8 0 0 5 10 0 0 0 11 0 0 0 15 0 0 0 0 7 0 2 10 1 0 0 0 0 0 7 0 0 0 4 0 0 0 0 11 0 0 0 0 0 0 12 0 0 18 19 0 16 6 0 16 0 9 0 0 0 0 0 0 18 16 0 13 0
0 0 0 0 0 0 4 0 18 0 0 14 0 0 0 3 5 7 3 0 0 15 17 0 0 0 0 0 0 0 0 0 5 0 8 9 0 4 17 0 11 17 8 0 0 0 0 0 0 0 18 0 11 0 0 0 5 0 0 0 16 0 0 0 8 0 19 14 0 12 0 0 0 0 0
0 0 0 5 0 13 0 0 10 0 0 3 2 0 18 18 0 13 0 15 0 1 0 0 14 0 13 0 0 0 9 0 0 0 0 0 0 0 0 0 0 0 0 11 0 0 0 0 0 0 0 0 0 16 15 0 0 0 3 9 13 0 18 0 0 0 0 15 0 0 14 4 0 0 10
0 10 11 0 0 0 0 0 0 0 2 0 0 2 0 3 13 0 0 0 0 0 5 0 0 0 6 0 0 9 16 16 15 6 18 0 19 0 0 0 0 18 0 0 0 0 0 9 13 0 14 8 0 0 5 0 0 0 19 0 0 11 19 0 7 0 0 3 0 0 9 0 1 0 0
0 8 18 0 6 1 0 0 0 0 0 0 0 0 0 0 0 15 0 0 0 0 0 0 0 0 3 0 3 0 0 0 0 0 14 0 7 5 0 0 0 14 0 0 0 0 9 0 0 0 0 0 0 0 0 0 15 0 0 14 17 0 0 0 0 0 17 17 0 6 0 0 0 0 7
0 0 0 5 1 0 0 0 0 0 0 0 4 1 0 0 18 0 0 3 0 0 2 0 5 0 4 15 0 0 0 0 0 0 0 12 0 0 11 0 0 0 5 0 0 0 13 0 0 13 0 0 0 2 0 14 0 0 0 0 0 0 0 0 0 0 13 0 0 0 0 0 0 0 0
0 14 18 0 0 0 0 0 7 4 0 0 0 7 5 0 0 0 2 0 7 3 0 0 0 0 0 15 0 0 0 0 0 0 7 0 0 0 0 2 0 0 0 0 0 0 0 0 13 0 0 0 15 0 0 2 0 0 6 0 0 18 17 0 0 0 6 13 0 0 0 12 13 15 0
0 0 9 0 0 0 0 14 0 0 1 0 0 0 0 4 12 0 0 0 16 0 0 0 0 0 0 12 3 0 2 0 0 0 0 0 0 0 0 0 0 0 0 0 18 0 14 0 0 0 0 0 0 0 2 0 16 0 0 5 0 0 0 0 3 0 0 0 0 19 0 0 7 14 0
0 6 0 16 0 0 2 6 4 0 0 0 0 0 6 0 13 11 0 0 0 0 0 0 0 14 0 11 0 0 0 0 0 0 4 0 13 0 0 0 10 0 15 0 0 0 8 0 0 0 0 0 0 0 0 13 0 0 0 6 0 0 11 0 0 0 12 14 0 0 0 13 0 0 6
13 0 0 0 0 5 0 0 18 6 10 0 12 0 0 15 17 0 0 0 0 0 0 0 0 0 0 12 14 0 0 0 0 4 5 0 0 0 18 0 0 0 0 12 11 0 0 0 0 15 0 0 0 0 0 14 0 0 0 0 0 0 15 0 6 0 0 11 11 0 0 0 0 0 0
0 3 0 0 15 0 0 0 0 3 0 18 0 0 0 0 8 0 0 9 17 0 0 0 1 0 0 0 0 0 12 0 0 16 0 13 0 0 0 0 0 15 7 0 0 16 0 0 2 0 0 0 0 0 0 2 0 12 9 13 3 0 12 5 12 0 0 11 0 4 12 18 0 0 16
10 0 0 0 0 0 18 0 0 2 0 0 0 4 9 0 0 0 0 0 0 0 19 7 7 0 19 0 0 18 0 0 0 8 0 0 4 0 9 0 0 0 18 0 0 15 5 0 0 0 2 0 0 0 0 0 0 0 15 13 0 0 8 14 0 0 0 10 0 0 13 0 18 0 0
0 0 16 0 0 0 7 0 0 2 0 4 0 13 0 0 0 16 0 1 0 15 9 0 0 0 0 0 0 0 0 0 17 0 0 0 0 0 0 0 19 0 0 18 0 0 0 0 14 2 0 13 14 2 0 0 0 17 11 0 5 0 11 0 5 0 0 0 0 7 0 0 0 0 0
14 0 14 0 0 3 0 0 0 0 3 0 0 7 0 2 11 0 0 4 0 0 0 0 4 9 0 0 7 0 13 13 0 0 0 0 0 0 0 0 0 0 0 19 5 0 0 15 0 0 16 0 0 0 0 0 0 14 1 0 7 0 0 13 0 0 0 11 0 0 0 4 0 0 0
0 7 0 0 0 0 10 0 0 0 0 0 0 0 0 0 4 0 0 0 0 0 14 0 6 11 0 15 0 16 0 0 0 0 0 17 0 0 0 4 0 0 15 0 0 0 0 0 0 0 0 0 0 12 0 17 14 0 0 0 0 0 0 0 0 0 7 17 0 12 0 0 0 6 0
0 0 0 0 0 1 0 0 5 0 0 9 0 0 0 18 0 0 0 0 0 14 0 0 9 0 0 14 0 0 0 0 0 18 0 0 1 0 8 6 9 0 18 16 0 3 19 0 0 6 0 0 0 9 15 11 1 0 0 0 0 8 0 0 2 15 0 0 0 6 3 12 0 17 12
0 15 0 0 0 0 0 0 19 0 13 11 0 6 0 4 0 0 0 0 14 0 9 0 11 5 0 0 6 0 0 0 8 0 18 18 0 0 0 0 0 0 0 6 0 9 0 14 0 0 5 6 0 13 13 0 0 0 0 0 0 0 0 14 17 0 0 0 0 0 0 0 0 0 0
12 18 0 0 10 0 0 18 0 0 0 0 0 0 0 0 10 0 0 0 3 0 3 0 17 0 19 1 0 0 0 0 0 0 2 0 0 0 0 0 0 0 0 0 16 13 0 17 0 0 0 0 0 3 0 5 7 0 0 0 0 0 0 13 0 0 0 0 7 18 0 17 0 0 0
0 0 0 0 0 0 0 0 0 8 0 17 0 8 4 0 0 8 0 0 0 2 0 0 0 0 17 0 17 0 0 0 0 0 0 0 11 0 0 0 14 0 0 16 0 0 11 0 0 18 0 0 0 0 0 0 0 0 8 0 0 0 15 0 0 0 0 0 0 0 0 0 0 0 1
18 0 0 0 0 0 0 0 0 0 0 0 0 12 0 0 0 11 4 0 0 0 0 0 0 12 0 0 1 4 0 0 0 12 0 0 1 0 0 1 0 0 2 0 0 18 19 0 0 17 0 11 15 12 8 11 0 0 0 0 0 15 0 17 0 0 0 0 18 11 0 0 0 0 0
0 18 1 0 0 14 0 0 10 0 17 13 16 0 0 16 0 0 0 0 11 0 0 0 0 0 0 0 7 0 0 0 18 0 0 8 13 0 0 0 15 0 3 9 0 0 0 0 0 0 0 0 0 5 14 0 13 0 0 14 13 0 17 0 0 0 16 0 0 1 0 9 0 0 0
1 6 5 0 0 14 0 0 11 0 0 0 0 0 15 0 19 10 0 0 0 0 0 0 0 0 0 2 0 0 0 0 10 0 9 1 0 0 11 17 0 0 0 0 8 0 7 0 0 0 3 0 6 12 0 5 0 0 2 17 0 0 0 0 0 11 0 0 0 14 0 0 0 0 0
3 0 17 0 0 13 0 13 16 0 4 19 0 7 7 2 3 0 10 0 0 3 0 0 17 18 0 0 0 12 0 9 16 0 0 0 9 0 0 0 0 0 0 0 0 0 0 0 0 0 0 0 0 0 0 0 0 0 15 0 0 0 0 0 11 0 12 0 0 0 16 0 0 0 8
0 0 0 0 6 19 10 0 2 0 0 0 0 0 0 0 0 17 0 14 0 0 0 0 0 0 0 0 16 0 0 0 0 0 0 0 0 0 0 13 0 9 17 0 19 0 0 17 13 6 0 12 0 0 0 0 0 7 0 0 0 0 0 16 0 12 0 0 0 17 13 0 0 0 0
0 0 0 0 0 0 0 0 17 0 0 0 0 0 0 14 0 0 17 0 0 3 0 0 0 7 12 0 0 0 0 0 0 0 7 0 0 0 0 0 0 0 15 0 14 15 3 17 0 13 0 14 11 11 10 0 11 17 0 0 0 0 0 0 0 0 0 0 0 0 0 5 17 0 0
18 3 0 0 1 10 0 0 19 10 0 5 0 0 19 0 0 0 0 16 0 0 0 0 15 7 0 0 0 0 1 0 0 0 0 0 0 10 0 17 16 0 0 0 0 0 0 0 0 0 0 0 11 0 0 0 0 0 0 0 7 0 18 0 0 0 0 0 0 11 0 17 0 0 0
0 0 10 0 0 0 0 6 9 0 0 0 0 0 0 9 0 0 0 8 1 4 0 0 0 0 0 0 0 8 0 0 0 0 0 0 8 0 0 0 0 0 19 0 12 0 0 6 0 0 19 0 0 4 0 7 0 12 6 0 18 0 11 1 14 0 17 0 11 0 0 12 0 0 0
0 0 0 0 0 0 0 0 2 0 0 0 0 0 4 0 0 0 19 0 0 0 0 0 14 12 0 14 0 0 0 0 0 0 0 3 10 1 0 2 0 15 0 18 0 14 9 0 0 0 0 0 0 12 13 0 0 0 3 0 0 0 0 0 0 16 13 0 0 0 0 0 0 5 0
0 0 0 0 0 0 19 0 0 0 0 0 0 0 0 0 13 0 4 14 8 0 2 0 0 0 0 0 0 0 0 0 0 0 0 9 19 4 2 0 14 12 0 16 0 4 0 0 0 12 0 13 0 18 0 0 4 0 12 0 17 0 0 9 0 0 0 5 17 12 0 0 11 0 0
0 0 4 0 0 0 0 0 0 0 0 0 19 0 12 0 0 0 6 0 0 0 0 0 0 0 4 0 19 0 0 0 4 0 1 6 0 0 0 15 0 0 0 0 0 0 1 0 0 13 7 0 0 0 18 0 0 0 0 0 0 0 0 0 0 0 0 17 0 0 0 11 0 0 0
0 17 0 1 0 5 0 0 15 0 0 0 4 0 0 0 0 0 0 0 16 0 11 0 0 0 0 0 0 0 0 3 0 0 2 0 1 0 0 17 0 0 0 13 0 0 0 0 0 15 14 0 0 0 0 0 0 6 17 0 0 0 0 0 0 0 0 0 0 0 5 0 0 0 0
0 0 0 0 0 0 0 8 12 18 0 0 0 0 2 0 5 0 2 0 0 0 0 0 3 3 0 0 19 0 17 0 0 0 0 0 0 0 0 0 0 0 0 0 0 10 0 7 0 0 0 6 0 16 0 0 0 0 12 0 0 1 0 0 0 8 0 0 0 0 0 0 0 0 0
