100
50
0 2 8 8 9 12 9 12 2 15 2 11 13 10 14 8 7 1 3 14 9 15 15 19 11 16 18 10 9 6 2 19 3 14 10 3 13 14 11 19 12 6 2 3 12 13 2 1 7 19
2 0 6 19 17 13 5 17 16 7 13 11 1 0 4 8 2 4 18 12 12 13 12 17 4 0 0 7 15 16 14 2 13 4 16 1 4 9 9 7 15 0 1 11 11 9 10 8 19 17
8 6 0 3 17 13 17 2 6 8 0 4 3 12 13 15 3 5 3 8 15 0 14 3 4 11 1 10 18 5 16 18 14 11 5 6 14 4 19 18 13 9 1 15 5 16 12 8 19 19
8 19 3 0 16 13 11 18 18 3 2 2 8 4 8 16 3 10 15 8 12 4 17 10 10 2 2 19 0 7 9 1 4 3 7 17 7 18 14 3 7 14 3 4 10 10 13 2 17 14
9 17 17 16 0 13 10 6 14 14 11 3 17 14 12 11 12 4 1 10 16 7 12 7 1 13 7 8 8 6 19 8 0 12 18 4 3 6 2 5 13 17 13 15 10 10 19 18 1 8
12 13 13 13 13 0 9 10 11 4 13 8 9 7 17 5 16 14 19 7 15 14 19 1 7 16 5 2 9 9 9 7 4 12 13 8 5 4 5 3 16 17 19 8 9 6 19 7 2 4
9 5 17 11 10 9 0 18 5 11 16 2 5 17 1 18 6 4 19 13 2 4 9 13 14 2 3 15 2 19 6 0 5 10 10 16 9 3 4 4 8 6 5 8 18 6 1 0 6 1
12 17 2 18 6 10 18 0 4 7 13 9 16 12 16 12 17 1 4 12 17 0 1 1 0 11 4 10 2 12 8 16 8 18 3 17 11 5 19 6 12 6 10 13 6 18 2 11 9 2
2 16 6 18 14 11 5 4 0 2 9 6 4 5 11 14 1 2 15 0 4 14 19 12 16 0 19 1 5 0 4 14 2 9 19 16 8 11 16 4 6 5 17 14 2 14 9 14 17 16
15 7 8 3 14 4 11 7 2 0 1 17 8 1 4 15 17 12 2 4 15 2 17 2 16 12 19 14 15 3 13 15 16 13 8 4 4 2 14 18 19 16 14 18 15 0 5 2 12 19
2 13 0 2 11 13 16 13 9 1 0 4 17 2 18 12 10 19 13 13 5 18 1 9 15 2 12 12 13 2 13 18 2 3 5 9 1 9 11 5 0 15 10 16 6 8 5 6 13 8
11 11 4 2 3 8 2 9 6 17 4 0 14 19 17 9 17 9 15 16 13 13 1 3 2 11 2 11 5 9 19 16 11 1 9 6 19 7 14 9 1 3 17 19 7 12 3 7 9 11
13 1 3 8 17 9 5 16 4 8 17 14 0 10 19 10 17 16 3 19 2 9 19 9 3 11 0 3 5 19 19 11 17 16 17 14 12 7 5 0 9 15 7 13 10 7 2 17 15 12
10 0 12 4 14 7 17 12 5 1 2 19 10 0 9 11 5 18 13 3 9 5 11 8 11 9 0 9 8 17 14 3 8 9 1 18 1 7 10 17 10 1 0 9 11 8 1 14 10 2
14 4 13 8 12 17 1 16 11 4 18 17 19 9 0 4 15 10 13 19 0 7 14 19 10 6 16 19 11 1 10 1 2 17 7 5 9 17 6 0 11 15 9 9 1 8 6 2 6 0
8 8 15 16 11 5 18 12 14 15 12 9 10 11 4 0 16 15 6 11 16 18 1 7 8 16 16 3 13 7 17 17 5 19 2 4 1 9 0 7 16 16 7 7 5 15 10 0 6 4
7 2 3 3 12 16 6 17 1 17 10 17 17 5 15 16 0 12 2 6 14 7 16 19 15 2 12 0 18 5 0 5 12 1 0 18 17 3 18 12 3 19 7 5 2 7 6 18 15 4
1 4 5 10 4 14 4 1 2 12 19 9 16 18 10 15 12 0 3 16 13 18 16 0 3 8 19 11 10 19 5 19 9 12 11 13 19 12 3 8 10 13 12 7 2 12 8 1 5 8
3 18 3 15 1 19 19 4 15 2 13 15 3 13 13 6 2 3 0 4 15 13 15 17 2 2 6 12 2 14 14 13 1 11 16 10 8 1 12 1 6 14 8 16 5 8 2 6 16 17
14 12 8 8 10 7 13 12 0 4 13 16 19 3 19 11 6 16 4 0 11 18 14 15 0 17 5 6 19 15 6 16 4 15 8 7 9 7 10 12 15 11 10 0 19 14 9 13 1 15
9 12 15 12 16 15 2 17 4 15 5 13 2 9 0 16 14 13 15 11 0 19 9 9 5 1 1 0 8 1 18 3 11 7 9 16 15 9 4 17 9 14 11 14 19 6 16 2 0 10
15 13 0 4 7 14 4 0 14 2 18 13 9 5 7 18 7 18 13 18 19 0 5 6 18 15 13 7 14 18 17 11 5 16 13 4 0 13 5 11 16 5 11 11 10 7 7 11 15 6
15 12 14 17 12 19 9 1 19 17 1 1 19 11 14 1 16 16 15 14 9 5 0 12 9 0 11 15 8 16 17 1 9 18 1 0 3 2 16 15 10 15 3 17 4 3 11 15 0 13
19 17 3 10 7 1 13 1 12 2 9 3 9 8 19 7 19 0 17 15 9 6 12 0 1 11 11 6 3 15 17 2 2 8 16 18 10 9 9 7 13 8 13 12 16 3 14 16 0 4
11 4 4 10 1 7 14 0 16 16 15 2 3 11 10 8 15 3 2 0 5 18 9 1 0 18 16 3 8 12 10 8 18 6 3 1 0 4 18 8 4 2 13 2 18 4 3 19 10 9
16 0 11 2 13 16 2 11 0 12 2 11 11 9 6 16 2 8 2 17 1 15 0 11 18 0 13 19 12 6 3 11 8 9 18 8 2 16 1 1 10 9 13 18 15 18 7 9 11 16
18 0 1 2 7 5 3 4 19 19 12 2 0 0 16 16 12 19 6 5 1 13 11 11 16 13 0 10 7 3 11 14 7 8 18 5 3 8 16 18 5 16 4 15 1 4 6 5 17 16
10 7 10 19 8 2 15 10 1 14 12 11 3 9 19 3 0 11 12 6 0 7 15 6 3 19 10 0 8 10 7 13 19 12 15 5 16 9 2 0 19 14 3 1 6 14 9 19 6 7
9 15 18 0 8 9 2 2 5 15 13 5 5 8 11 13 18 10 2 19 8 14 8 3 8 12 7 8 0 8 0 5 8 2 16 3 17 7 19 13 19 13 1 12 19 8 16 0 15 3
6 16 5 7 6 9 19 12 0 3 2 9 19 17 1 7 5 19 14 15 1 18 16 15 12 6 3 10 8 0 9 15 13 12 4 10 17 19 16 13 1 5 10 1 17 12 3 15 12 1
2 14 16 9 19 9 6 8 4 13 13 19 19 14 10 17 0 5 14 6 18 17 17 17 10 3 11 7 0 9 0 4 1 2 14 13 15 3 10 13 4 7 16 8 11 13 16 2 1 8
19 2 18 1 8 7 0 16 14 15 18 16 11 3 1 17 5 19 13 16 3 11 1 2 8 11 14 13 5 15 4 0 9 10 10 3 6 2 6 14 5 3 10 7 7 16 16 12 14 3
3 13 14 4 0 4 5 8 2 16 2 11 17 8 2 5 12 9 1 4 11 5 9 2 18 8 7 19 8 13 1 9 0 6 3 5 8 18 0 11 3 8 10 16 17 7 4 2 16 8
14 4 11 3 12 12 10 18 9 13 3 1 16 9 17 19 1 12 11 15 7 16 18 8 6 9 8 12 2 12 2 10 6 0 9 10 12 0 13 15 0 7 2 19 6 11 17 19 8 10
10 16 5 7 18 13 10 3 19 8 5 9 17 1 7 2 0 11 16 8 9 13 1 16 3 18 18 15 16 4 14 10 3 9 0 1 19 16 11 1 15 3 0 16 3 19 17 8 14 8
3 1 6 17 4 8 16 17 16 4 9 6 14 18 5 4 18 13 10 7 16 4 0 18 1 8 5 5 3 10 13 3 5 10 1 0 19 10 7 13 6 9 19 11 14 14 9 8 13 13
13 4 14 7 3 5 9 11 8 4 1 19 12 1 9 1 17 19 8 9 15 0 3 10 0 2 3 16 17 17 15 6 8 12 19 19 0 10 1 16 1 8 19 9 16 18 5 16 18 1
14 9 4 18 6 4 3 5 11 2 9 7 7 7 17 9 3 12 1 7 9 13 2 9 4 16 8 9 7 19 3 2 18 0 16 10 10 0 17 14 14 16 0 10 9 0 9 17 6 13
11 9 19 14 2 5 4 19 16 14 11 14 5 10 6 0 18 3 12 10 4 5 16 9 18 1 16 2 19 16 10 6 0 13 11 7 1 17 0 13 10 15 1 0 8 2 11 10 15 14
19 7 18 3 5 3 4 6 4 18 5 9 0 17 0 7 12 8 1 12 17 11 15 7 8 1 18 0 13 13 13 14 11 15 1 13 16 14 13 0 5 15 19 6 0 11 19 13 1 19
12 15 13 7 13 16 8 12 6 19 0 1 9 10 11 16 3 10 6 15 9 16 10 13 4 10 5 19 19 1 4 5 3 0 15 6 1 14 10 5 0 6 17 11 11 6 2 17 10 3
6 0 9 14 17 17 6 6 5 16 15 3 15 1 15 16 19 13 14 11 14 5 15 8 2 9 16 14 13 5 7 3 8 7 3 9 8 16 15 15 6 0 8 0 14 5 18 4 9 10
2 1 1 3 13 19 5 10 17 14 10 17 7 0 9 7 7 12 8 10 11 11 3 13 13 13 4 3 1 10 16 10 10 2 0 19 19 0 1 19 17 8 0 13 9 15 9 13 15 8
3 11 15 4 15 8 8 13 14 18 16 19 13 9 9 7 5 7 16 0 14 11 17 12 2 18 15 1 12 1 8 7 16 19 16 11 9 10 0 6 11 0 13 0 16 4 14 6 0 1
12 11 5 10 10 9 18 6 2 15 6 7 10 11 1 5 2 2 5 19 19 10 4 16 18 15 1 6 19 17 11 7 17 6 3 14 16 9 8 0 11 14 9 16 0 1 2 2 15 1
13 9 16 10 10 6 6 18 14 0 8 12 7 8 8 15 7 12 8 14 6 7 3 3 4 18 4 14 8 12 13 16 7 11 19 14 18 0 2 11 6 5 15 4 1 0 1 5 10 7
2 10 12 13 19 19 1 2 9 5 5 3 2 1 6 10 6 8 2 9 16 7 11 14 3 7 6 9 16 3 16 16 4 17 17 9 5 9 11 19 2 18 9 14 2 1 0 8 0 1
1 8 8 2 18 7 0 11 14 2 6 7 17 14 2 0 18 1 6 13 2 11 15 16 19 9 5 19 0 15 2 12 2 19 8 8 16 17 10 13 17 4 13 6 2 5 8 0 18 12
7 19 19 17 1 2 6 9 17 12 13 9 15 10 6 6 15 5 16 1 0 15 0 0 10 11 17 6 15 12 1 14 16 8 14 13 18 6 15 1 10 9 15 0 15 10 0 18 0 7
19 17 19 14 8 4 1 2 16 19 8 11 12 2 0 4 4 8 17 15 10 6 13 4 9 16 16 7 3 1 8 3 8 10 8 13 1 13 14 19 3 10 8 1 1 7 1 12 7 0
