50
50
0 0 0 19 0 0 0 0 0 8 0 11 0 0 0 0 0 17 0 0 11 0 0 0 1 11 0 0 0 0 19 0 0 0 0 0 0 0 10 8 0 0 1 0 0 0 0 0 0 0
0 0 0 10 0 15 0 19 0 0 0 0 5 19 0 0 8 0 16 5 0 5 0 0 0 0 0 0 0 12 13 0 16 6 1 0 0 0 0 0 0 0 0 13 0 0 18 0 0 3
0 0 0 0 0 0 0 0 14 0 0 0 2 0 0 0 0 0 0 9 17 6 0 0 7 6 0 0 0 0 0 0 0 0 0 0 0 5 0 0 0 3 0 0 3 0 3 12 0 0
19 10 0 0 8 19 0 0 0 8 0 0 0 0 9 0 0 0 0 3 0 0 0 0 14 0 0 0 0 0 0 0 0 0 0 0 0 0 0 13 0 0 0 0 0 0 0 0 0 0
0 0 0 8 0 9 0 0 0 0 0 0 0 11 1 13 2 0 0 0 0 3 0 0 0 0 0 12 8 0 0 19 9 4 0 3 0 0 0 0 0 0 9 0 0 0 0 0 16 4
0 15 0 19 9 0 16 0 3 15 7 10 0 0 0 0 0 0 0 3 0 0 6 0 0 14 6 0 0 0 0 0 0 0 0 6 0 0 0 0 5 3 0 0 0 0 0 2 0 0
0 0 0 0 0 16 0 0 0 5 0 0 0 0 0 12 9 0 0 17 12 0 5 0 0 0 0 0 0 0 0 0 7 0 0 9 0 5 0 0 6 0 0 0 7 0 15 0 0 0
0 19 0 0 0 0 0 0 18 0 0 0 7 0 4 0 0 0 0 9 0 0 0 0 10 0 0 2 0 0 18 0 0 15 0 17 0 0 0 0 7 0 0 0 7 0 15 0 0 7
0 0 14 0 0 3 0 18 0 0 0 0 0 0 0 5 7 5 0 0 0 0 0 19 0 0 0 0 7 0 11 0 0 0 0 0 0 0 0 0 0 0 0 0 0 0 0 1 0 16
8 0 0 8 0 15 5 0 0 0 0 0 0 0 0 0 1 17 0 0 0 0 4 0 0 0 0 7 0 0 5 19 0 0 0 0 0 0 0 0 0 0 0 0 0 12 0 0 6 7
0 0 0 0 0 7 0 0 0 0 0 0 0 0 0 0 6 0 8 15 4 0 17 5 4 0 17 13 0 0 0 0 13 0 0 12 0 17 0 0 0 0 15 0 0 0 15 17 0 3
11 0 0 0 0 10 0 0 0 0 0 0 0 8 0 10 0 0 14 0 0 0 0 17 3 0 12 0 0 18 0 5 0 0 3 0 0 6 13 0 14 8 0 11 17 0 0 0 0 0
0 5 2 0 0 0 0 7 0 0 0 0 0 0 12 0 0 2 0 0 0 0 0 0 0 0 0 0 0 13 0 0 0 0 0 11 0 0 0 0 16 5 0 0 0 0 8 0 0 0
0 19 0 0 11 0 0 0 0 0 0 8 0 0 0 17 0 0 18 0 0 0 4 0 16 7 0 0 0 0 5 0 0 1 0 0 0 0 0 14 0 0 0 0 16 0 1 0 0 0
0 0 0 9 1 0 0 4 0 0 0 0 12 0 0 0 18 0 0 0 0 0 0 0 9 0 4 0 0 0 0 0 3 0 0 0 12 0 4 0 0 0 0 0 0 0 1 14 0 0
0 0 0 0 13 0 12 0 5 0 0 10 0 17 0 0 15 0 0 12 0 0 0 0 0 18 0 15 0 16 0 13 14 0 6 11 0 0 0 0 0 0 0 0 0 0 0 2 0 0
0 8 0 0 2 0 9 0 7 1 6 0 0 0 18 15 0 0 0 0 19 0 0 0 0 0 0 7 0 18 0 10 14 11 0 0 0 0 9 0 0 0 0 0 0 18 0 0 0 8
17 0 0 0 0 0 0 0 5 17 0 0 2 0 0 0 0 0 0 0 0 0 0 6 0 0 0 10 0 18 0 9 0 11 0 0 0 0 0 0 0 0 5 0 10 0 0 2 0 0
0 16 0 0 0 0 0 0 0 0 8 14 0 18 0 0 0 0 0 0 0 0 0 0 8 8 12 0 0 7 0 0 0 0 9 16 0 0 0 1 0 1 8 0 0 0 0 2 5 0
0 5 9 3 0 3 17 9 0 0 15 0 0 0 0 12 0 0 0 0 0 2 13 0 0 0 0 0 7 15 0 0 0 3 0 0 0 10 0 0 12 0 0 0 0 3 0 3 0 0
11 0 17 0 0 0 12 0 0 0 4 0 0 0 0 0 19 0 0 0 0 9 0 0 4 0 0 0 0 7 0 0 0 4 19 0 0 15 12 0 0 0 2 1 0 0 16 11 0 0
0 5 6 0 3 0 0 0 0 0 0 0 0 0 0 0 0 0 0 2 9 0 0 9 18 0 14 0 0 13 16 0 0 0 0 0 0 0 0 0 14 0 12 0 0 0 0 0 0 0
0 0 0 0 0 6 5 0 0 4 17 0 0 4 0 0 0 0 0 13 0 0 0 14 13 0 0 10 0 11 0 9 0 0 2 0 0 0 0 0 0 0 2 0 0 0 15 15 16 0
0 0 0 0 0 0 0 0 19 0 5 17 0 0 0 0 0 6 0 0 0 9 14 0 0 6 0 0 0 0 0 12 0 1 0 0 0 0 0 18 0 0 11 0 0 0 19 0 0 18
1 0 7 14 0 0 0 10 0 0 4 3 0 16 9 0 0 0 8 0 4 18 13 0 0 6 18 4 13 0 0 0 7 7 0 12 0 0 0 17 18 5 0 0 0 14 1 0 8 0
11 0 6 0 0 14 0 0 0 0 0 0 0 7 0 18 0 0 8 0 0 0 0 6 6 0 0 0 0 0 0 0 6 0 0 17 0 0 0 13 2 0 0 6 0 0 0 0 2 12
0 0 0 0 0 6 0 0 0 0 17 12 0 0 4 0 0 0 12 0 0 14 0 0 18 0 0 0 0 12 0 0 0 11 0 0 0 0 0 0 0 0 3 0 7 0 0 3 9 0
0 0 0 0 12 0 0 2 0 7 13 0 0 0 0 15 7 10 0 0 0 0 10 0 4 0 0 0 7 17 0 0 0 0 0 0 7 0 8 0 0 0 0 0 0 16 0 0 2 0
0 0 0 0 8 0 0 0 7 0 0 0 0 0 0 0 0 0 0 7 0 0 0 0 13 0 0 7 0 17 0 14 0 6 0 11 0 2 0 0 13 0 0 19 18 14 0 0 9 0
0 12 0 0 0 0 0 0 0 0 0 18 13 0 0 16 18 18 7 15 7 13 11 0 0 0 12 17 17 0 7 0 0 0 1 17 0 0 0 0 0 0 0 0 0 15 14 19 0 11
19 13 0 0 0 0 0 18 11 5 0 0 0 5 0 0 0 0 0 0 0 16 0 0 0 0 0 0 0 7 0 0 0 0 7 12 0 10 0 0 0 6 0 0 0 0 0 11 0 0
0 0 0 0 19 0 0 0 0 19 0 5 0 0 0 13 10 9 0 0 0 0 9 12 0 0 0 0 14 0 0 0 0 0 0 0 11 0 0 14 15 0 0 10 0 0 0 0 0 0
0 16 0 0 9 0 7 0 0 0 13 0 0 0 3 14 14 0 0 0 0 0 0 0 7 6 0 0 0 0 0 0 0 14 0 0 13 0 0 0 0 13 15 10 0 13 0 6 0 0
0 6 0 0 4 0 0 15 0 0 0 0 0 1 0 0 11 11 0 3 4 0 0 1 7 0 11 0 6 0 0 0 14 0 0 0 0 0 16 0 0 6 0 9 0 0 0 0 0 0
0 1 0 0 0 0 0 0 0 0 0 3 0 0 0 6 0 0 9 0 19 0 2 0 0 0 0 0 0 1 7 0 0 0 0 0 0 0 0 0 0 2 0 0 0 0 0 12 14 11
0 0 0 0 3 6 9 17 0 0 12 0 11 0 0 11 0 0 16 0 0 0 0 0 12 17 0 0 11 17 12 0 0 0 0 0 19 14 0 17 0 18 0 0 0 17 7 13 6 0
0 0 0 0 0 0 0 0 0 0 0 0 0 0 12 0 0 0 0 0 0 0 0 0 0 0 0 7 0 0 0 11 13 0 0 19 0 0 0 0 19 0 0 17 0 0 0 0 0 13
0 0 5 0 0 0 5 0 0 0 17 6 0 0 0 0 0 0 0 10 15 0 0 0 0 0 0 0 2 0 10 0 0 0 0 14 0 0 0 0 6 3 0 0 4 0 0 0 13 0
10 0 0 0 0 0 0 0 0 0 0 13 0 0 4 0 9 0 0 0 12 0 0 0 0 0 0 8 0 0 0 0 0 16 0 0 0 0 0 0 0 18 8 0 0 0 0 10 0 0
8 0 0 13 0 0 0 0 0 0 0 0 0 14 0 0 0 0 1 0 0 0 0 18 17 13 0 0 0 0 0 14 0 0 0 17 0 0 0 0 0 0 17 1 0 0 7 0 0 0
0 0 0 0 0 5 6 7 0 0 0 14 16 0 0 0 0 0 0 12 0 14 0 0 18 2 0 0 13 0 0 15 0 0 0 0 19 6 0 0 0 0 0 0 0 0 0 0 0 11
0 0 3 0 0 3 0 0 0 0 0 8 5 0 0 0 0 0 1 0 0 0 0 0 5 0 0 0 0 0 6 0 13 6 2 18 0 3 18 0 0 0 0 5 0 0 0 1 4 0
1 0 0 0 9 0 0 0 0 0 15 0 0 0 0 0 0 5 8 0 2 12 2 11 0 0 3 0 0 0 0 0 15 0 0 0 0 0 8 17 0 0 0 0 0 18 0 0 0 0
0 13 0 0 0 0 0 0 0 0 0 11 0 0 0 0 0 0 0 0 1 0 0 0 0 6 0 0 19 0 0 10 10 9 0 0 17 0 0 1 0 5 0 0 0 0 0 0 0 0
0 0 3 0 0 0 7 7 0 0 0 17 0 16 0 0 0 10 0 0 0 0 0 0 0 0 7 0 18 0 0 0 0 0 0 0 0 4 0 0 0 0 0 0 0 0 0 0 19 0
0 0 0 0 0 0 0 0 0 12 0 0 0 0 0 0 18 0 0 3 0 0 0 0 14 0 0 16 14 15 0 0 13 0 0 17 0 0 0 0 0 0 18 0 0 0 0 0 0 0
0 18 3 0 0 0 15 15 0 0 15 0 8 1 1 0 0 0 0 0 16 0 15 19 1 0 0 0 0 14 0 0 0 0 0 7 0 0 0 7 0 0 0 0 0 0 0 0 0 0
0 0 12 0 0 2 0 0 1 0 17 0 0 0 14 2 0 2 2 3 11 0 15 0 0 0 3 0 0 19 11 0 6 0 12 13 0 0 10 0 0 1 0 0 0 0 0 0 0 0
0 0 0 0 16 0 0 0 0 6 0 0 0 0 0 0 0 0 5 0 0 0 16 0 8 2 9 2 9 0 0 0 0 0 14 6 0 13 0 0 0 4 0 0 19 0 0 0 0 0
0 3 0 0 4 0 0 7 16 7 3 0 0 0 0 0 8 0 0 0 0 0 0 18 0 12 0 0 0 11 0 0 0 0 11 0 13 0 0 0 11 0 0 0 0 0 0 0 0 0
