100
50
0 11 17 4 13 11 18 16 1 15 15 10 14 9 9 18 10 1 9 9 17 8 11 6 16 14 19 11 13 0 9 1 15 11 5 15 12 11 6 13 4 8 1 17 14 12 9 0 13 0
11 0 13 5 5 15 16 19 18 14 9 12 11 10 3 13 3 7 5 7 8 11 12 10 9 9 15 2 6 4 16 2 15 10 14 10 8 8 10 17 11 11 16 5 13 6 3 13 4 4
17 13 0 9 12 16 1 8 17 6 5 18 12 14 17 16 8 1 12 17 9 8 10 5 2 19 1 19 3 16 2 13 13 5 17 7 13 5 17 8 8 14 7 9 16 7 7 2 0 3
4 5 9 0 17 17 6 17 15 13 11 7 0 16 19 1 13 7 17 5 6 1 1 17 12 8 5 8 11 0 8 4 14 10 6 8 11 8 10 17 15 14 12 16 3 12 0 15 5 11
13 5 12 17 0 15 17 17 4 15 8 2 18 12 10 15 9 5 0 3 8 5 16 18 16 3 7 4 9 16 15 15 1 17 8 13 10 17 17 16 19 2 18 15 16 1 19 8 8 14
11 15 16 17 15 0 12 5 14 2 19 3 6 0 0 7 16 3 9 18 6 12 14 7 19 19 3 17 6 7 7 8 10 8 2 1 8 8 9 14 1 8 6 16 19 6 9 7 6 2
18 16 1 6 17 12 0 10 2 12 8 6 19 3 9 12 0 16 4 14 17 8 9 15 12 18 18 5 10 3 2 13 10 8 17 17 14 9 19 2 3 19 2 1 13 12 19 19 6 17
16 19 8 17 17 5 10 0 17 10 14 2 19 7 1 8 19 4 6 8 11 7 17 11 15 11 16 15 16 14 19 4 17 16 7 6 16 19 5 2 15 1 8 3 9 18 1 14 12 18
1 18 17 15 4 14 2 17 0 7 9 6 18 15 0 14 18 12 3 17 1 1 18 19 10 10 4 14 17 11 1 3 0 9 3 3 12 1 9 18 10 1 3 8 3 14 9 0 9 4
15 14 6 13 15 2 12 10 7 0 8 9 7 15 3 7 14 17 19 3 1 15 3 12 7 8 18 15 10 13 6 2 17 19 0 0 15 13 11 17 9 5 6 6 12 16 14 15 15 10
15 9 5 11 8 19 8 14 9 8 0 1 10 2 9 19 7 7 7 7 15 16 18 9 10 5 0 6 17 10 8 0 5 19 16 8 17 5 0 13 15 16 6 4 19 14 0 8 16 5
10 12 18 7 2 3 6 2 6 9 1 0 13 17 11 0 0 9 11 16 17 5 4 13 11 14 18 17 18 6 6 9 4 15 18 10 8 9 11 6 19 1 11 14 16 7 6 18 13 4
14 11 12 0 18 6 19 19 18 7 10 13 0 3 19 14 19 8 11 8 3 15 12 1 12 1 17 10 10 1 8 15 6 8 9 12 1 14 14 10 12 5 15 6 0 9 16 7 8 17
9 10 14 16 12 0 3 7 15 15 2 17 3 0 14 5 13 19 14 17 2 8 11 14 14 9 9 1 8 15 15 2 16 4 18 10 3 0 9 17 14 18 15 9 15 12 0 17 2 5
9 3 17 19 10 0 9 1 0 3 9 11 19 14 0 3 1 10 9 12 6 12 13 17 14 9 16 19 15 14 0 0 15 2 14 13 13 17 3 13 1 18 16 13 12 18 8 4 19 10
18 13 16 1 15 7 12 8 14 7 19 0 14 5 3 0 9 8 6 10 13 18 8 11 17 1 13 3 1 16 3 15 0 17 10 4 19 0 5 3 15 8 1 7 4 13 13 12 14 7
10 3 8 13 9 16 0 19 18 14 7 0 19 13 1 9 0 8 14 16 17 10 14 6 3 19 4 0 13 11 10 7 13 2 1 10 1 9 14 7 1 1 14 13 1 1 5 18 10 6
1 7 1 7 5 3 16 4 12 17 7 9 8 19 10 8 8 0 6 1 16 11 9 3 2 19 17 15 5 0 17 16 5 15 14 19 2 0 17 6 8 10 13 16 6 17 15 1 4 7
9 5 12 17 0 9 4 6 3 19 7 11 11 14 9 6 14 6 0 7 17 0 9 5 3 0 12 13 0 3 19 5 11 16 10 0 15 16 7 6 6 4 18 11 18 17 12 4 17 7
9 7 17 5 3 18 14 8 17 3 7 16 8 17 12 10 16 1 7 0 7 12 18 6 12 10 17 13 13 8 6 12 9 7 10 3 0 9 2 6 3 7 11 2 6 3 3 1 17 17
17 8 9 6 8 6 17 11 1 1 15 17 3 2 6 13 17 16 17 7 0 3 1 2 12 16 5 9 17 17 19 19 13 11 18 3 3 19 15 11 5 8 13 8 1 8 12 19 11 16
8 11 8 1 5 12 8 7 1 15 16 5 15 8 12 18 10 11 0 12 3 0 6 1 12 2 8 5 15 11 19 8 11 18 1 9 10 10 9 6 8 9 7 12 19 3 15 3 10 18
11 12 10 1 16 14 9 17 18 3 18 4 12 11 13 8 14 9 9 18 1 6 0 18 10 0 13 0 11 16 4 13 7 17 12 4 15 17 8 16 0 8 3 10 1 12 6 13 10 12
6 10 5 17 18 7 15 11 19 12 9 13 1 14 17 11 6 3 5 6 2 1 18 0 10 12 14 7 3 17 17 12 6 3 9 5 14 18 12 19 8 17 14 18 10 5 5 17 15 14
16 9 2 12 16 19 12 15 10 7 10 11 12 14 14 17 3 2 3 12 12 12 10 10 0 15 2 3 9 10 4 18 8 4 16 12 4 16 1 12 17 19 5 9 19 2 7 10 9 13
14 9 19 8 3 19 18 11 10 8 5 14 1 9 9 1 19 19 0 10 16 2 0 12 15 0 16 1 16 15 15 2 19 12 4 18 10 17 6 0 9 6 2 15 3 19 19 7 13 19
19 15 1 5 7 3 18 16 4 18 0 18 17 9 16 13 4 17 12 17 5 8 13 14 2 16 0 19 19 10 4 13 19 16 16 16 3 4 11 18 3 5 9 7 12 12 6 6 3 5
11 2 19 8 4 17 5 15 14 15 6 17 10 1 19 3 0 15 13 13 9 5 0 7 3 1 19 0 15 0 11 19 5 4 19 6 13 15 12 18 7 0 12 10 16 4 17 18 7 12
13 6 3 11 9 6 10 16 17 10 17 18 10 8 15 1 13 5 0 13 17 15 11 3 9 16 19 15 0 17 15 19 14 6 6 6 3 12 10 11 4 2 7 14 12 11 15 7 0 19
0 4 16 0 16 7 3 14 11 13 10 6 1 15 14 16 11 0 3 8 17 11 16 17 10 15 10 0 17 0 16 11 11 13 8 17 14 3 4 6 5 4 12 14 0 17 14 6 15 14
9 16 2 8 15 7 2 19 1 6 8 6 8 15 0 3 10 17 19 6 19 19 4 17 4 15 4 11 15 16 0 5 17 14 2 19 1 11 0 15 8 4 7 1 14 17 13 17 13 4
1 2 13 4 15 8 13 4 3 2 0 9 15 2 0 15 7 16 5 12 19 8 13 12 18 2 13 19 19 11 5 0 0 0 0 13 16 11 12 8 0 9 14 9 3 12 8 15 9 0
15 15 13 14 1 10 10 17 0 17 5 4 6 16 15 0 13 5 11 9 13 11 7 6 8 19 19 5 14 11 17 0 0 2 18 17 7 9 10 11 16 0 11 3 14 5 6 17 9 8
11 10 5 10 17 8 8 16 9 19 19 15 8 4 2 17 2 15 16 7 11 18 17 3 4 12 16 4 6 13 14 0 2 0 15 6 5 7 2 6 9 1 8 16 12 18 16 11 9 6
5 14 17 6 8 2 17 7 3 0 16 18 9 18 14 10 1 14 10 10 18 1 12 9 16 4 16 19 6 8 2 0 18 15 0 14 4 9 15 13 2 13 14 4 7 6 9 3 0 7
15 10 7 8 13 1 17 6 3 0 8 10 12 10 13 4 10 19 0 3 3 9 4 5 12 18 16 6 6 17 19 13 17 6 14 0 5 6 12 7 14 10 8 14 17 12 17 3 19 13
12 8 13 11 10 8 14 16 12 15 17 8 1 3 13 19 1 2 15 0 3 10 15 14 4 10 3 13 3 14 1 16 7 5 4 5 0 2 8 5 19 8 17 13 17 16 16 1 3 14
11 8 5 8 17 8 9 19 1 13 5 9 14 0 17 0 9 0 16 9 19 10 17 18 16 17 4 15 12 3 11 11 9 7 9 6 2 0 11 2 16 11 4 5 13 14 7 13 0 16
6 10 17 10 17 9 19 5 9 11 0 11 14 9 3 5 14 17 7 2 15 9 8 12 1 6 11 12 10 4 0 12 10 2 15 12 8 11 0 15 0 13 18 15 4 0 18 9 8 3
13 17 8 17 16 14 2 2 18 17 13 6 10 17 13 3 7 6 6 6 11 6 16 19 12 0 18 18 11 6 15 8 11 6 13 7 5 2 15 0 10 5 2 5 0 7 11 2 9 2
4 11 8 15 19 1 3 15 10 9 15 19 12 14 1 15 1 8 6 3 5 8 0 8 17 9 3 7 4 5 8 0 16 9 2 14 19 16 0 10 0 12 7 0 8 11 16 18 1 13
8 11 14 14 2 8 19 1 1 5 16 1 5 18 18 8 1 10 4 7 8 9 8 17 19 6 5 0 2 4 4 9 0 1 13 10 8 11 13 5 12 0 16 13 4 7 11 7 10 7
1 16 7 12 18 6 2 8 3 6 6 11 15 15 16 1 14 13 18 11 13 7 3 14 5 2 9 12 7 12 7 14 11 8 14 8 17 4 18 2 7 16 0 3 1 14 3 9 17 5
17 5 9 16 15 16 1 3 8 6 4 14 6 9 13 7 13 16 11 2 8 12 10 18 9 15 7 10 14 14 1 9 3 16 4 14 13 5 15 5 0 13 3 0 10 3 14 8 15 19
14 13 16 3 16 19 13 9 3 12 19 16 0 15 12 4 1 6 18 6 1 19 1 10 19 3 12 16 12 0 14 3 14 12 7 17 17 13 4 0 8 4 1 10 0 5 6 0 9 19
12 6 7 12 1 6 12 18 14 16 14 7 9 12 18 13 1 17 17 3 8 3 12 5 2 19 12 4 11 17 17 12 5 18 6 12 16 14 0 7 11 7 14 3 5 0 8 13 18 0
9 3 7 0 19 9 19 1 9 14 0 6 16 0 8 13 5 15 12 3 12 15 6 5 7 19 6 17 15 14 13 8 6 16 9 17 16 7 18 11 16 11 3 14 6 8 0 0 2 18
0 13 2 15 8 7 19 14 0 15 8 18 7 17 4 12 18 1 4 1 19 3 13 17 10 7 6 18 7 6 17 15 17 11 3 3 1 13 9 2 18 7 9 8 0 13 0 0 12 2
13 4 0 5 8 6 6 12 9 15 16 13 8 2 19 14 10 4 17 17 11 10 10 15 9 13 3 7 0 15 13 9 9 9 0 19 3 0 8 9 1 10 17 15 9 18 2 12 0 15
0 4 3 11 14 2 17 18 4 10 5 4 17 5 10 7 6 7 7 17 16 18 12 14 13 19 5 12 19 14 4 0 8 6 7 13 14 16 3 2 13 7 5 19 19 0 18 2 15 0
