100
50
0 0 0 0 19 0 0 0 0 0 12 0 0 0 0 10 0 9 15 0 4 0 10 0 0 9 18 0 0 0 0 14 0 0 0 0 9 0 0 0 0 11 10 17 0 0 10 0 0 14
0 0 3 0 0 13 9 0 0 0 0 0 0 0 4 0 0 0 0 0 10 0 0 13 0 8 0 0 0 7 17 0 0 0 0 9 0 0 0 11 0 2 0 17 17 12 18 0 12 0
0 3 0 0 5 0 13 0 0 0 0 0 0 0 0 0 0 5 4 0 0 0 0 16 0 19 12 0 19 0 0 0 7 16 0 0 9 16 0 12 0 0 0 0 0 5 18 0 0 0
0 0 0 0 12 0 0 7 0 0 0 4 0 18 0 0 0 0 0 0 7 0 0 0 0 0 8 0 12 0 0 0 0 0 0 0 8 0 0 0 0 0 0 0 0 0 0 0 0 0
19 0 5 12 0 0 0 8 8 0 0 18 0 19 0 6 0 0 0 0 0 13 5 0 0 0 0 0 0 0 18 0 0 0 0 0 0 0 0 0 8 0 8 0 0 12 17 0 0 0
0 13 0 0 0 0 0 8 0 0 0 0 0 0 0 0 0 0 11 1 1 9 0 0 3 5 0 0 0 0 0 0 0 7 9 13 19 13 0 0 0 0 19 5 0 17 0 3 12 0
0 9 13 0 0 0 0 0 8 6 0 0 0 0 14 0 3 0 18 12 0 0 0 13 9 0 0 0 0 0 0 0 0 13 0 0 2 0 0 0 0 0 0 0 0 0 0 0 7 0
0 0 0 7 8 8 0 0 0 13 0 0 1 0 10 7 0 0 0 0 9 0 0 6 0 11 0 0 4 0 0 0 0 0 0 0 0 0 0 15 11 12 0 0 2 0 0 0 1 0
0 0 0 0 8 0 8 0 0 0 5 0 6 0 0 0 15 0 9 0 1 0 13 8 9 0 5 0 0 0 4 0 0 0 0 2 0 6 1 1 0 15 0 0 0 0 18 0 13 0
0 0 0 0 0 0 6 13 0 0 0 0 0 0 0 0 0 0 0 0 0 8 5 0 0 9 0 0 3 0 0 0 0 0 0 0 10 0 11 18 17 0 0 0 8 0 0 8 18 4
12 0 0 0 0 0 0 0 5 0 0 0 0 0 12 0 0 14 0 0 0 0 0 0 17 0 15 0 6 0 0 15 0 0 17 0 10 0 0 0 0 0 1 0 0 16 5 0 8 0
0 0 0 4 18 0 0 0 0 0 0 0 15 0 18 6 3 2 6 0 15 0 8 0 0 0 0 0 0 0 0 5 0 0 0 0 8 13 0 1 0 0 0 0 0 5 0 0 0 0
0 0 0 0 0 0 0 1 6 0 0 15 0 12 0 17 0 0 9 0 0 0 10 0 0 0 1 15 11 14 0 0 11 19 13 3 0 0 0 0 0 0 0 0 0 0 0 0 0 0
0 0 0 18 19 0 0 0 0 0 0 0 12 0 0 17 0 0 11 0 0 0 11 0 0 0 9 0 0 0 15 1 0 0 0 0 0 0 4 0 0 6 0 17 0 0 0 0 0 0
0 4 0 0 0 0 14 10 0 0 12 18 0 0 0 0 5 0 0 0 0 15 0 0 0 0 0 0 0 0 7 0 0 0 0 0 0 10 0 0 0 0 0 0 0 14 0 0 0 17
10 0 0 0 6 0 0 7 0 0 0 6 17 17 0 0 2 0 0 0 0 0 0 13 0 0 0 0 0 0 12 0 0 16 0 0 0 0 9 0 8 3 0 8 0 0 0 0 8 13
0 0 0 0 0 0 3 0 15 0 0 3 0 0 5 2 0 0 9 0 0 0 0 14 8 0 0 12 0 11 0 5 13 0 0 16 0 0 8 0 0 0 0 0 0 9 0 0 19 0
9 0 5 0 0 0 0 0 0 0 14 2 0 0 0 0 0 0 0 0 0 0 5 9 3 0 0 0 0 0 0 0 18 0 0 0 0 0 0 0 0 0 0 0 14 0 0 0 15 0
15 0 4 0 0 11 18 0 9 0 0 6 9 11 0 0 9 0 0 5 0 0 0 0 0 0 0 0 0 3 4 0 0 0 0 0 10 0 0 0 0 0 0 0 0 4 10 13 0 0
0 0 0 0 0 1 12 0 0 0 0 0 0 0 0 0 0 0 5 0 0 12 1 10 0 0 0 0 0 0 0 0 0 0 0 18 7 0 0 0 0 0 0 0 0 0 0 0 0 0
4 10 0 7 0 1 0 9 1 0 0 15 0 0 0 0 0 0 0 0 0 11 0 0 0 0 14 0 0 0 0 0 0 0 0 0 0 9 15 0 0 0 13 0 0 0 0 0 0 6
0 0 0 0 13 9 0 0 0 8 0 0 0 0 15 0 0 0 0 12 11 0 11 0 7 7 8 0 0 0 0 0 0 12 12 0 0 0 0 0 7 0 0 0 0 0 0 0 5 0
10 0 0 0 5 0 0 0 13 5 0 8 10 11 0 0 0 5 0 1 0 11 0 0 0 0 0 0 0 0 0 0 11 0 8 0 0 10 0 0 0 0 5 0 11 17 3 0 0 0
0 13 16 0 0 0 13 6 8 0 0 0 0 0 0 13 14 9 0 10 0 0 0 0 0 0 19 0 4 0 0 0 0 0 0 0 0 15 0 19 0 0 0 0 8 10 0 0 0 0
0 0 0 0 0 3 9 0 9 0 17 0 0 0 0 0 8 3 0 0 0 7 0 0 0 0 0 4 13 0 0 0 9 0 0 15 0 0 0 19 13 0 2 2 0 0 19 0 0 0
9 8 19 0 0 5 0 11 0 9 0 0 0 0 0 0 0 0 0 0 0 7 0 0 0 0 0 7 16 13 0 0 8 0 0 0 0 0 0 0 10 0 13 0 0 0 0 0 0 0
18 0 12 8 0 0 0 0 5 0 15 0 1 9 0 0 0 0 0 0 14 8 0 19 0 0 0 0 0 1 0 0 0 2 15 3 0 17 0 13 0 0 0 16 0 0 2 0 0 0
0 0 0 0 0 0 0 0 0 0 0 0 15 0 0 0 12 0 0 0 0 0 0 0 4 7 0 0 0 0 0 0 0 0 0 0 10 0 2 11 0 0 0 0 0 0 0 0 0 0
0 0 19 12 0 0 0 4 0 3 6 0 11 0 0 0 0 0 0 0 0 0 0 4 13 16 0 0 0 17 12 0 13 0 0 0 3 0 0 14 0 0 14 0 0 0 0 0 0 0
0 7 0 0 0 0 0 0 0 0 0 0 14 0 0 0 11 0 3 0 0 0 0 0 0 13 1 0 17 0 0 0 0 0 1 4 0 0 0 7 0 19 0 11 0 0 8 0 5 0
0 17 0 0 18 0 0 0 4 0 0 0 0 15 7 12 0 0 4 0 0 0 0 0 0 0 0 0 12 0 0 3 0 0 0 0 0 0 0 0 19 19 4 0 0 0 0 0 0 0
14 0 0 0 0 0 0 0 0 0 15 5 0 1 0 0 5 0 0 0 0 0 0 0 0 0 0 0 0 0 3 0 0 2 0 0 0 0 0 0 0 0 0 11 17 0 1 0 0 16
0 0 7 0 0 0 0 0 0 0 0 0 11 0 0 0 13 18 0 0 0 0 11 0 9 8 0 0 13 0 0 0 0 0 0 9 0 0 2 0 0 0 12 0 16 0 13 0 0 0
0 0 16 0 0 7 13 0 0 0 0 0 19 0 0 16 0 0 0 0 0 12 0 0 0 0 2 0 0 0 0 2 0 0 0 0 19 0 0 0 0 13 0 0 0 0 0 0 10 0
0 0 0 0 0 9 0 0 0 0 17 0 13 0 0 0 0 0 0 0 0 12 8 0 0 0 15 0 0 1 0 0 0 0 0 4 5 0 0 0 0 15 0 0 0 19 0 0 0 0
0 9 0 0 0 13 0 0 2 0 0 0 3 0 0 0 16 0 0 18 0 0 0 0 15 0 3 0 0 4 0 0 9 0 4 0 0 9 0 0 0 0 0 2 0 0 0 17 12 17
9 0 9 8 0 19 2 0 0 10 10 8 0 0 0 0 0 0 10 7 0 0 0 0 0 0 0 10 3 0 0 0 0 19 5 0 0 0 0 2 0 14 0 0 0 0 0 6 0 3
0 0 16 0 0 13 0 0 6 0 0 13 0 0 10 0 0 0 0 0 9 0 10 15 0 0 17 0 0 0 0 0 0 0 0 9 0 0 1 0 9 0 0 0 0 0 11 0 0 4
0 0 0 0 0 0 0 0 1 11 0 0 0 4 0 9 8 0 0 0 15 0 0 0 0 0 0 2 0 0 0 0 2 0 0 0 0 1 0 0 0 0 0 0 1 0 0 0 0 18
0 11 12 0 0 0 0 15 1 18 0 1 0 0 0 0 0 0 0 0 0 0 0 19 19 0 13 11 14 7 0 0 0 0 0 0 2 0 0 0 0 0 0 7 0 0 0 9 0 0
0 0 0 0 8 0 0 11 0 17 0 0 0 0 0 8 0 0 0 0 0 7 0 0 13 10 0 0 0 0 19 0 0 0 0 0 0 9 0 0 0 14 0 0 10 12 1 0 13 0
11 2 0 0 0 0 0 12 15 0 0 0 0 6 0 3 0 0 0 0 0 0 0 0 0 0 0 0 0 19 19 0 0 13 15 0 14 0 0 0 14 0 10 0 0 0 0 0 0 0
10 0 0 0 8 19 0 0 0 0 1 0 0 0 0 0 0 0 0 0 13 0 5 0 2 13 0 0 14 0 4 0 12 0 0 0 0 0 0 0 0 10 0 0 9 0 0 7 0 0
17 17 0 0 0 5 0 0 0 0 0 0 0 17 0 8 0 0 0 0 0 0 0 0 2 0 16 0 0 11 0 11 0 0 0 2 0 0 0 7 0 0 0 0 0 0 0 0 10 0
0 17 0 0 0 0 0 2 0 8 0 0 0 0 0 0 0 14 0 0 0 0 11 8 0 0 0 0 0 0 0 17 16 0 0 0 0 0 1 0 10 0 9 0 0 0 0 0 0 0
0 12 5 0 12 17 0 0 0 0 16 5 0 0 14 0 9 0 4 0 0 0 17 10 0 0 0 0 0 0 0 0 0 0 19 0 0 0 0 0 12 0 0 0 0 0 18 0 12 7
10 18 18 0 17 0 0 0 18 0 5 0 0 0 0 0 0 0 10 0 0 0 3 0 19 0 2 0 0 8 0 1 13 0 0 0 0 11 0 0 1 0 0 0 0 18 0 0 0 0
0 0 0 0 0 3 0 0 0 8 0 0 0 0 0 0 0 0 13 0 0 0 0 0 0 0 0 0 0 0 0 0 0 0 0 17 6 0 0 9 0 0 7 0 0 0 0 0 19 17
0 12 0 0 0 12 7 1 13 18 8 0 0 0 0 8 19 15 0 0 0 5 0 0 0 0 0 0 0 5 0 0 0 10 0 12 0 0 0 0 13 0 0 10 0 12 0 19 0 0
14 0 0 0 0 0 0 0 0 4 0 0 0 0 17 13 0 0 0 0 6 0 0 0 0 0 0 0 0 0 0 16 0 0 0 17 3 4 18 0 0 0 0 0 0 7 0 17 0 0
