75
50
0 0 0 0 0 0 2 0 0 0 0 0 19 0 0 0 0 0 1 0 0 0 0 0 0 0 0 0 0 8 0 0 13 0 0 12 0 0 0 10 18 0 5 0 9 0 0 0 0 0
0 0 0 0 1 0 12 0 9 0 17 0 0 0 0 0 0 0 0 0 0 0 5 0 0 19 0 0 0 18 10 0 0 11 11 0 2 14 0 0 18 0 0 0 0 0 0 0 0 5
0 0 0 17 0 0 0 0 0 0 0 0 0 0 0 0 0 12 13 0 0 0 7 0 8 0 0 0 0 0 0 0 0 19 15 0 1 12 0 0 0 9 18 8 0 0 0 6 0 6
0 0 17 0 0 0 0 0 0 0 14 1 0 0 0 0 0 0 0 0 0 12 0 0 0 0 0 1 0 0 14 0 0 8 0 0 0 0 0 0 14 4 1 0 0 9 1 0 0 0
0 1 0 0 0 0 0 7 0 0 0 9 11 0 0 0 0 0 1 0 0 19 0 0 0 11 0 0 0 0 17 11 17 0 0 2 0 13 0 0 0 0 12 0 0 0 0 18 0 0
0 0 0 0 0 0 0 17 0 0 0 0 0 0 0 0 0 11 7 0 0 1 0 0 0 0 0 0 0 0 17 0 0 8 0 1 0 1 0 0 0 0 0 0 8 0 0 10 17 0
2 12 0 0 0 0 0 16 5 0 0 0 0 0 12 0 0 0 0 18 18 0 0 0 0 0 0 0 0 0 4 0 0 0 0 0 0 0 0 0 0 0 0 16 0 0 5 0 0 0
0 0 0 0 7 17 16 0 0 0 0 0 0 11 9 0 0 0 0 10 0 9 5 8 0 0 0 19 0 10 0 0 7 16 0 6 0 8 0 0 8 0 0 0 0 0 0 4 0 0
0 9 0 0 0 0 5 0 0 0 0 7 0 0 0 0 0 0 0 0 8 0 13 0 0 0 0 0 10 0 0 17 0 0 5 0 0 0 4 0 0 0 0 15 0 0 0 0 7 0
0 0 0 0 0 0 0 0 0 0 0 0 14 0 0 17 0 0 7 0 0 0 6 0 0 0 0 9 0 0 11 0 0 0 0 0 7 0 0 0 0 0 0 0 0 16 17 13 0 9
0 17 0 14 0 0 0 0 0 0 0 0 0 0 0 0 0 7 0 13 4 0 3 0 0 18 9 0 0 0 0 0 12 0 16 0 0 15 0 0 0 0 6 0 0 0 9 3 0 0
0 0 0 1 9 0 0 0 7 0 0 0 0 0 8 0 15 0 0 15 0 0 6 12 7 7 0 0 0 8 0 0 0 0 0 15 0 0 0 0 10 18 0 0 0 0 11 0 0 0
19 0 0 0 11 0 0 0 0 14 0 0 0 0 0 0 0 0 0 0 0 0 0 0 0 5 0 0 18 0 0 0 0 12 0 12 0 0 0 0 0 0 0 0 0 0 0 15 0 0
0 0 0 0 0 0 0 11 0 0 0 0 0 0 18 2 0 0 0 0 0 0 0 0 1 3 0 0 15 18 0 0 0 0 0 12 0 0 0 0 0 8 0 0 8 0 0 0 0 0
0 0 0 0 0 0 12 9 0 0 0 8 0 18 0 9 0 0 0 0 0 0 0 0 0 0 0 0 0 0 17 0 0 0 0 0 8 0 0 0 0 10 0 0 0 0 0 17 0 0
0 0 0 0 0 0 0 0 0 17 0 0 0 2 9 0 0 0 0 13 7 10 0 0 0 0 0 0 0 0 0 1 0 0 17 4 0 0 0 9 0 8 0 0 16 0 8 9 17 0
0 0 0 0 0 0 0 0 0 0 0 15 0 0 0 0 0 0 0 0 3 0 0 0 5 0 0 3 0 4 0 0 18 0 0 0 3 0 0 0 5 11 0 0 0 0 1 0 0 0
0 0 12 0 0 11 0 0 0 0 7 0 0 0 0 0 0 0 0 0 0 0 10 17 0 4 0 0 6 12 0 6 0 0 0 0 0 0 0 0 8 0 2 2 0 19 0 0 0 11
1 0 13 0 1 7 0 0 0 7 0 0 0 0 0 0 0 0 0 4 8 6 19 0 0 0 16 0 0 0 0 0 0 0 0 0 0 0 0 18 0 10 1 0 0 0 0 0 0 0
0 0 0 0 0 0 18 10 0 0 13 15 0 0 0 13 0 0 4 0 0 0 0 0 0 14 2 0 0 0 0 16 0 0 17 0 0 14 0 5 14 3 17 0 0 13 0 0 10 15
0 0 0 0 0 0 18 0 8 0 4 0 0 0 0 7 3 0 8 0 0 11 3 10 1 1 0 0 12 0 0 0 0 0 0 0 0 18 0 0 0 5 0 10 8 6 0 16 0 0
0 0 0 12 19 1 0 9 0 0 0 0 0 0 0 10 0 0 6 0 11 0 0 0 13 3 0 11 0 0 2 0 0 0 0 0 0 0 6 0 0 17 0 0 0 0 0 11 0 14
0 5 7 0 0 0 0 5 13 6 3 6 0 0 0 0 0 10 19 0 3 0 0 0 0 0 0 0 0 0 0 0 0 0 0 0 0 16 0 0 0 17 17 0 8 2 0 0 0 3
0 0 0 0 0 0 0 8 0 0 0 12 0 0 0 0 0 17 0 0 10 0 0 0 0 19 0 12 0 4 0 0 0 0 0 16 8 0 0 0 12 7 0 0 19 11 2 0 0 0
0 0 8 0 0 0 0 0 0 0 0 7 0 1 0 0 5 0 0 0 1 13 0 0 0 5 0 0 9 0 0 0 2 0 14 0 0 0 0 0 0 0 0 0 0 0 9 0 0 8
0 19 0 0 11 0 0 0 0 0 18 7 5 3 0 0 0 4 0 14 1 3 0 19 5 0 0 0 0 0 0 0 0 0 0 0 0 0 0 8 0 0 0 0 0 18 14 16 0 0
0 0 0 0 0 0 0 0 0 0 9 0 0 0 0 0 0 0 16 2 0 0 0 0 0 0 0 14 9 19 0 0 18 0 0 14 0 0 6 0 0 0 0 0 0 16 19 0 0 16
0 0 0 1 0 0 0 19 0 9 0 0 0 0 0 0 3 0 0 0 0 11 0 12 0 0 14 0 0 0 0 0 0 16 0 9 0 0 2 0 0 9 0 3 0 10 0 0 0 0
0 0 0 0 0 0 0 0 10 0 0 0 18 15 0 0 0 6 0 0 12 0 0 0 9 0 9 0 0 0 0 0 0 0 0 0 0 0 0 16 0 0 11 17 0 0 0 0 0 0
8 18 0 0 0 0 0 10 0 0 0 8 0 18 0 0 4 12 0 0 0 0 0 4 0 0 19 0 0 0 0 0 0 0 0 3 3 0 0 0 0 8 13 0 0 16 0 2 0 0
0 10 0 14 17 17 4 0 0 11 0 0 0 0 17 0 0 0 0 0 0 2 0 0 0 0 0 0 0 0 0 3 0 0 0 0 0 0 0 0 9 2 4 0 0 0 14 0 0 19
0 0 0 0 11 0 0 0 17 0 0 0 0 0 0 1 0 6 0 16 0 0 0 0 0 0 0 0 0 0 3 0 2 0 17 19 12 0 0 0 4 0 0 0 18 0 0 0 18 0
13 0 0 0 17 0 0 7 0 0 12 0 0 0 0 0 18 0 0 0 0 0 0 0 2 0 18 0 0 0 0 2 0 0 0 0 0 19 0 0 3 15 17 0 0 0 0 9 10 14
0 11 19 8 0 8 0 16 0 0 0 0 12 0 0 0 0 0 0 0 0 0 0 0 0 0 0 16 0 0 0 0 0 0 0 19 9 0 0 0 0 0 0 0 13 0 0 0 0 0
0 11 15 0 0 0 0 0 5 0 16 0 0 0 0 17 0 0 0 17 0 0 0 0 14 0 0 0 0 0 0 17 0 0 0 0 0 0 7 0 19 0 0 14 6 0 0 3 0 0
12 0 0 0 2 1 0 6 0 0 0 15 12 12 0 4 0 0 0 0 0 0 0 16 0 0 14 9 0 3 0 19 0 19 0 0 0 0 0 9 5 0 0 0 14 11 0 0 0 4
0 2 1 0 0 0 0 0 0 7 0 0 0 0 8 0 3 0 0 0 0 0 0 8 0 0 0 0 0 3 0 12 0 9 0 0 0 17 0 17 0 0 0 0 0 0 0 0 0 19
0 14 12 0 13 1 0 8 0 0 15 0 0 0 0 0 0 0 0 14 18 0 16 0 0 0 0 0 0 0 0 0 19 0 0 0 17 0 19 16 19 0 15 0 0 0 7 0 0 0
0 0 0 0 0 0 0 0 4 0 0 0 0 0 0 0 0 0 0 0 0 6 0 0 0 0 6 2 0 0 0 0 0 0 7 0 0 19 0 8 0 11 19 0 0 0 8 0 4 0
10 0 0 0 0 0 0 0 0 0 0 0 0 0 0 9 0 0 18 5 0 0 0 0 0 8 0 0 16 0 0 0 0 0 0 9 17 16 8 0 0 0 14 0 0 0 17 0 0 0
18 18 0 14 0 0 0 8 0 0 0 10 0 0 0 0 5 8 0 14 0 0 0 12 0 0 0 0 0 0 9 4 3 0 19 5 0 19 0 0 0 0 8 0 14 0 10 13 0 17
0 0 9 4 0 0 0 0 0 0 0 18 0 8 10 8 11 0 10 3 5 17 17 7 0 0 0 9 0 8 2 0 15 0 0 0 0 0 11 0 0 0 0 0 0 18 7 0 0 0
5 0 18 1 12 0 0 0 0 0 6 0 0 0 0 0 0 2 1 17 0 0 17 0 0 0 0 0 11 13 4 0 17 0 0 0 0 15 19 14 8 0 0 14 0 0 0 0 0 0
0 0 8 0 0 0 16 0 15 0 0 0 0 0 0 0 0 2 0 0 10 0 0 0 0 0 0 3 17 0 0 0 0 0 14 0 0 0 0 0 0 0 14 0 0 0 0 0 0 0
9 0 0 0 0 8 0 0 0 0 0 0 0 8 0 16 0 0 0 0 8 0 8 19 0 0 0 0 0 0 0 18 0 13 6 14 0 0 0 0 14 0 0 0 0 0 0 0 0 0
0 0 0 9 0 0 0 0 0 16 0 0 0 0 0 0 0 19 0 13 6 0 2 11 0 18 16 10 0 16 0 0 0 0 0 11 0 0 0 0 0 18 0 0 0 0 0 0 6 0
0 0 0 1 0 0 5 0 0 17 9 11 0 0 0 8 1 0 0 0 0 0 0 2 9 14 19 0 0 0 14 0 0 0 0 0 0 7 8 17 10 7 0 0 0 0 0 0 16 0
0 0 6 0 18 10 0 4 0 13 3 0 15 0 17 9 0 0 0 0 16 11 0 0 0 16 0 0 0 2 0 0 9 0 3 0 0 0 0 0 13 0 0 0 0 0 0 0 0 0
0 0 0 0 0 17 0 0 7 0 0 0 0 0 0 17 0 0 0 10 0 0 0 0 0 0 0 0 0 0 0 18 10 0 0 0 0 0 4 0 0 0 0 0 0 6 16 0 0 19
0 5 6 0 0 0 0 0 0 9 0 0 0 0 0 0 0 11 0 15 0 14 3 0 8 0 16 0 0 0 19 0 14 0 0 4 19 0 0 0 17 0 0 0 0 0 0 0 19 0
