50
50
0 3 0 0 0 0 19 0 0 0 0 7 14 0 0 14 0 0 0 5 0 19 18 18 8 0 0 18 0 0 0 0 0 12 0 0 4 13 0 10 0 0 0 0 0 0 0 0 0 0
3 0 0 0 19 0 0 0 0 16 13 0 0 6 0 0 0 9 0 0 0 19 0 6 0 2 0 15 1 0 4 0 0 0 0 0 0 0 0 0 0 0 15 0 15 0 0 0 0 0
0 0 0 11 0 0 2 12 0 0 0 0 0 0 0 0 0 0 0 14 19 0 13 0 0 12 0 5 0 0 18 0 0 0 0 0 0 0 0 16 0 0 0 0 4 16 0 17 0 0
0 0 11 0 12 2 8 0 0 0 15 12 0 6 0 14 0 0 0 6 0 0 0 0 0 0 0 0 3 0 0 0 0 3 0 0 0 13 0 0 0 0 2 0 0 0 0 0 17 0
0 19 0 12 0 0 13 15 14 0 0 0 1 0 0 0 0 0 0 0 19 0 0 0 0 8 5 0 0 8 15 6 0 0 0 14 0 0 14 0 10 0 0 0 14 0 0 0 0 0
0 0 0 2 0 0 4 8 0 0 0 0 3 0 0 7 0 0 0 0 0 17 11 11 1 0 0 0 1 0 0 3 0 0 15 0 0 0 0 2 0 10 0 0 0 0 0 0 0 2
19 0 2 8 13 4 0 0 0 0 0 0 0 0 0 8 0 0 0 0 0 0 0 0 18 13 0 0 11 0 0 0 7 0 0 0 0 0 4 19 14 0 0 0 0 0 9 0 0 5
0 0 12 0 15 8 0 0 1 0 15 0 0 0 6 0 0 10 9 9 0 0 18 10 0 0 0 0 0 12 4 3 4 0 0 0 0 0 0 18 0 0 0 0 0 0 0 3 0 0
0 0 0 0 14 0 0 1 0 0 11 0 0 0 19 0 18 5 0 7 0 0 0 13 0 0 0 0 0 0 0 17 0 0 0 0 0 0 0 0 0 0 0 0 0 15 0 0 0 0
0 16 0 0 0 0 0 0 0 0 0 0 0 0 0 0 0 0 2 0 0 0 0 0 2 0 1 1 0 0 2 0 0 0 0 7 0 0 15 0 0 0 0 0 0 0 0 5 0 0
0 13 0 15 0 0 0 15 11 0 0 0 0 0 0 0 0 0 0 0 0 9 0 0 0 0 19 0 0 0 0 0 0 0 0 0 0 10 17 0 0 0 8 5 0 0 0 0 5 0
7 0 0 12 0 0 0 0 0 0 0 0 0 0 0 15 2 14 0 13 0 2 0 17 17 0 0 0 9 0 0 9 0 11 0 0 0 0 0 0 0 0 17 0 0 0 0 0 0 0
14 0 0 0 1 3 0 0 0 0 0 0 0 0 0 0 14 0 0 0 0 0 0 0 5 0 16 0 0 7 0 8 0 0 0 0 0 0 0 0 0 19 0 0 0 0 0 0 0 12
0 6 0 6 0 0 0 0 0 0 0 0 0 0 19 0 0 11 0 0 0 0 0 13 19 17 0 0 0 0 8 0 0 0 0 9 14 0 17 0 0 0 0 0 18 0 14 0 5 0
0 0 0 0 0 0 0 6 19 0 0 0 0 19 0 7 0 7 0 14 0 0 0 0 0 0 15 0 0 0 0 0 0 0 9 0 0 14 0 0 18 0 0 0 4 0 0 0 0 0
14 0 0 14 0 7 8 0 0 0 0 15 0 0 7 0 4 0 0 0 0 0 17 16 0 0 0 6 3 15 0 3 0 0 0 0 13 0 0 0 0 13 8 0 17 3 0 19 0 0
0 0 0 0 0 0 0 0 18 0 0 2 14 0 0 4 0 0 0 0 0 0 9 7 0 0 0 0 0 0 0 0 0 3 0 0 0 0 13 0 9 0 5 0 19 16 5 0 11 9
0 9 0 0 0 0 0 10 5 0 0 14 0 11 7 0 0 0 0 0 11 15 0 0 0 0 0 0 0 0 14 0 0 3 8 0 0 5 5 10 12 0 0 0 0 0 0 0 16 0
0 0 0 0 0 0 0 9 0 2 0 0 0 0 0 0 0 0 0 0 0 0 0 0 0 0 0 0 0 7 0 0 19 13 0 0 10 0 0 3 0 0 0 19 0 0 0 0 0 10
5 0 14 6 0 0 0 9 7 0 0 13 0 0 14 0 0 0 0 0 0 16 0 5 0 0 14 0 0 0 0 0 0 2 4 0 0 3 0 0 0 0 0 0 0 0 0 0 0 0
0 0 19 0 19 0 0 0 0 0 0 0 0 0 0 0 0 11 0 0 0 0 0 5 0 0 0 0 0 0 0 0 0 9 0 16 0 14 9 0 0 0 17 0 3 19 1 0 0 9
19 19 0 0 0 17 0 0 0 0 9 2 0 0 0 0 0 15 0 16 0 0 0 0 0 2 11 5 0 0 0 0 19 10 0 1 0 0 17 0 0 10 19 0 0 0 0 0 0 0
18 0 13 0 0 11 0 18 0 0 0 0 0 0 0 17 9 0 0 0 0 0 0 0 0 0 0 0 0 7 0 0 0 11 0 0 0 8 0 0 6 6 17 14 10 18 0 0 0 0
18 6 0 0 0 11 0 10 13 0 0 17 0 13 0 16 7 0 0 5 5 0 0 0 0 0 2 0 0 0 3 0 0 0 0 0 19 0 0 0 0 0 0 0 18 10 0 0 0 0
8 0 0 0 0 1 18 0 0 2 0 17 5 19 0 0 0 0 0 0 0 0 0 0 0 0 0 0 4 6 0 0 0 0 0 6 13 0 8 0 0 9 0 0 0 14 0 0 15 0
0 2 12 0 8 0 13 0 0 0 0 0 0 17 0 0 0 0 0 0 0 2 0 0 0 0 16 0 19 4 15 0 0 0 0 0 5 6 0 0 10 0 0 3 0 0 10 10 0 16
0 0 0 0 5 0 0 0 0 1 19 0 16 0 15 0 0 0 0 14 0 11 0 2 0 16 0 2 0 0 0 0 0 0 18 4 0 0 0 6 16 0 0 5 0 0 13 0 0 0
18 15 5 0 0 0 0 0 0 1 0 0 0 0 0 6 0 0 0 0 0 5 0 0 0 0 2 0 0 9 6 14 0 0 9 0 0 0 0 0 14 0 0 19 0 17 0 0 0 0
0 1 0 3 0 1 11 0 0 0 0 9 0 0 0 3 0 0 0 0 0 0 0 0 4 19 0 0 0 15 1 0 0 0 0 4 17 0 3 0 0 1 0 1 19 15 0 0 14 0
0 0 0 0 8 0 0 12 0 0 0 0 7 0 0 15 0 0 7 0 0 0 7 0 6 4 0 9 15 0 0 0 8 0 0 0 18 0 0 3 0 8 0 0 14 0 13 16 0 4
0 4 18 0 15 0 0 4 0 2 0 0 0 8 0 0 0 14 0 0 0 0 0 3 0 15 0 6 1 0 0 4 16 0 0 0 0 0 0 0 0 10 18 0 0 0 9 0 0 0
0 0 0 0 6 3 0 3 17 0 0 9 8 0 0 3 0 0 0 0 0 0 0 0 0 0 0 14 0 0 4 0 0 3 0 0 0 0 0 0 0 0 0 0 0 0 0 3 0 0
0 0 0 0 0 0 7 4 0 0 0 0 0 0 0 0 0 0 19 0 0 19 0 0 0 0 0 0 0 8 16 0 0 0 0 17 0 0 0 0 3 0 0 0 0 11 15 5 0 0
12 0 0 3 0 0 0 0 0 0 0 11 0 0 0 0 3 3 13 2 9 10 11 0 0 0 0 0 0 0 0 3 0 0 0 0 0 0 0 0 0 0 6 0 8 0 0 10 0 0
0 0 0 0 0 15 0 0 0 0 0 0 0 0 9 0 0 8 0 4 0 0 0 0 0 0 18 9 0 0 0 0 0 0 0 0 0 1 0 0 0 0 0 0 0 0 0 3 0 0
0 0 0 0 14 0 0 0 0 7 0 0 0 9 0 0 0 0 0 0 16 1 0 0 6 0 4 0 4 0 0 0 17 0 0 0 0 0 0 0 0 17 0 0 0 0 16 0 0 0
4 0 0 0 0 0 0 0 0 0 0 0 0 14 0 13 0 0 10 0 0 0 0 19 13 5 0 0 17 18 0 0 0 0 0 0 0 0 15 0 0 0 0 0 0 0 0 18 0 19
13 0 0 13 0 0 0 0 0 0 10 0 0 0 14 0 0 5 0 3 14 0 8 0 0 6 0 0 0 0 0 0 0 0 1 0 0 0 0 0 0 0 0 0 0 0 0 0 0 0
0 0 0 0 14 0 4 0 0 15 17 0 0 17 0 0 13 5 0 0 9 17 0 0 8 0 0 0 3 0 0 0 0 0 0 0 15 0 0 1 0 0 4 0 7 0 0 0 0 2
10 0 16 0 0 2 19 18 0 0 0 0 0 0 0 0 0 10 3 0 0 0 0 0 0 0 6 0 0 3 0 0 0 0 0 0 0 0 1 0 12 0 3 0 0 0 12 2 0 0
0 0 0 0 10 0 14 0 0 0 0 0 0 0 18 0 9 12 0 0 0 0 6 0 0 10 16 14 0 0 0 0 3 0 0 0 0 0 0 12 0 0 17 0 1 0 16 18 0 19
0 0 0 0 0 10 0 0 0 0 0 0 19 0 0 13 0 0 0 0 0 10 6 0 9 0 0 0 1 8 10 0 0 0 0 17 0 0 0 0 0 0 0 0 0 4 0 0 0 0
0 15 0 2 0 0 0 0 0 0 8 17 0 0 0 8 5 0 0 0 17 19 17 0 0 0 0 0 0 0 18 0 0 6 0 0 0 0 4 3 17 0 0 0 0 0 2 0 0 0
0 0 0 0 0 0 0 0 0 0 5 0 0 0 0 0 0 0 19 0 0 0 14 0 0 3 5 19 1 0 0 0 0 0 0 0 0 0 0 0 0 0 0 0 14 13 11 0 12 0
0 15 4 0 14 0 0 0 0 0 0 0 0 18 4 17 19 0 0 0 3 0 10 18 0 0 0 0 19 14 0 0 0 8 0 0 0 0 7 0 1 0 0 14 0 0 0 0 11 0
0 0 16 0 0 0 0 0 15 0 0 0 0 0 0 3 16 0 0 0 19 0 18 10 14 0 0 17 15 0 0 0 11 0 0 0 0 0 0 0 0 4 0 13 0 0 7 0 0 0
0 0 0 0 0 0 9 0 0 0 0 0 0 14 0 0 5 0 0 0 1 0 0 0 0 10 13 0 0 13 9 0 15 0 0 16 0 0 0 12 16 0 2 11 0 7 0 0 0 0
0 0 17 0 0 0 0 3 0 5 0 0 0 0 0 19 0 0 0 0 0 0 0 0 0 10 0 0 0 16 0 3 5 10 3 0 18 0 0 2 18 0 0 0 0 0 0 0 0 0
0 0 0 17 0 0 0 0 0 0 5 0 0 5 0 0 11 16 0 0 0 0 0 0 15 0 0 0 14 0 0 0 0 0 0 0 0 0 0 0 0 0 0 12 11 0 0 0 0 10
0 0 0 0 0 2 5 0 0 0 0 0 12 0 0 0 9 0 10 0 9 0 0 0 0 16 0 0 0 4 0 0 0 0 0 0 19 0 2 0 19 0 0 0 0 0 0 0 10 0
