50
50
0 16 0 0 0 0 0 1 0 0 0 0 0 0 0 0 14 0 0 0 0 5 0 15 0 0 0 0 0 0 0 0 0 0 0 0 0 0 0 8 0 0 10 0 17 2 0 0 19 0
16 0 0 0 15 7 0 0 13 0 0 0 17 8 0 0 19 0 7 0 0 0 0 0 1 0 13 0 3 0 0 0 0 0 0 0 0 5 0 0 0 0 0 0 9 0 0 0 0 0
0 0 0 4 0 0 0 0 0 0 0 0 0 0 4 0 0 0 0 0 7 0 0 0 0 2 4 2 0 0 15 0 0 0 0 16 0 0 0 0 10 0 0 0 2 0 10 0 0 0
0 0 4 0 0 0 0 0 0 0 0 0 0 12 0 10 0 0 0 6 19 0 0 15 0 0 0 0 0 0 0 4 0 0 0 3 0 0 0 0 17 0 6 0 7 0 0 0 0 6
0 15 0 0 0 0 0 0 0 0 0 15 0 0 0 0 18 4 13 0 13 0 12 14 14 0 0 0 0 0 0 0 0 0 19 0 13 0 0 0 0 0 0 18 0 0 0 0 17 0
0 7 0 0 0 0 0 9 0 0 0 18 0 0 0 0 8 0 15 0 0 4 0 3 0 0 0 16 0 0 5 0 0 0 0 15 0 0 0 0 0 0 3 0 0 0 11 18 0 0
0 0 0 0 0 0 0 0 0 0 0 15 5 0 0 0 0 0 13 0 13 19 0 0 0 0 0 0 0 15 0 0 0 11 0 0 0 0 7 0 5 13 0 0 0 0 0 0 0 5
1 0 0 0 0 9 0 0 0 0 0 1 0 0 0 0 0 0 11 17 0 0 0 0 0 0 0 16 0 0 0 0 0 0 0 0 0 2 0 0 8 17 9 0 0 0 0 0 0 0
0 13 0 0 0 0 0 0 0 12 0 0 0 0 0 0 0 0 0 0 0 17 0 8 0 0 18 0 17 0 0 0 0 15 6 0 0 0 0 8 0 0 0 4 12 0 10 0 4 16
0 0 0 0 0 0 0 0 12 0 0 0 0 17 0 5 18 0 0 0 0 0 10 0 0 0 17 3 0 16 0 0 0 14 0 0 4 0 0 0 0 0 0 0 0 12 1 0 0 17
0 0 0 0 0 0 0 0 0 0 0 0 10 0 12 0 0 0 0 0 0 0 0 0 0 0 0 0 10 15 16 0 0 0 3 0 5 0 0 0 0 0 1 0 0 0 0 0 0 3
0 0 0 0 15 18 15 1 0 0 0 0 0 11 17 0 0 10 0 0 19 11 2 16 0 5 0 0 15 0 0 0 0 16 0 0 0 0 0 0 0 0 0 0 0 0 0 0 0 15
0 17 0 0 0 0 5 0 0 0 10 0 0 0 0 0 0 19 8 0 0 0 0 5 3 0 0 16 0 0 0 18 1 0 0 0 19 0 0 12 0 0 0 0 0 0 0 0 2 0
0 8 0 12 0 0 0 0 0 17 0 11 0 0 0 0 0 0 0 10 0 0 0 18 0 0 0 0 7 0 0 0 4 0 0 6 0 0 0 0 0 0 0 0 0 0 0 1 0 0
0 0 4 0 0 0 0 0 0 0 12 17 0 0 0 0 11 0 0 12 0 0 0 0 0 0 0 0 0 0 0 9 0 0 0 2 0 0 0 0 0 0 0 5 0 0 0 0 0 0
0 0 0 10 0 0 0 0 0 5 0 0 0 0 0 0 0 0 19 0 9 17 1 0 6 0 0 0 0 6 8 0 0 0 0 0 18 0 0 0 0 0 0 0 0 0 0 0 0 4
14 19 0 0 18 8 0 0 0 18 0 0 0 0 11 0 0 0 1 0 17 0 0 0 0 0 7 0 0 0 0 10 0 0 5 19 0 0 0 0 9 0 0 3 0 0 10 0 0 10
0 0 0 0 4 0 0 0 0 0 0 10 19 0 0 0 0 0 0 0 14 0 0 0 11 17 0 0 0 0 0 0 19 4 0 13 8 0 0 3 9 0 0 0 14 0 5 0 0 18
0 7 0 0 13 15 13 11 0 0 0 0 8 0 0 19 1 0 0 17 0 5 0 0 0 0 0 6 0 7 0 14 19 0 0 0 2 0 0 0 0 5 6 1 0 0 0 0 0 0
0 0 0 6 0 0 0 17 0 0 0 0 0 10 12 0 0 0 17 0 0 6 10 8 0 0 14 0 0 0 0 0 0 0 14 0 0 0 15 8 0 0 0 18 0 15 0 17 0 17
0 0 7 19 13 0 13 0 0 0 0 19 0 0 0 9 17 14 0 0 0 0 0 0 4 0 0 5 0 18 7 9 3 10 10 7 9 0 0 0 12 0 0 0 0 17 0 0 0 0
5 0 0 0 0 4 19 0 17 0 0 11 0 0 0 17 0 0 5 6 0 0 12 7 18 0 12 0 9 0 18 0 8 0 17 0 0 0 0 0 0 0 15 14 0 0 0 0 0 0
0 0 0 0 12 0 0 0 0 10 0 2 0 0 0 1 0 0 0 10 0 12 0 0 0 0 0 0 8 3 0 0 8 10 0 0 0 0 0 0 0 0 0 0 13 0 17 0 0 0
15 0 0 15 14 3 0 0 8 0 0 16 5 18 0 0 0 0 0 8 0 7 0 0 0 0 0 11 0 0 3 0 0 11 0 0 2 0 0 0 7 0 5 14 0 0 0 0 9 16
0 1 0 0 14 0 0 0 0 0 0 0 3 0 0 6 0 11 0 0 4 18 0 0 0 2 0 0 17 0 0 0 13 9 0 0 0 18 14 0 0 11 0 6 0 0 0 19 4 0
0 0 2 0 0 0 0 0 0 0 0 5 0 0 0 0 0 17 0 0 0 0 0 0 2 0 0 0 0 18 0 0 0 0 0 0 0 11 0 0 0 0 1 0 0 0 0 0 3 0
0 13 4 0 0 0 0 0 18 17 0 0 0 0 0 0 7 0 0 14 0 12 0 0 0 0 0 3 3 0 0 0 0 0 3 0 7 0 8 15 0 11 13 0 11 0 0 0 0 6
0 0 2 0 0 16 0 16 0 3 0 0 16 0 0 0 0 0 6 0 5 0 0 11 0 0 3 0 0 0 0 0 12 0 0 0 0 0 11 3 0 0 4 0 0 0 19 0 0 14
0 3 0 0 0 0 0 0 17 0 10 15 0 7 0 0 0 0 0 0 0 9 8 0 17 0 3 0 0 0 0 0 0 16 10 2 0 0 2 19 3 0 0 0 0 18 1 0 0 0
0 0 0 0 0 0 15 0 0 16 15 0 0 0 0 6 0 0 7 0 18 0 3 0 0 18 0 0 0 0 0 0 0 0 0 0 0 1 0 0 0 0 10 0 18 15 0 12 0 15
0 0 15 0 0 5 0 0 0 0 16 0 0 0 0 8 0 0 0 0 7 18 0 3 0 0 0 0 0 0 0 0 0 0 0 4 0 0 0 0 0 0 1 0 0 0 0 17 0 13
0 0 0 4 0 0 0 0 0 0 0 0 18 0 9 0 10 0 14 0 9 0 0 0 0 0 0 0 0 0 0 0 0 0 18 0 17 0 0 1 0 0 0 0 0 13 0 0 0 8
0 0 0 0 0 0 0 0 0 0 0 0 1 4 0 0 0 19 19 0 3 8 8 0 13 0 0 12 0 0 0 0 0 0 1 0 12 0 0 16 17 0 0 0 0 0 0 0 0 0
0 0 0 0 0 0 11 0 15 14 0 16 0 0 0 0 0 4 0 0 10 0 10 11 9 0 0 0 16 0 0 0 0 0 0 0 0 5 0 0 18 0 0 10 9 0 0 0 9 18
0 0 0 0 19 0 0 0 6 0 3 0 0 0 0 0 5 0 0 14 10 17 0 0 0 0 3 0 10 0 0 18 1 0 0 0 0 0 10 9 2 0 0 0 0 0 2 0 1 0
0 0 16 3 0 15 0 0 0 0 0 0 0 6 2 0 19 13 0 0 7 0 0 0 0 0 0 0 2 0 4 0 0 0 0 0 0 0 1 0 0 0 2 2 0 0 13 0 0 0
0 0 0 0 13 0 0 0 0 4 5 0 19 0 0 18 0 8 2 0 9 0 0 2 0 0 7 0 0 0 0 17 12 0 0 0 0 0 8 0 0 0 0 4 0 0 15 10 0 0
0 5 0 0 0 0 0 2 0 0 0 0 0 0 0 0 0 0 0 0 0 0 0 0 18 11 0 0 0 1 0 0 0 5 0 0 0 0 0 1 0 0 0 1 0 0 0 15 0 0
0 0 0 0 0 0 7 0 0 0 0 0 0 0 0 0 0 0 0 15 0 0 0 0 14 0 8 11 2 0 0 0 0 0 10 1 8 0 0 6 0 0 2 0 0 0 0 0 17 0
8 0 0 0 0 0 0 0 8 0 0 0 12 0 0 0 0 3 0 8 0 0 0 0 0 0 15 3 19 0 0 1 16 0 9 0 0 1 6 0 7 0 0 8 0 1 4 8 0 2
0 0 10 17 0 0 5 8 0 0 0 0 0 0 0 0 9 9 0 0 12 0 0 7 0 0 0 0 3 0 0 0 17 18 2 0 0 0 0 7 0 0 0 19 0 0 0 5 0 0
0 0 0 0 0 0 13 17 0 0 0 0 0 0 0 0 0 0 5 0 0 0 0 0 11 0 11 0 0 0 0 0 0 0 0 0 0 0 0 0 0 0 0 0 0 14 0 0 1 0
10 0 0 6 0 3 0 9 0 0 1 0 0 0 0 0 0 0 6 0 0 15 0 5 0 1 13 4 0 10 1 0 0 0 0 2 0 0 2 0 0 0 0 11 6 0 0 0 0 10
0 0 0 0 18 0 0 0 4 0 0 0 0 0 5 0 3 0 1 18 0 14 0 14 6 0 0 0 0 0 0 0 0 10 0 2 4 1 0 8 19 0 11 0 0 0 0 10 1 7
17 9 2 7 0 0 0 0 12 0 0 0 0 0 0 0 0 14 0 0 0 0 13 0 0 0 11 0 0 18 0 0 0 9 0 0 0 0 0 0 0 0 6 0 0 0 19 0 0 15
2 0 0 0 0 0 0 0 0 12 0 0 0 0 0 0 0 0 0 15 17 0 0 0 0 0 0 0 18 15 0 13 0 0 0 0 0 0 0 1 0 14 0 0 0 0 0 0 0 0
0 0 10 0 0 11 0 0 10 1 0 0 0 0 0 0 10 5 0 0 0 0 17 0 0 0 0 19 1 0 0 0 0 0 2 13 15 0 0 4 0 0 0 0 19 0 0 9 7 0
0 0 0 0 0 18 0 0 0 0 0 0 0 1 0 0 0 0 0 17 0 0 0 0 19 0 0 0 0 12 17 0 0 0 0 0 10 15 0 8 5 0 0 10 0 0 9 0 9 12
19 0 0 0 17 0 0 0 4 0 0 0 2 0 0 0 0 0 0 0 0 0 0 9 4 3 0 0 0 0 0 0 0 9 1 0 0 0 17 0 0 1 0 1 0 0 7 9 0 0
0 0 0 6 0 0 5 0 16 17 3 15 0 0 0 4 10 18 0 17 0 0 0 16 0 0 6 14 0 15 13 8 0 18 0 0 0 0 0 2 0 0 10 7 15 0 0 12 0 0
