100
75
0 0 0 0 0 0 1 0 0 0 0 0 0 10 0 0 15 13 0 1 0 19 0 0 0 1 0 12 0 0 0 0 0 0 0 3 0 12 0 1 1 0 0 0 0 0 0 0 0 0 1 0 0 0 0 0 0 0 0 0 0 0 0 0 0 0 0 0 4 0 0 19 0 6 0
0 0 0 0 16 16 14 0 0 0 0 19 0 0 0 0 0 0 0 17 0 4 0 0 4 0 0 8 0 13 4 0 0 10 0 0 0 16 0 0 0 0 0 0 0 0 0 0 0 13 3 9 0 17 0 0 2 0 7 0 1 2 4 6 13 0 19 17 6 18 4 0 0 0 0
0 0 0 0 8 0 16 0 0 1 10 7 19 0 0 0 0 0 0 11 0 19 0 8 0 0 0 0 5 0 0 0 0 0 0 0 14 0 7 0 5 0 8 0 0 0 5 1 0 0 0 0 0 0 0 0 0 0 0 0 0 0 7 0 0 0 0 0 6 0 0 0 5 0 17
0 0 0 0 0 19 0 0 0 17 0 0 9 17 0 0 0 0 0 0 0 0 0 19 8 0 0 0 14 0 0 0 0 0 0 0 0 0 0 0 0 16 12 0 0 0 0 12 14 0 17 0 0 4 0 11 0 19 0 0 7 15 6 5 0 0 3 0 0 0 0 0 0 0 0
0 16 8 0 0 0 0 0 6 10 0 17 0 18 15 0 0 0 0 0 0 19 18 0 16 0 0 0 9 0 0 15 0 0 16 0 0 0 0 17 1 18 0 0 15 13 6 0 0 0 5 0 15 7 14 0 15 0 0 0 12 4 0 0 0 0 0 0 0 7 0 3 0 0 0
0 16 0 19 0 0 0 0 0 0 13 1 13 0 0 3 0 0 17 0 12 0 0 15 4 0 8 0 0 0 14 0 0 15 0 0 7 0 0 0 0 11 9 0 11 0 17 0 8 0 0 1 0 0 0 0 16 0 0 12 0 0 0 0 0 0 0 0 10 7 0 0 0 0 0
1 14 16 0 0 0 0 10 0 2 3 15 0 0 0 0 5 0 12 0 9 0 0 0 0 18 0 0 0 0 0 10 0 0 0 13 0 16 0 0 0 0 12 14 0 0 8 0 0 10 0 0 0 0 0 0 0 16 0 10 0 0 0 0 9 0 18 0 16 0 0 0 0 0 16
0 0 0 0 0 0 10 0 0 0 6 0 0 0 0 0 17 0 0 0 19 0 0 0 0 4 0 0 0 6 0 0 0 0 0 17 0 6 0 0 0 0 0 0 0 0 0 1 0 0 0 1 0 0 0 0 0 0 8 0 0 0 0 0 0 0 0 0 0 14 0 0 12 0 0
0 0 0 0 6 0 0 0 0 17 0 0 0 0 0 0 3 0 0 0 0 0 0 0 0 18 9 0 0 0 0 0 0 0 0 0 6 2 0 0 0 0 1 0 0 0 0 0 2 0 0 0 0 0 0 15 5 0 0 0 17 0 0 0 0 3 0 0 11 18 19 0 6 4 10
0 0 1 17 10 0 2 0 17 0 0 19 8 0 0 0 0 0 0 8 0 0 0 0 0 0 0 1 0 0 10 11 5 0 0 0 8 0 0 14 0 17 14 0 0 0 0 7 0 0 0 0 0 0 0 15 0 0 0 10 0 0 14 0 8 12 0 2 0 0 0 0 0 0 0
0 0 10 0 0 13 3 6 0 0 0 0 0 10 11 5 0 0 0 0 0 6 0 0 0 0 0 16 0 0 0 0 10 12 0 0 0 0 0 0 0 0 0 12 0 0 0 2 0 0 0 0 0 0 0 0 1 0 0 0 0 19 0 0 17 0 14 0 0 5 19 0 0 0 0
0 19 7 0 17 1 15 0 0 19 0 0 0 15 0 0 0 10 0 0 0 0 1 0 0 0 0 0 9 0 0 13 0 0 0 0 0 1 0 0 0 4 0 7 0 9 0 9 0 6 0 0 0 0 0 18 0 12 0 9 2 0 0 14 0 0 0 0 0 0 0 0 8 0 0
0 0 19 9 0 13 0 0 0 8 0 0 0 14 2 0 0 0 0 0 4 0 0 0 19 16 0 0 0 4 0 0 0 0 0 0 0 7 0 15 9 11 0 0 0 1 14 0 8 0 0 0 0 9 0 10 0 0 3 0 0 0 0 0 1 0 0 0 0 0 0 0 13 0 0
10 0 0 17 18 0 0 0 0 0 10 15 14 0 0 0 0 9 0 13 0 0 7 0 0 0 0 0 0 0 0 3 0 4 0 0 0 0 13 0 5 0 0 17 0 8 0 0 0 1 18 0 0 0 16 0 0 0 0 0 0 0 11 11 0 0 0 0 0 0 15 0 0 0 0
0 0 0 0 15 0 0 0 0 0 11 0 2 0 0 19 14 0 0 0 8 18 0 11 0 0 15 1 0 0 0 0 0 0 0 0 14 0 0 0 0 0 16 0 0 0 0 0 2 0 0 0 13 18 0 17 0 2 0 0 0 2 0 19 0 0 0 0 0 0 0 0 2 19 0
0 0 0 0 0 3 0 0 0 0 5 0 0 0 19 0 4 2 0 0 0 0 0 11 0 0 6 0 0 0 0 0 19 0 0 19 0 0 0 8 0 0 0 0 15 0 11 12 0 0 0 14 0 14 0 0 0 0 17 0 0 12 0 0 0 0 0 0 4 0 0 0 0 0 9
15 0 0 0 0 0 5 17 3 0 0 0 0 0 14 4 0 11 0 8 0 17 0 0 0 0 0 0 0 0 13 0 0 0 0 0 8 5 0 0 0 0 0 0 0 0 0 0 2 0 0 0 0 0 0 0 0 0 0 0 0 4 0 13 0 0 0 0 0 0 0 2 0 0 0
13 0 0 0 0 0 0 0 0 0 0 10 0 9 0 2 11 0 0 14 0 0 0 5 0 0 0 0 0 0 0 0 0 0 0 6 0 5 0 0 1 0 0 0 0 0 0 0 0 7 0 0 0 0 0 0 17 0 0 10 0 5 0 3 0 0 0 0 8 3 0 8 0 0 0
0 0 0 0 0 17 12 0 0 0 0 0 0 0 0 0 0 0 0 0 0 0 0 16 0 0 0 0 0 0 0 0 0 0 10 0 0 0 0 0 16 0 0 17 6 0 0 0 0 0 2 0 3 10 0 0 0 8 0 9 8 0 6 0 9 0 0 0 8 0 0 0 0 0 0
1 17 11 0 0 0 0 0 0 8 0 0 0 13 0 0 8 14 0 0 0 0 0 0 0 0 10 13 5 0 0 5 0 18 19 0 0 0 0 0 0 0 0 8 0 0 0 0 0 16 0 0 18 0 0 0 0 8 0 0 14 0 0 0 5 0 0 0 0 0 0 0 14 0 14
0 0 0 0 0 12 9 19 0 0 0 0 4 0 8 0 0 0 0 0 0 12 0 0 0 0 0 0 0 0 17 0 0 0 0 0 0 11 0 0 0 0 0 0 14 9 0 17 0 0 0 0 18 0 0 9 7 14 0 0 12 11 0 0 9 12 0 17 17 2 0 0 10 9 13
19 4 19 0 19 0 0 0 0 0 6 0 0 0 18 0 17 0 0 0 12 0 0 4 12 3 0 0 0 11 18 0 0 0 0 0 0 4 0 0 0 0 0 5 17 0 0 5 0 5 18 0 0 0 0 17 0 0 15 0 0 0 0 0 3 0 0 0 0 17 0 0 0 0 4
0 0 0 0 18 0 0 0 0 0 0 1 0 7 0 0 0 0 0 0 0 0 0 0 0 0 0 11 0 0 0 1 0 0 12 0 0 0 0 0 5 3 0 0 0 0 0 2 0 0 0 0 0 9 0 0 0 3 0 6 2 0 17 0 0 0 0 0 0 0 0 0 0 2 14
0 0 8 19 0 15 0 0 0 0 0 0 0 0 11 11 0 5 16 0 0 4 0 0 18 0 0 5 14 0 18 0 16 0 0 0 14 0 7 2 0 9 7 14 0 0 11 0 0 6 0 15 0 0 0 8 0 2 0 0 6 7 0 0 15 5 0 0 0 19 19 0 0 0 12
0 4 0 8 16 4 0 0 0 0 0 0 19 0 0 0 0 0 0 0 0 12 0 18 0 0 0 0 3 0 0 6 0 9 0 0 0 14 0 0 0 0 6 0 2 0 18 19 3 11 0 0 0 8 13 0 8 0 0 0 0 0 5 0 9 0 2 0 0 2 0 0 0 0 11
1 0 0 0 0 0 18 4 18 0 0 0 16 0 0 0 0 0 0 0 0 3 0 0 0 0 0 0 12 13 0 0 4 0 3 0 0 15 0 0 0 0 0 10 0 15 0 4 0 0 0 0 14 0 0 0 4 0 0 0 15 0 0 15 0 0 6 0 0 1 0 16 0 0 8
0 0 0 0 0 8 0 0 9 0 0 0 0 0 15 6 0 0 0 10 0 0 0 0 0 0 0 0 18 16 0 0 0 0 9 2 0 19 0 0 0 0 0 2 0 0 0 0 0 0 0 0 0 12 0 0 0 0 0 18 9 0 0 13 0 0 0 11 0 0 0 0 0 7 0
12 8 0 0 0 0 0 0 0 1 16 0 0 0 1 0 0 0 0 13 0 0 11 5 0 0 0 0 0 8 0 0 0 0 16 0 0 0 0 0 1 0 10 9 0 0 14 0 0 0 0 0 0 0 15 0 0 17 18 0 17 0 0 0 16 0 12 12 0 0 0 11 0 0 0
0 0 5 14 9 0 0 0 0 0 0 9 0 0 0 0 0 0 0 5 0 0 0 14 3 12 18 0 0 0 0 0 0 2 0 17 0 0 0 0 2 15 11 0 0 4 12 0 0 0 0 0 18 17 13 12 0 14 0 0 0 0 9 0 0 0 0 0 0 0 0 13 8 0 0
0 13 0 0 0 0 0 6 0 0 0 0 4 0 0 0 0 0 0 0 0 11 0 0 0 13 16 8 0 0 0 0 3 0 0 19 0 0 13 17 0 16 18 0 0 5 14 0 0 6 0 4 0 5 0 8 0 0 4 0 10 0 10 0 0 0 16 0 0 0 0 0 0 0 0
0 4 0 0 0 14 0 0 0 10 0 0 0 0 0 0 13 0 0 0 17 18 0 18 0 0 0 0 0 0 0 0 0 1 18 0 13 9 0 0 0 0 0 0 0 0 0 0 0 0 0 0 0 0 0 0 0 9 0 0 0 0 0 0 0 0 0 8 15 0 0 10 0 12 0
0 0 0 0 15 0 10 0 0 11 0 13 0 3 0 0 0 0 0 5 0 0 1 0 6 0 0 0 0 0 0 0 0 0 0 14 0 9 14 16 2 0 0 0 0 0 0 0 0 16 17 19 0 0 0 0 13 0 0 0 0 0 19 0 0 19 5 0 0 1 8 0 0 0 0
0 0 0 0 0 0 0 0 0 5 10 0 0 0 0 19 0 0 0 0 0 0 0 16 0 4 0 0 0 3 0 0 0 17 0 0 0 0 18 0 0 15 0 0 0 17 0 0 0 0 0 0 8 17 0 12 0 17 0 0 0 11 7 4 0 0 0 19 13 0 0 0 0 3 0
0 10 0 0 0 15 0 0 0 0 12 0 0 4 0 0 0 0 0 18 0 0 0 0 9 0 0 0 2 0 1 0 17 0 0 8 0 13 0 14 0 0 8 16 0 0 0 0 0 0 0 10 0 13 0 0 16 0 9 0 0 0 3 0 7 0 17 0 0 0 2 0 0 9 0
0 0 0 0 16 0 0 0 0 0 0 0 0 0 0 0 0 0 10 19 0 0 12 0 0 3 9 16 0 0 18 0 0 0 0 0 4 0 0 0 4 0 0 0 0 10 0 0 3 3 0 0 16 0 19 0 0 5 0 0 0 0 0 0 16 0 0 0 16 0 7 14 0 7 0
3 0 0 0 0 0 13 17 0 0 0 0 0 0 0 19 0 6 0 0 0 0 0 0 0 0 2 0 17 19 0 14 0 8 0 0 0 0 6 0 8 0 0 0 0 7 0 0 0 0 19 12 0 0 0 0 0 0 0 0 0 0 0 0 0 0 0 0 0 0 0 0 0 0 9
0 0 14 0 0 7 0 0 6 8 0 0 0 0 14 0 8 0 0 0 0 0 0 14 0 0 0 0 0 0 13 0 0 0 4 0 0 13 0 0 0 0 0 0 0 0 0 0 0 0 13 0 0 17 0 0 0 19 0 5 0 1 0 0 0 0 0 0 0 0 6 0 2 0 8
12 16 0 0 0 0 16 6 2 0 0 1 7 0 0 0 5 5 0 0 11 4 0 0 14 15 19 0 0 0 9 9 0 13 0 0 13 0 9 7 16 0 19 0 10 4 0 12 3 0 14 1 0 0 0 0 2 0 0 0 0 0 0 0 0 7 0 0 0 16 0 17 0 0 0
0 0 7 0 0 0 0 0 0 0 0 0 0 13 0 0 0 0 0 0 0 0 0 7 0 0 0 0 0 13 0 14 18 0 0 6 0 9 0 0 0 15 0 5 0 0 0 0 0 0 4 0 0 10 0 0 16 0 0 6 2 0 0 0 14 0 0 0 0 0 0 0 0 0 0
1 0 0 0 17 0 0 0 0 14 0 0 15 0 0 8 0 0 0 0 0 0 0 2 0 0 0 0 0 17 0 16 0 14 0 0 0 7 0 0 0 0 0 0 0 0 0 0 0 4 10 0 11 0 0 14 6 0 0 0 0 2 19 0 0 0 7 0 0 0 0 0 0 10 0
1 0 5 0 1 0 0 0 0 0 0 0 9 5 0 0 0 1 16 0 0 0 5 0 0 0 0 1 2 0 0 2 0 0 4 8 0 16 0 0 0 0 0 10 17 3 3 13 0 5 0 0 13 0 0 0 9 0 3 0 0 10 0 0 17 0 12 0 0 1 0 0 19 0 2
0 0 0 16 18 11 0 0 0 17 0 4 11 0 0 0 0 0 0 0 0 0 3 9 0 0 0 0 15 16 0 0 15 0 0 0 0 0 15 0 0 0 0 0 0 0 0 8 0 4 0 0 0 13 15 0 0 0 0 4 13 0 0 0 0 0 0 0 0 0 0 0 0 0 10
0 0 8 12 0 9 12 0 1 14 0 0 0 0 16 0 0 0 0 0 0 0 0 7 6 0 0 10 11 18 0 0 0 8 0 0 0 19 0 0 0 0 0 0 0 0 0 0 15 4 0 0 0 15 0 0 10 0 0 0 4 0 0 0 0 0 0 0 0 0 0 11 15 0 0
0 0 0 0 0 0 14 0 0 0 12 7 0 17 0 0 0 0 17 8 0 5 0 14 0 10 2 9 0 0 0 0 0 16 0 0 0 0 5 0 10 0 0 0 0 0 0 0 12 0 0 0 0 0 0 0 0 2 0 0 0 0 17 0 0 0 0 0 0 11 5 6 3 0 0
0 0 0 0 15 11 0 0 0 0 0 0 0 0 0 15 0 0 6 0 14 17 0 0 2 0 0 0 0 0 0 0 0 0 0 0 0 10 0 0 17 0 0 0 0 0 0 0 0 0 0 0 0 9 14 4 0 0 0 0 0 6 0 6 0 0 0 0 5 8 0 0 6 0 19
0 0 0 0 13 0 0 0 0 0 0 9 1 8 0 0 0 0 0 0 9 0 0 0 0 15 0 0 4 5 0 0 17 0 10 7 0 4 0 0 3 0 0 0 0 0 0 0 0 8 0 0 0 15 0 0 0 0 2 0 2 0 0 0 10 6 13 0 0 0 0 0 0 0 1
0 0 5 0 6 17 8 0 0 0 0 0 14 0 0 11 0 0 0 0 0 0 0 11 18 0 0 14 12 14 0 0 0 0 0 0 0 0 0 0 3 0 0 0 0 0 0 0 0 0 0 0 0 19 0 8 4 0 17 0 0 0 6 0 0 0 0 0 7 18 10 2 0 0 9
0 0 1 12 0 0 0 1 0 7 2 9 0 0 0 12 0 0 0 0 17 5 2 0 19 4 0 0 0 0 0 0 0 0 0 0 0 12 0 0 13 8 0 0 0 0 0 0 0 0 7 13 14 0 0 0 0 13 0 0 0 0 0 0 0 8 0 0 14 18 0 0 15 0 0
0 0 0 14 0 8 0 0 2 0 0 0 8 0 2 0 2 0 0 0 0 0 0 0 3 0 0 0 0 0 0 0 0 0 3 0 0 3 0 0 0 0 15 12 0 0 0 0 0 0 0 12 0 0 0 0 0 0 0 0 0 0 0 1 15 0 5 0 0 0 0 0 0 0 0
0 13 0 0 0 0 10 0 0 0 0 6 0 1 0 0 0 7 0 16 0 5 0 6 11 0 0 0 0 6 0 16 0 0 3 0 0 0 0 4 5 4 4 0 0 8 0 0 0 0 0 0 9 0 8 0 0 0 8 0 0 0 0 0 0 0 0 0 0 13 4 0 12 0 0
1 3 0 17 5 0 0 0 0 0 0 0 0 18 0 0 0 0 2 0 0 18 0 0 0 0 0 0 0 0 0 17 0 0 0 19 13 14 4 10 0 0 0 0 0 0 0 7 0 0 0 0 0 0 2 0 14 19 0 0 0 9 0 0 0 0 2 0 0 0 0 0 0 0 15
0 9 0 0 0 1 0 1 0 0 0 0 0 0 0 14 0 0 0 0 0 0 0 15 0 0 0 0 0 4 0 19 0 10 0 12 0 1 0 0 0 0 0 0 0 0 0 13 12 0 0 0 0 2 0 0 0 0 0 0 0 7 0 0 0 0 0 0 13 0 6 0 5 12 0
0 0 0 0 15 0 0 0 0 0 0 0 0 0 13 0 0 0 3 18 18 0 0 0 0 14 0 0 18 0 0 0 8 0 16 0 0 0 0 11 13 0 0 0 0 0 0 14 0 9 0 0 0 0 0 0 0 0 6 0 14 0 18 0 6 16 0 0 0 16 0 0 14 0 0
0 17 0 4 7 0 0 0 0 0 0 0 9 0 18 14 0 0 10 0 0 0 9 0 8 0 12 0 17 5 0 0 17 13 0 0 17 0 10 0 0 13 15 0 9 15 19 0 0 0 0 2 0 0 0 0 0 0 0 0 0 0 0 0 0 0 0 0 0 7 0 9 0 5 0
0 0 0 0 14 0 0 0 0 0 0 0 0 16 0 0 0 0 0 0 0 0 0 0 13 0 0 15 13 0 0 0 0 0 19 0 0 0 0 0 0 15 0 0 14 0 0 0 0 8 2 0 0 0 0 0 0 0 13 0 0 0 0 0 0 0 0 8 0 0 0 9 0 0 0
0 0 0 11 0 0 0 0 15 15 0 18 10 0 17 0 0 0 0 0 9 17 0 8 0 0 0 0 12 8 0 0 12 0 0 0 0 0 0 14 0 0 0 0 4 0 8 0 0 0 0 0 0 0 0 0 2 17 0 0 0 0 0 0 0 0 0 0 5 0 8 0 10 0 0
0 2 0 0 15 16 0 0 5 0 1 0 0 0 0 0 0 17 0 0 7 0 0 0 8 4 0 0 0 0 0 13 0 16 0 0 0 2 16 6 9 0 10 0 0 0 4 0 0 0 14 0 0 0 0 2 0 16 0 0 0 0 0 0 0 0 0 0 0 0 0 0 11 0 0
0 0 0 19 0 0 16 0 0 0 0 12 0 0 2 0 0 0 8 8 14 0 3 2 0 0 0 17 14 0 9 0 17 0 5 0 19 0 0 0 0 0 0 2 0 0 0 13 0 0 19 0 0 0 0 17 16 0 0 0 0 0 0 0 0 0 11 0 0 0 0 0 0 0 0
0 7 0 0 0 0 0 8 0 0 0 0 3 0 0 17 0 0 0 0 0 15 0 0 0 0 0 18 0 4 0 0 0 9 0 0 0 0 0 0 3 0 0 0 0 2 17 0 0 8 0 0 6 0 13 0 0 0 0 0 8 19 14 16 0 16 0 11 0 0 4 0 0 17 18
0 0 0 0 0 12 10 0 0 10 0 9 0 0 0 0 0 10 9 0 0 0 6 0 0 0 18 0 0 0 0 0 0 0 0 0 5 0 6 0 0 4 0 0 0 0 0 0 0 0 0 0 0 0 0 0 0 0 0 0 0 8 0 0 0 0 0 0 0 13 0 0 8 0 0
0 1 0 7 12 0 0 0 17 0 0 2 0 0 0 0 0 0 8 14 12 0 2 6 0 15 9 17 0 10 0 0 0 0 0 0 0 0 2 0 0 13 4 0 0 2 0 0 0 0 0 0 14 0 0 0 0 0 8 0 0 10 0 14 12 0 0 0 0 0 0 0 0 1 0
0 2 0 15 4 0 0 0 0 0 19 0 0 0 2 12 4 5 0 0 11 0 0 7 0 0 0 0 0 0 0 0 11 0 0 0 1 0 0 2 10 0 0 0 6 0 0 0 0 0 9 7 0 0 0 0 0 0 19 8 10 0 0 4 0 0 0 0 0 0 0 18 0 3 17
0 4 7 6 0 0 0 0 0 14 0 0 0 11 0 0 0 0 6 0 0 0 17 0 5 0 0 0 9 10 0 19 7 3 0 0 0 0 0 19 0 0 0 17 0 0 6 0 0 0 0 0 18 0 0 0 0 0 14 0 0 0 0 0 0 0 0 0 17 0 1 0 0 0 0
0 6 0 5 0 0 0 0 0 0 0 14 0 11 19 0 13 3 0 0 0 0 0 0 0 15 13 0 0 0 0 0 4 0 0 0 0 0 0 0 0 0 0 0 6 0 0 0 1 0 0 0 0 0 0 0 0 0 16 0 14 4 0 0 13 0 16 0 2 0 0 0 0 5 12
0 13 0 0 0 0 9 0 0 8 17 0 1 0 0 0 0 0 9 5 9 3 0 15 9 0 0 16 0 0 0 0 0 7 16 0 0 0 14 0 17 0 0 0 0 10 0 0 15 0 0 0 6 0 0 0 0 0 0 0 12 0 0 13 0 0 18 4 0 0 12 0 0 6 0
0 0 0 0 0 0 0 0 3 12 0 0 0 0 0 0 0 0 0 0 12 0 0 5 0 0 0 0 0 0 0 19 0 0 0 0 0 7 0 0 0 0 0 0 0 6 0 8 0 0 0 0 16 0 0 0 0 0 16 0 0 0 0 0 0 0 0 0 0 2 0 11 0 0 0
0 19 0 3 0 0 18 0 0 0 14 0 0 0 0 0 0 0 0 0 0 0 0 0 2 6 0 12 0 16 0 5 0 17 0 0 0 0 0 7 12 0 0 0 0 13 0 0 5 0 2 0 0 0 0 0 0 11 0 0 0 0 0 16 18 0 0 0 0 14 0 0 0 6 13
0 17 0 0 0 0 0 0 0 2 0 0 0 0 0 0 0 0 0 0 17 0 0 0 0 0 11 12 0 0 8 0 19 0 0 0 0 0 0 0 0 0 0 0 0 0 0 0 0 0 0 0 0 0 8 0 0 0 11 0 0 0 0 0 4 0 0 0 0 0 0 9 0 13 0
4 6 6 0 0 10 16 0 11 0 0 0 0 0 0 4 0 8 8 0 17 0 0 0 0 0 0 0 0 0 15 0 13 0 16 0 0 0 0 0 0 0 0 0 5 0 7 14 0 0 0 13 0 0 0 5 0 0 0 0 0 0 17 2 0 0 0 0 0 17 0 0 7 0 0
0 18 0 0 7 7 0 14 18 0 5 0 0 0 0 0 0 3 0 0 2 17 0 19 2 1 0 0 0 0 0 1 0 0 0 0 0 16 0 0 1 0 0 11 8 0 18 18 0 13 0 0 16 7 0 0 0 0 0 13 0 0 0 0 0 2 14 0 17 0 1 0 0 0 0
0 4 0 0 0 0 0 0 19 0 19 0 0 15 0 0 0 0 0 0 0 0 0 19 0 0 0 0 0 0 0 8 0 2 7 0 6 0 0 0 0 0 0 5 0 0 10 0 0 4 0 6 0 0 0 8 0 0 4 0 0 0 1 0 12 0 0 0 0 1 0 7 2 15 0
19 0 0 0 3 0 0 0 0 0 0 0 0 0 0 0 2 8 0 0 0 0 0 0 0 16 0 11 13 0 10 0 0 0 14 0 0 17 0 0 0 0 11 6 0 0 2 0 0 0 0 0 0 9 9 0 0 0 0 0 0 18 0 0 0 11 0 9 0 0 7 0 0 2 0
0 0 5 0 0 0 0 12 6 0 0 8 13 0 2 0 0 0 0 14 10 0 0 0 0 0 0 0 8 0 0 0 0 0 0 0 2 0 0 0 19 0 15 3 6 0 0 15 0 12 0 5 14 0 0 10 11 0 0 8 0 0 0 0 0 0 0 0 7 0 2 0 0 0 0
6 0 0 0 0 0 0 0 4 0 0 0 0 0 19 0 0 0 0 0 9 0 2 0 0 0 7 0 0 0 12 0 3 9 7 0 0 0 0 10 0 0 0 0 0 0 0 0 0 0 0 12 0 5 0 0 0 0 17 0 1 3 0 5 6 0 6 13 0 0 15 2 0 0 0
0 0 17 0 0 0 16 0 10 0 0 0 0 0 0 9 0 0 0 14 13 4 14 12 11 8 0 0 0 0 0 0 0 0 0 9 8 0 0 0 2 10 0 0 19 1 9 0 0 0 15 0 0 0 0 0 0 0 18 0 0 17 0 12 0 0 13 0 0 0 0 0 0 0 0
