75
50
0 16 18 16 7 14 19 18 12 12 7 6 2 3 0 17 11 15 15 4 7 14 15 1 18 8 16 15 5 12 5 19 13 16 19 12 3 10 15 5 2 2 0 14 1 5 17 2 14 1
16 0 15 6 6 16 3 4 17 3 14 15 14 17 0 14 1 16 7 8 14 15 1 8 17 13 10 16 0 16 3 9 18 19 17 16 18 10 1 19 2 1 8 19 10 16 11 5 11 1
18 15 0 0 2 2 4 8 19 19 8 9 14 3 0 15 13 16 7 3 17 2 14 6 3 3 9 18 5 12 14 17 18 19 16 16 13 2 10 19 9 5 11 6 4 17 1 8 10 15
16 6 0 0 10 13 5 15 6 16 6 1 19 6 7 7 3 18 16 18 10 7 0 1 8 19 19 9 3 19 4 8 17 5 11 5 4 3 10 3 17 7 5 0 9 17 12 17 1 14
7 6 2 10 0 6 10 10 18 0 19 8 0 6 18 5 12 11 1 13 5 5 8 7 11 4 1 13 1 12 13 19 19 15 11 14 19 13 9 10 8 12 7 19 14 13 7 12 3 16
14 16 2 13 6 0 5 15 9 3 12 13 7 15 10 12 2 3 12 12 1 18 17 2 15 18 1 1 5 15 5 12 17 19 13 14 11 18 13 7 0 13 11 8 6 11 17 13 6 15
19 3 4 5 10 5 0 7 16 17 11 7 7 9 15 4 4 15 11 17 14 19 10 12 18 15 15 6 18 15 5 19 4 14 13 14 1 8 15 16 0 17 17 11 2 9 8 1 8 19
18 4 8 15 10 15 7 0 18 19 5 12 15 14 5 1 1 11 14 13 5 6 10 17 10 13 6 8 12 15 19 9 8 12 5 18 1 5 7 7 9 13 0 15 16 7 14 19 4 13
12 17 19 6 18 9 16 18 0 17 8 15 13 11 12 18 11 15 0 3 4 8 19 1 16 6 0 3 10 11 7 0 5 16 0 2 18 15 12 6 10 18 17 5 13 0 3 2 0 5
12 3 19 16 0 3 17 19 17 0 15 14 17 10 0 2 13 11 19 2 1 1 8 0 14 11 0 17 4 19 5 8 6 17 3 11 11 13 0 7 12 6 1 17 19 8 19 11 18 11
7 14 8 6 19 12 11 5 8 15 0 18 7 18 6 15 6 10 14 10 4 4 3 19 14 16 10 1 10 16 9 2 14 9 17 16 6 2 13 3 5 13 13 9 13 8 7 5 15 18
6 15 9 1 8 13 7 12 15 14 18 0 0 17 19 0 17 11 6 11 7 8 5 8 12 6 7 5 9 12 11 10 1 19 14 3 15 0 7 5 11 0 3 3 1 17 5 15 3 2
2 14 14 19 0 7 7 15 13 17 7 0 0 5 10 1 17 19 6 16 18 18 16 11 7 9 4 12 12 5 18 2 16 19 14 13 12 6 18 18 11 1 14 11 19 12 3 18 13 7
3 17 3 6 6 15 9 14 11 10 18 17 5 0 8 11 18 10 0 0 12 19 14 16 16 13 14 16 12 4 13 18 10 2 9 3 1 4 15 13 11 11 18 6 13 12 7 0 14 16
0 0 0 7 18 10 15 5 12 0 6 19 10 8 0 3 12 17 0 1 2 8 4 1 10 10 10 1 8 18 4 15 12 10 13 9 9 19 13 12 13 19 18 1 13 3 5 16 16 6
17 14 15 7 5 12 4 1 18 2 15 0 1 11 3 0 10 3 9 7 5 17 17 12 3 18 18 8 16 0 19 2 11 5 9 13 13 12 7 2 2 19 6 2 6 2 0 19 8 8
11 1 13 3 12 2 4 1 11 13 6 17 17 18 12 10 0 2 15 3 3 8 5 13 16 17 6 6 0 15 12 15 4 14 10 12 7 14 4 12 9 7 14 11 4 9 19 15 3 2
15 16 16 18 11 3 15 11 15 11 10 11 19 10 17 3 2 0 10 12 6 13 14 9 3 7 5 19 6 8 19 17 13 7 18 15 6 16 3 8 13 18 0 15 16 3 8 9 10 10
15 7 7 16 1 12 11 14 0 19 14 6 6 0 0 9 15 10 0 13 2 13 5 19 10 15 16 19 4 16 0 3 1 1 7 13 16 10 9 12 8 9 7 1 18 9 17 16 1 16
4 8 3 18 13 12 17 13 3 2 10 11 16 0 1 7 3 12 13 0 18 16 10 6 9 6 0 8 0 9 7 19 11 9 15 8 4 6 4 16 10 17 18 5 17 7 17 3 2 5
7 14 17 10 5 1 14 5 4 1 4 7 18 12 2 5 3 6 2 18 0 3 15 8 8 9 7 7 1 7 6 5 8 14 15 18 3 18 17 13 7 11 8 15 3 2 4 5 17 0
14 15 2 7 5 18 19 6 8 1 4 8 18 19 8 17 8 13 13 16 3 0 19 4 1 13 4 8 16 19 12 2 0 16 19 18 4 0 9 10 1 6 18 8 12 4 4 12 3 7
15 1 14 0 8 17 10 10 19 8 3 5 16 14 4 17 5 14 5 10 15 19 0 16 5 0 2 7 6 18 15 13 8 2 12 9 12 6 6 4 3 5 5 19 1 17 9 14 10 5
1 8 6 1 7 2 12 17 1 0 19 8 11 16 1 12 13 9 19 6 8 4 16 0 17 19 16 8 6 8 6 1 13 9 10 3 0 1 5 18 2 6 14 10 5 2 8 0 16 18
18 17 3 8 11 15 18 10 16 14 14 12 7 16 10 3 16 3 10 9 8 1 5 17 0 2 10 9 8 3 18 18 7 9 15 7 18 8 1 9 13 6 10 6 6 2 19 18 18 3
8 13 3 19 4 18 15 13 6 11 16 6 9 13 10 18 17 7 15 6 9 13 0 19 2 0 3 7 10 7 11 14 12 4 9 12 17 6 11 16 19 8 7 5 9 11 8 16 2 17
16 10 9 19 1 1 15 6 0 0 10 7 4 14 10 18 6 5 16 0 7 4 2 16 10 3 0 9 16 4 8 7 7 1 17 2 0 19 4 2 17 17 19 15 8 6 2 16 16 14
15 16 18 9 13 1 6 8 3 17 1 5 12 16 1 8 6 19 19 8 7 8 7 8 9 7 9 0 13 4 7 14 2 3 15 14 8 19 18 14 18 13 14 7 13 1 14 8 9 10
5 0 5 3 1 5 18 12 10 4 10 9 12 12 8 16 0 6 4 0 1 16 6 6 8 10 16 13 0 0 0 3 8 10 0 17 15 10 11 7 16 11 11 19 9 4 10 9 3 13
12 16 12 19 12 15 15 15 11 19 16 12 5 4 18 0 15 8 16 9 7 19 18 8 3 7 4 4 0 0 9 4 7 18 19 11 16 19 15 1 12 5 10 1 11 11 19 8 14 6
5 3 14 4 13 5 5 19 7 5 9 11 18 13 4 19 12 19 0 7 6 12 15 6 18 11 8 7 0 9 0 7 10 7 12 8 8 1 0 4 12 15 2 1 18 11 4 2 5 14
19 9 17 8 19 12 19 9 0 8 2 10 2 18 15 2 15 17 3 19 5 2 13 1 18 14 7 14 3 4 7 0 1 16 11 15 2 10 11 11 12 0 8 14 14 3 1 10 10 5
13 18 18 17 19 17 4 8 5 6 14 1 16 10 12 11 4 13 1 11 8 0 8 13 7 12 7 2 8 7 10 1 0 12 2 1 2 5 17 11 4 14 2 12 17 2 16 11 9 19
16 19 19 5 15 19 14 12 16 17 9 19 19 2 10 5 14 7 1 9 14 16 2 9 9 4 1 3 10 18 7 16 12 0 2 8 3 6 18 2 13 18 11 2 4 3 16 0 2 16
19 17 16 11 11 13 13 5 0 3 17 14 14 9 13 9 10 18 7 15 15 19 12 10 15 9 17 15 0 19 12 11 2 2 0 2 11 6 4 1 11 19 1 19 18 12 11 11 11 9
12 16 16 5 14 14 14 18 2 11 16 3 13 3 9 13 12 15 13 8 18 18 9 3 7 12 2 14 17 11 8 15 1 8 2 0 14 18 0 17 9 3 19 16 3 0 6 2 12 0
3 18 13 4 19 11 1 1 18 11 6 15 12 1 9 13 7 6 16 4 3 4 12 0 18 17 0 8 15 16 8 2 2 3 11 14 0 1 4 3 2 19 6 17 13 6 3 5 15 3
10 10 2 3 13 18 8 5 15 13 2 0 6 4 19 12 14 16 10 6 18 0 6 1 8 6 19 19 10 19 1 10 5 6 6 18 1 0 12 8 4 19 10 4 6 6 12 13 16 1
15 1 10 10 9 13 15 7 12 0 13 7 18 15 13 7 4 3 9 4 17 9 6 5 1 11 4 18 11 15 0 11 17 18 4 0 4 12 0 7 8 16 14 5 8 10 15 2 15 19
5 19 19 3 10 7 16 7 6 7 3 5 18 13 12 2 12 8 12 16 13 10 4 18 9 16 2 14 7 1 4 11 11 2 1 17 3 8 7 0 17 11 4 15 11 15 2 19 9 12
2 2 9 17 8 0 0 9 10 12 5 11 11 11 13 2 9 13 8 10 7 1 3 2 13 19 17 18 16 12 12 12 4 13 11 9 2 4 8 17 0 7 16 10 9 8 17 10 8 9
2 1 5 7 12 13 17 13 18 6 13 0 1 11 19 19 7 18 9 17 11 6 5 6 6 8 17 13 11 5 15 0 14 18 19 3 19 19 16 11 7 0 19 9 2 14 9 18 10 12
0 8 11 5 7 11 17 0 17 1 13 3 14 18 18 6 14 0 7 18 8 18 5 14 10 7 19 14 11 10 2 8 2 11 1 19 6 10 14 4 16 19 0 19 14 0 7 8 7 16
14 19 6 0 19 8 11 15 5 17 9 3 11 6 1 2 11 15 1 5 15 8 19 10 6 5 15 7 19 1 1 14 12 2 19 16 17 4 5 15 10 9 19 0 19 4 4 14 12 1
1 10 4 9 14 6 2 16 13 19 13 1 19 13 13 6 4 16 18 17 3 12 1 5 6 9 8 13 9 11 18 14 17 4 18 3 13 6 8 11 9 2 14 19 0 14 6 2 15 19
5 16 17 17 13 11 9 7 0 8 8 17 12 12 3 2 9 3 9 7 2 4 17 2 2 11 6 1 4 11 11 3 2 3 12 0 6 6 10 15 8 14 0 4 14 0 5 13 10 9
17 11 1 12 7 17 8 14 3 19 7 5 3 7 5 0 19 8 17 17 4 4 9 8 19 8 2 14 10 19 4 1 16 16 11 6 3 12 15 2 17 9 7 4 6 5 0 1 2 5
2 5 8 17 12 13 1 19 2 11 5 15 18 0 16 19 15 9 16 3 5 12 14 0 18 16 16 8 9 8 2 10 11 0 11 2 5 13 2 19 10 18 8 14 2 13 1 0 15 4
14 11 10 1 3 6 8 4 0 18 15 3 13 14 16 8 3 10 1 2 17 3 10 16 18 2 16 9 3 14 5 10 9 2 11 12 15 16 15 9 8 10 7 12 15 10 2 15 0 15
1 1 15 14 16 15 19 13 5 11 18 2 7 16 6 8 2 10 16 5 0 7 5 18 3 17 14 10 13 6 14 5 19 16 9 0 3 1 19 12 9 12 16 1 19 9 5 4 15 0
