50
50
0 12 15 12 3 9 16 1 9 4 1 19 6 3 3 18 2 17 14 16 4 19 12 14 0 15 10 4 0 15 4 0 6 1 19 18 16 16 7 10 11 2 3 9 12 5 4 2 18 1
12 0 3 6 19 11 17 19 4 17 1 2 5 11 1 12 9 10 3 7 2 9 9 10 5 0 14 5 10 6 18 18 9 17 17 5 13 19 11 17 18 6 18 0 19 8 4 15 5 9
15 3 0 18 0 19 14 12 4 8 14 18 4 19 7 12 7 16 4 4 6 7 18 0 0 1 8 17 14 2 14 16 8 17 11 19 18 1 15 18 16 5 4 4 10 5 3 14 12 12
12 6 18 0 5 7 19 15 10 18 7 17 19 16 9 7 18 5 7 18 8 10 9 5 16 14 16 3 2 16 19 4 5 0 12 13 9 19 13 2 2 3 18 1 18 13 9 13 5 18
3 19 0 5 0 16 7 9 9 11 12 5 7 8 9 15 0 3 8 13 12 15 3 12 9 8 4 10 7 2 2 3 2 1 15 4 14 13 11 4 0 9 4 7 14 18 3 18 16 12
9 11 19 7 16 0 4 0 8 14 11 4 5 16 5 10 7 16 1 4 13 0 4 16 14 16 1 17 14 15 5 1 0 7 10 15 14 19 8 16 18 8 9 16 12 13 12 6 7 16
16 17 14 19 7 4 0 2 10 15 7 8 12 4 13 11 1 13 19 6 2 8 10 3 13 4 9 11 11 14 19 17 17 6 12 9 5 2 7 8 16 8 8 17 9 14 11 17 19 12
1 19 12 15 9 0 2 0 4 1 0 15 6 13 6 8 12 17 15 6 8 15 13 2 6 11 19 5 19 0 9 15 1 6 7 1 1 18 13 0 13 11 12 2 2 15 15 5 6 11
9 4 4 10 9 8 10 4 0 10 8 17 7 1 4 0 15 16 5 4 17 18 18 12 18 7 9 17 2 0 19 2 18 17 3 0 15 15 16 0 13 9 18 16 2 6 19 14 15 2
4 17 8 18 11 14 15 1 10 0 11 3 9 11 9 19 19 15 16 13 19 8 12 6 4 2 7 4 7 14 3 14 3 16 9 2 18 15 17 0 4 17 15 8 6 17 9 19 3 2
1 1 14 7 12 11 7 0 8 11 0 16 17 2 3 9 3 14 18 0 14 8 12 14 2 12 7 14 16 4 1 12 3 0 16 18 8 10 19 15 9 6 17 5 11 6 0 18 5 15
19 2 18 17 5 4 8 15 17 3 16 0 7 13 11 17 8 5 7 4 13 5 18 19 19 5 14 9 1 17 8 18 2 5 8 8 12 8 14 13 4 7 17 0 4 5 12 13 1 15
6 5 4 19 7 5 12 6 7 9 17 7 0 14 18 6 2 5 8 15 10 11 0 8 15 3 1 8 19 1 8 2 17 7 7 11 4 8 3 13 10 4 7 6 13 4 2 16 1 1
3 11 19 16 8 16 4 13 1 11 2 13 14 0 10 14 15 5 9 15 19 6 2 0 11 8 16 19 9 18 15 15 10 6 17 16 2 3 8 1 11 10 8 4 1 7 14 16 11 1
3 1 7 9 9 5 13 6 4 9 3 11 18 10 0 16 13 12 7 16 13 16 10 19 14 0 7 11 18 9 11 18 3 15 5 4 6 4 15 1 3 14 4 4 5 6 9 5 9 10
18 12 12 7 15 10 11 8 0 19 9 17 6 14 16 0 1 11 18 5 14 12 7 5 10 15 3 4 0 7 8 3 18 3 11 11 9 12 9 15 13 10 19 14 8 7 2 18 15 5
2 9 7 18 0 7 1 12 15 19 3 8 2 15 13 1 0 9 15 18 13 8 11 2 0 12 0 7 19 4 16 14 11 13 9 0 0 14 16 9 1 5 13 15 12 15 4 19 12 12
17 10 16 5 3 16 13 17 16 15 14 5 5 5 12 11 9 0 3 12 1 12 13 9 1 19 13 2 15 15 14 12 6 0 11 10 7 14 1 7 17 11 8 16 6 19 10 0 10 4
14 3 4 7 8 1 19 15 5 16 18 7 8 9 7 18 15 3 0 11 3 13 17 13 1 1 16 9 9 17 1 7 2 14 16 1 1 9 19 14 17 17 4 8 5 6 1 11 5 18
16 7 4 18 13 4 6 6 4 13 0 4 15 15 16 5 18 12 11 0 3 4 12 12 1 13 8 19 12 12 10 5 12 7 7 5 8 0 17 4 3 10 4 7 4 13 6 5 3 16
4 2 6 8 12 13 2 8 17 19 14 13 10 19 13 14 13 1 3 3 0 15 1 5 8 16 7 4 2 10 18 9 16 14 17 2 3 16 13 0 17 10 14 5 0 16 7 2 12 9
19 9 7 10 15 0 8 15 18 8 8 5 11 6 16 12 8 12 13 4 15 0 6 8 5 10 14 4 2 2 19 6 11 4 16 9 9 2 3 13 6 18 17 4 11 7 17 19 10 12
12 9 18 9 3 4 10 13 18 12 12 18 0 2 10 7 11 13 17 12 1 6 0 18 16 13 13 13 4 0 13 16 13 15 10 7 6 10 16 15 19 2 7 8 5 14 8 0 12 7
14 10 0 5 12 16 3 2 12 6 14 19 8 0 19 5 2 9 13 12 5 8 18 0 17 7 17 19 1 1 1 5 7 11 14 8 5 7 15 4 8 3 14 6 4 2 19 0 12 18
0 5 0 16 9 14 13 6 18 4 2 19 15 11 14 10 0 1 1 1 8 5 16 17 0 18 3 16 12 0 19 2 5 7 11 3 0 15 0 1 4 14 7 13 8 3 17 17 2 13
15 0 1 14 8 16 4 11 7 2 12 5 3 8 0 15 12 19 1 13 16 10 13 7 18 0 9 19 9 10 2 8 5 6 14 8 9 4 5 6 18 5 17 17 5 5 4 4 6 4
10 14 8 16 4 1 9 19 9 7 7 14 1 16 7 3 0 13 16 8 7 14 13 17 3 9 0 13 2 3 3 5 15 4 13 11 5 11 3 3 13 15 12 17 4 19 10 10 6 18
4 5 17 3 10 17 11 5 17 4 14 9 8 19 11 4 7 2 9 19 4 4 13 19 16 19 13 0 11 3 1 4 9 17 15 0 6 1 17 8 16 15 19 5 3 13 6 9 0 8
0 10 14 2 7 14 11 19 2 7 16 1 19 9 18 0 19 15 9 12 2 2 4 1 12 9 2 11 0 7 1 4 15 11 16 12 17 3 2 19 8 4 4 5 16 1 15 6 15 10
15 6 2 16 2 15 14 0 0 14 4 17 1 18 9 7 4 15 17 12 10 2 0 1 0 10 3 3 7 0 15 17 10 7 2 4 11 4 11 3 19 12 13 5 14 4 7 19 19 4
4 18 14 19 2 5 19 9 19 3 1 8 8 15 11 8 16 14 1 10 18 19 13 1 19 2 3 1 1 15 0 2 7 1 15 8 1 4 16 15 8 5 1 6 5 13 2 4 18 7
0 18 16 4 3 1 17 15 2 14 12 18 2 15 18 3 14 12 7 5 9 6 16 5 2 8 5 4 4 17 2 0 19 11 17 9 7 7 15 10 16 2 2 10 11 11 1 19 17 9
6 9 8 5 2 0 17 1 18 3 3 2 17 10 3 18 11 6 2 12 16 11 13 7 5 5 15 9 15 10 7 19 0 5 13 6 16 14 13 15 11 15 10 5 2 1 10 9 13 5
1 17 17 0 1 7 6 6 17 16 0 5 7 6 15 3 13 0 14 7 14 4 15 11 7 6 4 17 11 7 1 11 5 0 1 3 16 5 7 12 15 15 0 11 4 4 7 18 12 11
19 17 11 12 15 10 12 7 3 9 16 8 7 17 5 11 9 11 16 7 17 16 10 14 11 14 13 15 16 2 15 17 13 1 0 4 4 19 6 4 5 5 6 6 11 1 0 19 4 14
18 5 19 13 4 15 9 1 0 2 18 8 11 16 4 11 0 10 1 5 2 9 7 8 3 8 11 0 12 4 8 9 6 3 4 0 18 19 6 7 10 18 1 9 16 9 16 10 11 19
16 13 18 9 14 14 5 1 15 18 8 12 4 2 6 9 0 7 1 8 3 9 6 5 0 9 5 6 17 11 1 7 16 16 4 18 0 1 17 17 17 0 10 6 12 4 1 7 12 6
16 19 1 19 13 19 2 18 15 15 10 8 8 3 4 12 14 14 9 0 16 2 10 7 15 4 11 1 3 4 4 7 14 5 19 19 1 0 12 2 18 17 7 12 10 1 12 1 14 18
7 11 15 13 11 8 7 13 16 17 19 14 3 8 15 9 16 1 19 17 13 3 16 15 0 5 3 17 2 11 16 15 13 7 6 6 17 12 0 18 2 13 14 0 12 0 1 17 14 3
10 17 18 2 4 16 8 0 0 0 15 13 13 1 1 15 9 7 14 4 0 13 15 4 1 6 3 8 19 3 15 10 15 12 4 7 17 2 18 0 9 10 5 10 3 10 8 3 2 6
11 18 16 2 0 18 16 13 13 4 9 4 10 11 3 13 1 17 17 3 17 6 19 8 4 18 13 16 8 19 8 16 11 15 5 10 17 18 2 9 0 16 15 8 10 4 10 11 0 6
2 6 5 3 9 8 8 11 9 17 6 7 4 10 14 10 5 11 17 10 10 18 2 3 14 5 15 15 4 12 5 2 15 15 5 18 0 17 13 10 16 0 10 18 1 9 13 2 3 18
3 18 4 18 4 9 8 12 18 15 17 17 7 8 4 19 13 8 4 4 14 17 7 14 7 17 12 19 4 13 1 2 10 0 6 1 10 7 14 5 15 10 0 5 8 4 13 7 16 8
9 0 4 1 7 16 17 2 16 8 5 0 6 4 4 14 15 16 8 7 5 4 8 6 13 17 17 5 5 5 6 10 5 11 6 9 6 12 0 10 8 18 5 0 5 8 0 17 15 10
12 19 10 18 14 12 9 2 2 6 11 4 13 1 5 8 12 6 5 4 0 11 5 4 8 5 4 3 16 14 5 11 2 4 11 16 12 10 12 3 10 1 8 5 0 3 9 1 3 3
5 8 5 13 18 13 14 15 6 17 6 5 4 7 6 7 15 19 6 13 16 7 14 2 3 5 19 13 1 4 13 11 1 4 1 9 4 1 0 10 4 9 4 8 3 0 17 1 19 13
4 4 3 9 3 12 11 15 19 9 0 12 2 14 9 2 4 10 1 6 7 17 8 19 17 4 10 6 15 7 2 1 10 7 0 16 1 12 1 8 10 13 13 0 9 17 0 1 19 13
2 15 14 13 18 6 17 5 14 19 18 13 16 16 5 18 19 0 11 5 2 19 0 0 17 4 10 9 6 19 4 19 9 18 19 10 7 1 17 3 11 2 7 17 1 1 1 0 12 19
18 5 12 5 16 7 19 6 15 3 5 1 1 11 9 15 12 10 5 3 12 10 12 12 2 6 6 0 15 19 18 17 13 12 4 11 12 14 14 2 0 3 16 15 3 19 19 12 0 2
1 9 12 18 12 16 12 11 2 2 15 15 1 1 10 5 12 4 18 16 9 12 7 18 13 4 18 8 10 4 7 9 5 11 14 19 6 18 3 6 6 18 8 10 3 13 13 19 2 0
