50
50
0 0 3 0 0 0 0 0 1 0 0 12 0 0 0 2 0 7 0 0 0 0 0 0 0 0 0 0 0 0 9 19 0 0 0 3 17 15 0 0 4 0 4 0 0 12 0 16 0 14
0 0 0 0 0 5 0 0 5 0 0 13 0 0 3 0 3 0 15 0 0 0 14 18 0 0 18 0 0 0 0 1 5 0 0 0 18 3 0 5 0 0 0 0 0 0 0 11 0 7
3 0 0 0 0 9 0 0 0 0 0 0 0 8 0 0 7 0 4 0 0 0 0 6 0 0 0 19 0 0 0 0 13 0 5 0 0 0 0 0 0 2 0 0 0 11 6 0 0 0
0 0 0 0 0 0 0 14 0 0 0 13 0 0 0 17 0 0 0 13 0 0 0 18 0 6 0 0 0 9 0 19 0 4 16 14 8 12 0 0 0 0 12 8 0 0 0 0 0 19
0 0 0 0 0 0 4 0 11 0 0 0 2 0 0 0 0 2 0 4 18 0 0 8 1 19 0 3 0 0 0 2 0 0 4 15 0 0 0 0 0 0 0 1 0 15 0 15 14 8
0 5 9 0 0 0 0 0 0 7 3 14 0 0 9 0 11 0 5 0 5 13 0 0 0 0 18 15 0 0 0 0 0 13 0 0 0 0 0 0 0 0 18 0 0 0 0 0 0 19
0 0 0 0 4 0 0 0 0 12 0 19 1 0 0 0 0 0 0 17 0 0 6 0 0 0 0 0 9 0 2 11 0 0 0 0 0 0 0 0 7 0 3 0 0 7 13 0 0 8
0 0 0 14 0 0 0 0 0 0 11 8 0 0 0 2 0 0 0 19 0 0 0 17 0 0 16 0 15 0 0 0 12 0 17 2 4 0 0 12 10 0 0 9 0 0 0 15 0 16
1 5 0 0 11 0 0 0 0 0 0 0 0 0 0 0 0 0 0 0 5 18 0 14 14 0 1 8 0 0 0 0 0 0 0 4 0 0 0 16 13 0 0 0 0 0 0 0 9 10
0 0 0 0 0 7 12 0 0 0 0 0 0 0 0 0 0 0 19 0 0 0 16 16 0 0 0 0 0 0 0 0 0 0 8 0 0 10 0 19 0 14 0 0 0 0 0 0 0 0
0 0 0 0 0 3 0 11 0 0 0 0 0 0 0 0 0 8 0 0 0 7 7 0 3 13 0 19 0 0 0 0 5 0 0 0 15 0 3 0 0 0 0 0 0 9 13 13 0 0
12 13 0 13 0 14 19 8 0 0 0 0 0 0 0 0 13 18 0 0 13 0 3 0 0 0 1 0 0 5 0 0 1 10 0 0 0 0 0 14 0 0 0 0 0 0 0 0 0 0
0 0 0 0 2 0 1 0 0 0 0 0 0 0 0 0 0 19 0 0 0 0 0 0 5 0 0 0 7 0 0 0 8 0 10 0 0 0 19 0 0 6 12 16 0 0 0 0 0 3
0 0 8 0 0 0 0 0 0 0 0 0 0 0 0 0 17 0 0 6 0 9 2 0 0 0 0 15 13 5 0 0 0 0 0 0 0 0 0 7 0 0 0 14 0 0 0 0 3 0
0 3 0 0 0 9 0 0 0 0 0 0 0 0 0 8 7 0 0 0 0 0 0 0 0 0 0 19 9 2 0 0 0 9 0 0 0 0 0 0 0 0 0 0 0 0 0 0 0 0
2 0 0 17 0 0 0 2 0 0 0 0 0 0 8 0 0 0 0 0 0 0 0 0 0 18 0 0 0 0 0 17 10 0 2 0 0 0 0 0 16 0 0 2 12 0 4 0 0 8
0 3 7 0 0 11 0 0 0 0 0 13 0 17 7 0 0 0 0 0 0 0 0 0 0 0 0 0 0 0 13 0 0 1 0 0 17 0 10 0 0 0 0 0 0 14 0 0 12 17
7 0 0 0 2 0 0 0 0 0 8 18 19 0 0 0 0 0 0 0 0 0 0 0 0 0 0 0 0 0 13 0 6 0 0 0 17 0 2 19 17 11 0 0 0 0 2 0 0 0
0 15 4 0 0 5 0 0 0 19 0 0 0 0 0 0 0 0 0 0 12 0 0 0 0 0 0 15 0 14 0 0 18 14 0 0 0 0 0 5 0 18 0 0 13 0 0 10 0 0
0 0 0 13 4 0 17 19 0 0 0 0 0 6 0 0 0 0 0 0 0 0 10 3 0 0 0 0 0 0 0 9 0 0 0 3 1 0 0 0 1 0 0 11 0 0 5 0 7 10
0 0 0 0 18 5 0 0 5 0 0 13 0 0 0 0 0 0 12 0 0 8 0 13 0 0 0 14 18 0 0 8 0 12 0 11 0 12 2 0 17 0 0 0 0 9 0 0 0 0
0 0 0 0 0 13 0 0 18 0 7 0 0 9 0 0 0 0 0 0 8 0 0 15 11 0 0 16 0 0 9 16 0 0 0 2 0 0 0 0 0 0 0 0 0 0 6 0 0 11
0 14 0 0 0 0 6 0 0 16 7 3 0 2 0 0 0 0 0 10 0 0 0 0 0 0 0 0 0 0 0 2 2 4 0 0 0 0 11 0 0 0 0 0 0 0 0 5 0 0
0 18 6 18 8 0 0 17 14 16 0 0 0 0 0 0 0 0 0 3 13 15 0 0 12 0 0 0 0 0 0 15 0 0 5 8 8 0 0 0 0 11 6 5 0 0 0 0 0 9
0 0 0 0 1 0 0 0 14 0 3 0 5 0 0 0 0 0 0 0 0 11 0 12 0 0 1 0 0 0 3 17 0 0 0 19 16 0 0 0 5 0 0 0 0 0 0 6 0 0
0 0 0 6 19 0 0 0 0 0 13 0 0 0 0 18 0 0 0 0 0 0 0 0 0 0 0 14 0 0 0 19 0 5 0 0 0 0 0 13 0 0 9 0 0 0 0 0 18 0
0 18 0 0 0 18 0 16 1 0 0 1 0 0 0 0 0 0 0 0 0 0 0 0 1 0 0 0 0 1 0 16 16 2 0 0 0 0 0 0 7 6 11 0 5 5 18 0 0 0
0 0 19 0 3 15 0 0 8 0 19 0 0 15 19 0 0 0 15 0 14 16 0 0 0 14 0 0 11 0 0 0 0 0 0 0 18 0 0 0 0 0 0 0 0 9 0 0 4 0
0 0 0 0 0 0 9 15 0 0 0 0 7 13 9 0 0 0 0 0 18 0 0 0 0 0 0 11 0 17 19 0 0 0 0 0 5 0 0 13 0 0 0 2 0 0 0 0 14 0
0 0 0 9 0 0 0 0 0 0 0 5 0 5 2 0 0 0 14 0 0 0 0 0 0 0 1 0 17 0 0 0 14 0 0 0 0 0 0 0 0 0 0 0 11 15 0 0 0 0
9 0 0 0 0 0 2 0 0 0 0 0 0 0 0 0 13 13 0 0 0 9 0 0 3 0 0 0 19 0 0 1 5 0 2 0 0 17 0 0 0 14 18 0 0 0 13 0 0 4
19 1 0 19 2 0 11 0 0 0 0 0 0 0 0 17 0 0 0 9 8 16 2 15 17 19 16 0 0 0 1 0 13 0 13 19 16 0 0 0 0 2 0 0 0 0 0 0 0 0
0 5 13 0 0 0 0 12 0 0 5 1 8 0 0 10 0 6 18 0 0 0 2 0 0 0 16 0 0 14 5 13 0 0 2 6 0 3 0 0 0 0 0 0 0 2 0 13 0 0
0 0 0 4 0 13 0 0 0 0 0 10 0 0 9 0 1 0 14 0 12 0 4 0 0 5 2 0 0 0 0 0 0 0 0 11 0 0 0 0 0 14 0 0 0 0 0 7 8 19
0 0 5 16 4 0 0 17 0 8 0 0 10 0 0 2 0 0 0 0 0 0 0 5 0 0 0 0 0 0 2 13 2 0 0 0 2 0 0 0 0 3 0 0 0 0 0 7 5 0
3 0 0 14 15 0 0 2 4 0 0 0 0 0 0 0 0 0 0 3 11 2 0 8 19 0 0 0 0 0 0 19 6 11 0 0 0 11 6 1 0 0 0 0 0 15 0 0 18 0
17 18 0 8 0 0 0 4 0 0 15 0 0 0 0 0 17 17 0 1 0 0 0 8 16 0 0 18 5 0 0 16 0 0 2 0 0 0 0 0 0 0 0 19 13 0 0 0 0 19
15 3 0 12 0 0 0 0 0 10 0 0 0 0 0 0 0 0 0 0 12 0 0 0 0 0 0 0 0 0 17 0 3 0 0 11 0 0 19 15 17 0 0 0 0 0 8 0 0 0
0 0 0 0 0 0 0 0 0 0 3 0 19 0 0 0 10 2 0 0 2 0 11 0 0 0 0 0 0 0 0 0 0 0 0 6 0 19 0 0 0 4 0 0 8 0 0 5 0 0
0 5 0 0 0 0 0 12 16 19 0 14 0 7 0 0 0 19 5 0 0 0 0 0 0 13 0 0 13 0 0 0 0 0 0 1 0 15 0 0 5 7 0 11 0 0 0 0 0 0
4 0 0 0 0 0 7 10 13 0 0 0 0 0 0 16 0 17 0 1 17 0 0 0 5 0 7 0 0 0 0 0 0 0 0 0 0 17 0 5 0 0 0 0 6 0 0 0 0 0
0 0 2 0 0 0 0 0 0 14 0 0 6 0 0 0 0 11 18 0 0 0 0 11 0 0 6 0 0 0 14 2 0 14 3 0 0 0 4 7 0 0 0 0 0 0 0 14 16 0
4 0 0 12 0 18 3 0 0 0 0 0 12 0 0 0 0 0 0 0 0 0 0 6 0 9 11 0 0 0 18 0 0 0 0 0 0 0 0 0 0 0 0 15 0 1 0 15 2 0
0 0 0 8 1 0 0 9 0 0 0 0 16 14 0 2 0 0 0 11 0 0 0 5 0 0 0 0 2 0 0 0 0 0 0 0 19 0 0 11 0 0 15 0 0 8 19 0 0 6
0 0 0 0 0 0 0 0 0 0 0 0 0 0 0 12 0 0 13 0 0 0 0 0 0 0 5 0 0 11 0 0 0 0 0 0 13 0 8 0 6 0 0 0 0 0 18 0 15 0
12 0 11 0 15 0 7 0 0 0 9 0 0 0 0 0 14 0 0 0 9 0 0 0 0 0 5 9 0 15 0 0 2 0 0 15 0 0 0 0 0 0 1 8 0 0 0 9 14 0
0 0 6 0 0 0 13 0 0 0 13 0 0 0 0 4 0 2 0 5 0 6 0 0 0 0 18 0 0 0 13 0 0 0 0 0 0 8 0 0 0 0 0 19 18 0 0 0 18 0
16 11 0 0 15 0 0 15 0 0 13 0 0 0 0 0 0 0 10 0 0 0 5 0 6 0 0 0 0 0 0 0 13 7 7 0 0 0 5 0 0 14 15 0 0 9 0 0 0 0
0 0 0 0 14 0 0 0 9 0 0 0 0 3 0 0 12 0 0 7 0 0 0 0 0 18 0 4 14 0 0 0 0 8 5 18 0 0 0 0 0 16 2 0 15 14 18 0 0 18
14 7 0 19 8 19 8 16 10 0 0 0 3 0 0 8 17 0 0 10 0 11 0 9 0 0 0 0 0 0 4 0 0 19 0 0 19 0 0 0 0 0 0 6 0 0 0 0 18 0
