100
50
0 14 9 0 5 4 3 15 8 4 13 0 16 5 16 1 15 1 7 6 2 8 8 14 18 11 6 1 14 5 13 19 1 3 3 13 15 0 16 14 12 5 12 18 5 17 8 13 17 10
14 0 14 8 1 10 16 1 10 15 16 12 0 13 6 0 16 5 5 15 16 8 2 1 8 10 7 2 18 19 0 17 17 5 11 13 17 8 9 10 4 12 9 9 0 17 3 6 16 14
9 14 0 19 12 6 18 19 3 1 18 11 18 19 1 0 10 15 4 18 13 8 10 2 0 8 16 2 3 5 17 3 17 17 14 14 17 5 2 13 17 18 9 4 18 10 15 15 15 11
0 8 19 0 2 2 18 16 1 10 16 19 17 16 9 4 2 13 13 17 10 2 15 7 17 0 4 17 15 14 5 16 1 2 13 0 1 11 1 12 11 17 5 10 12 8 14 12 6 17
5 1 12 2 0 6 15 10 6 18 8 15 7 16 1 7 14 18 17 2 19 16 2 16 15 0 18 10 19 4 4 11 12 9 8 16 3 19 15 11 14 19 2 12 14 3 11 17 6 6
4 10 6 2 6 0 19 4 17 15 12 13 19 2 2 12 4 6 11 17 17 6 9 18 15 9 8 0 13 12 10 9 0 0 18 4 7 5 11 3 11 15 9 10 18 6 15 11 1 15
3 16 18 18 15 19 0 5 17 7 7 15 8 6 10 12 6 10 4 13 16 18 16 16 11 12 2 19 15 3 17 5 11 17 8 10 19 13 13 13 11 5 3 5 8 8 3 10 14 13
15 1 19 16 10 4 5 0 5 17 5 9 17 8 11 4 4 19 0 18 3 15 11 11 6 1 3 11 6 19 15 11 12 15 0 17 8 1 7 6 15 4 6 14 2 1 7 17 12 17
8 10 3 1 6 17 17 5 0 8 4 17 19 1 3 0 17 6 19 15 18 3 7 12 19 3 3 5 1 2 9 17 7 3 10 1 0 15 2 12 8 16 7 2 8 7 19 2 3 1
4 15 1 10 18 15 7 17 8 0 11 9 19 1 17 2 8 1 13 17 17 19 10 16 1 18 6 6 17 8 2 0 11 10 8 12 5 14 2 2 9 18 9 19 17 14 6 17 10 9
13 16 18 16 8 12 7 5 4 11 0 7 18 2 5 17 4 16 13 17 11 7 16 4 5 9 4 19 18 1 10 12 18 5 10 18 3 15 8 1 2 1 2 0 17 12 16 8 14 15
0 12 11 19 15 13 15 9 17 9 7 0 4 17 8 1 18 0 17 13 7 8 18 18 12 8 6 10 10 12 12 2 5 5 3 12 9 17 9 15 5 4 13 2 7 9 14 14 3 15
16 0 18 17 7 19 8 17 19 19 18 4 0 3 11 11 10 6 10 11 18 10 16 19 8 14 7 19 5 4 1 16 15 8 7 18 11 8 14 9 12 2 4 1 10 0 18 3 18 14
5 13 19 16 16 2 6 8 1 1 2 17 3 0 12 12 0 14 0 4 12 3 11 3 9 18 18 8 16 15 17 18 15 10 3 6 10 3 5 15 4 19 11 16 17 17 0 11 3 3
16 6 1 9 1 2 10 11 3 17 5 8 11 12 0 10 19 17 15 10 10 14 19 2 8 14 6 6 19 11 5 3 7 0 4 16 18 12 15 17 16 19 14 15 14 15 14 0 3 12
1 0 0 4 7 12 12 4 0 2 17 1 11 12 10 0 18 18 3 16 18 6 13 0 1 18 5 7 10 5 11 13 2 13 0 17 6 8 19 12 19 8 1 4 18 6 19 8 17 15
15 16 10 2 14 4 6 4 17 8 4 18 10 0 19 18 0 12 9 15 17 6 0 11 15 18 14 13 5 18 17 10 17 17 10 2 10 0 15 14 11 1 5 10 9 13 0 11 19 17
1 5 15 13 18 6 10 19 6 1 16 0 6 14 17 18 12 0 19 12 16 6 18 12 0 2 1 6 7 10 8 8 4 15 10 0 15 0 14 6 10 15 1 3 8 8 6 12 17 13
7 5 4 13 17 11 4 0 19 13 13 17 10 0 15 3 9 19 0 14 3 12 0 7 1 17 11 9 8 0 13 8 0 8 19 6 1 10 6 4 13 1 14 14 19 7 0 18 6 15
6 15 18 17 2 17 13 18 15 17 17 13 11 4 10 16 15 12 14 0 16 14 4 15 5 19 17 16 8 11 3 17 0 14 13 18 2 14 13 3 3 19 18 10 7 10 13 10 10 3
2 16 13 10 19 17 16 3 18 17 11 7 18 12 10 18 17 16 3 16 0 15 1 16 0 6 7 9 18 11 4 14 10 2 16 0 9 15 9 12 17 16 12 1 12 16 2 7 9 14
8 8 8 2 16 6 18 15 3 19 7 8 10 3 14 6 6 6 12 14 15 0 18 17 2 5 10 11 3 15 19 16 11 18 5 0 7 6 17 12 11 8 14 2 19 5 17 0 3 18
8 2 10 15 2 9 16 11 7 10 16 18 16 11 19 13 0 18 0 4 1 18 0 8 4 10 18 10 18 4 13 13 6 6 8 7 12 17 18 12 18 15 5 9 4 4 0 6 3 16
14 1 2 7 16 18 16 11 12 16 4 18 19 3 2 0 11 12 7 15 16 17 8 0 0 15 14 12 12 13 18 14 18 14 6 5 0 8 13 14 12 1 1 12 9 4 1 6 2 1
18 8 0 17 15 15 11 6 19 1 5 12 8 9 8 1 15 0 1 5 0 2 4 0 0 14 10 19 16 16 15 12 19 14 1 6 10 12 16 14 19 6 13 8 0 17 15 3 18 18
11 10 8 0 0 9 12 1 3 18 9 8 14 18 14 18 18 2 17 19 6 5 10 15 14 0 5 19 7 10 2 17 16 7 5 6 15 18 11 14 18 16 6 17 10 15 7 16 9 7
6 7 16 4 18 8 2 3 3 6 4 6 7 18 6 5 14 1 11 17 7 10 18 14 10 5 0 9 10 8 16 8 4 17 1 4 12 7 15 0 13 17 13 1 8 12 4 17 15 9
1 2 2 17 10 0 19 11 5 6 19 10 19 8 6 7 13 6 9 16 9 11 10 12 19 19 9 0 4 6 11 19 16 7 16 2 7 18 10 14 13 17 7 14 15 16 15 13 0 15
14 18 3 15 19 13 15 6 1 17 18 10 5 16 19 10 5 7 8 8 18 3 18 12 16 7 10 4 0 9 18 4 4 5 7 6 17 8 1 9 5 13 15 1 3 9 7 13 2 3
5 19 5 14 4 12 3 19 2 8 1 12 4 15 11 5 18 10 0 11 11 15 4 13 16 10 8 6 9 0 9 11 2 9 13 15 18 9 18 13 17 8 8 4 10 14 16 8 11 7
13 0 17 5 4 10 17 15 9 2 10 12 1 17 5 11 17 8 13 3 4 19 13 18 15 2 16 11 18 9 0 3 12 17 14 10 4 5 12 1 12 9 12 0 16 4 10 10 18 0
19 17 3 16 11 9 5 11 17 0 12 2 16 18 3 13 10 8 8 17 14 16 13 14 12 17 8 19 4 11 3 0 10 0 16 9 6 15 18 12 13 4 8 5 8 11 6 7 1 6
1 17 17 1 12 0 11 12 7 11 18 5 15 15 7 2 17 4 0 0 10 11 6 18 19 16 4 16 4 2 12 10 0 8 13 10 15 11 19 14 17 15 18 15 0 12 14 6 1 13
3 5 17 2 9 0 17 15 3 10 5 5 8 10 0 13 17 15 8 14 2 18 6 14 14 7 17 7 5 9 17 0 8 0 9 6 17 3 3 5 5 4 16 13 14 15 17 15 5 9
3 11 14 13 8 18 8 0 10 8 10 3 7 3 4 0 10 10 19 13 16 5 8 6 1 5 1 16 7 13 14 16 13 9 0 19 3 5 18 10 19 19 14 15 5 11 14 9 17 17
13 13 14 0 16 4 10 17 1 12 18 12 18 6 16 17 2 0 6 18 0 0 7 5 6 6 4 2 6 15 10 9 10 6 19 0 2 8 5 13 4 8 10 8 6 0 11 9 11 11
15 17 17 1 3 7 19 8 0 5 3 9 11 10 18 6 10 15 1 2 9 7 12 0 10 15 12 7 17 18 4 6 15 17 3 2 0 12 4 0 18 11 8 8 18 8 0 19 16 9
0 8 5 11 19 5 13 1 15 14 15 17 8 3 12 8 0 0 10 14 15 6 17 8 12 18 7 18 8 9 5 15 11 3 5 8 12 0 2 5 9 17 2 1 18 6 7 5 8 1
16 9 2 1 15 11 13 7 2 2 8 9 14 5 15 19 15 14 6 13 9 17 18 13 16 11 15 10 1 18 12 18 19 3 18 5 4 2 0 3 13 5 15 16 19 2 1 8 16 8
14 10 13 12 11 3 13 6 12 2 1 15 9 15 17 12 14 6 4 3 12 12 12 14 14 14 0 14 9 13 1 12 14 5 10 13 0 5 3 0 18 1 19 18 1 3 7 2 8 8
12 4 17 11 14 11 11 15 8 9 2 5 12 4 16 19 11 10 13 3 17 11 18 12 19 18 13 13 5 17 12 13 17 5 19 4 18 9 13 18 0 12 6 14 6 1 16 17 2 6
5 12 18 17 19 15 5 4 16 18 1 4 2 19 19 8 1 15 1 19 16 8 15 1 6 16 17 17 13 8 9 4 15 4 19 8 11 17 5 1 12 0 9 11 9 11 6 17 11 18
12 9 9 5 2 9 3 6 7 9 2 13 4 11 14 1 5 1 14 18 12 14 5 1 13 6 13 7 15 8 12 8 18 16 14 10 8 2 15 19 6 9 0 0 0 4 7 7 7 13
18 9 4 10 12 10 5 14 2 19 0 2 1 16 15 4 10 3 14 10 1 2 9 12 8 17 1 14 1 4 0 5 15 13 15 8 8 1 16 18 14 11 0 0 4 7 19 16 9 6
5 0 18 12 14 18 8 2 8 17 17 7 10 17 14 18 9 8 19 7 12 19 4 9 0 10 8 15 3 10 16 8 0 14 5 6 18 18 19 1 6 9 0 4 0 2 1 15 5 6
17 17 10 8 3 6 8 1 7 14 12 9 0 17 15 6 13 8 7 10 16 5 4 4 17 15 12 16 9 14 4 11 12 15 11 0 8 6 2 3 1 11 4 7 2 0 19 19 8 16
8 3 15 14 11 15 3 7 19 6 16 14 18 0 14 19 0 6 0 13 2 17 0 1 15 7 4 15 7 16 10 6 14 17 14 11 0 7 1 7 16 6 7 19 1 19 0 4 3 9
13 6 15 12 17 11 10 17 2 17 8 14 3 11 0 8 11 12 18 10 7 0 6 6 3 16 17 13 13 8 10 7 6 15 9 9 19 5 8 2 17 17 7 16 15 19 4 0 1 6
17 16 15 6 6 1 14 12 3 10 14 3 18 3 3 17 19 17 6 10 9 3 3 2 18 9 15 0 2 11 18 1 1 5 17 11 16 8 16 8 2 11 7 9 5 8 3 1 0 19
10 14 11 17 6 15 13 17 1 9 15 15 14 3 12 15 17 13 15 3 14 18 16 1 18 7 9 15 3 7 0 6 13 9 17 11 9 1 8 8 6 18 13 6 6 16 9 6 19 0
