50
50
0 0 0 0 0 0 11 0 0 0 9 0 0 10 5 12 0 0 6 0 0 9 0 0 0 0 0 0 0 0 0 0 0 0 0 10 0 2 0 0 0 8 0 0 0 0 0 18 0 8
0 0 0 0 0 0 0 0 12 18 0 0 10 0 0 0 0 0 2 0 0 0 0 9 0 18 18 0 12 6 0 0 0 0 0 0 14 0 0 0 17 19 6 0 0 4 0 0 0 0
0 0 0 13 7 0 0 0 0 0 0 0 0 0 0 16 0 3 19 0 0 0 0 0 0 2 0 2 9 17 0 0 1 0 0 0 0 0 0 0 0 0 0 0 0 0 0 0 13 16
0 0 13 0 0 0 6 0 18 0 8 0 0 0 0 13 0 19 18 12 18 0 0 0 0 0 10 0 0 0 0 10 0 0 8 0 9 0 0 5 3 0 14 1 2 10 0 12 0 16
0 0 7 0 0 0 7 0 0 7 0 0 0 0 0 0 0 0 0 0 14 0 0 0 0 0 4 0 0 0 0 0 0 0 0 14 0 0 0 0 0 0 0 0 0 5 1 5 0 0
0 0 0 0 0 0 0 18 0 0 0 13 0 16 0 0 0 5 0 0 0 0 0 1 0 7 0 0 0 14 1 0 0 18 0 0 0 0 0 18 7 11 16 0 0 0 0 18 19 0
11 0 0 6 7 0 0 0 0 0 0 0 0 7 0 0 3 0 0 0 0 0 0 0 5 19 0 19 0 0 11 10 0 0 18 0 10 0 18 0 1 0 0 4 0 0 12 2 14 0
0 0 0 0 0 18 0 0 0 0 11 12 13 0 0 0 13 10 16 0 4 0 10 0 0 6 10 0 0 0 0 0 0 4 0 0 0 0 0 0 13 19 4 0 0 1 0 0 19 0
0 12 0 18 0 0 0 0 0 0 0 0 0 0 0 0 0 0 0 3 5 0 17 0 0 0 0 6 0 0 0 0 0 0 0 0 11 7 0 0 0 0 0 0 0 0 0 7 0 0
0 18 0 0 7 0 0 0 0 0 14 0 0 4 19 0 0 0 0 0 0 0 0 0 0 0 0 0 0 0 0 10 0 0 0 8 0 0 2 0 0 18 4 9 2 0 18 0 0 0
9 0 0 8 0 0 0 11 0 14 0 11 0 0 9 0 0 0 0 0 0 0 0 19 0 0 0 0 0 0 0 18 0 0 0 0 3 0 0 0 9 0 4 0 7 0 0 0 5 0
0 0 0 0 0 13 0 12 0 0 11 0 0 16 9 0 0 0 0 17 0 0 0 0 3 3 16 0 0 0 16 0 0 0 0 0 0 17 14 0 0 13 0 13 0 0 0 7 0 0
0 10 0 0 0 0 0 13 0 0 0 0 0 0 9 11 0 0 0 19 16 2 9 0 0 0 0 0 6 0 0 0 12 0 7 0 0 0 15 0 0 0 0 0 0 0 0 0 0 0
10 0 0 0 0 16 7 0 0 4 0 16 0 0 0 0 0 4 0 9 0 0 0 0 0 0 0 10 0 0 0 0 15 0 0 0 0 0 17 0 19 0 6 0 0 0 0 0 0 0
5 0 0 0 0 0 0 0 0 19 9 9 9 0 0 0 0 0 0 0 0 14 0 12 5 17 9 15 0 0 0 0 0 0 0 0 0 0 10 9 7 0 0 0 0 0 0 0 19 0
12 0 16 13 0 0 0 0 0 0 0 0 11 0 0 0 0 0 0 0 13 0 0 0 0 0 0 0 9 2 0 0 0 0 14 0 18 0 0 0 0 0 6 0 0 16 0 0 10 3
0 0 0 0 0 0 3 13 0 0 0 0 0 0 0 0 0 0 0 0 0 0 0 0 10 16 11 0 0 0 0 0 0 0 0 0 0 0 0 0 16 6 0 1 0 0 0 0 0 0
0 0 3 19 0 5 0 10 0 0 0 0 0 4 0 0 0 0 10 10 0 0 6 0 9 0 1 0 3 0 0 4 0 0 10 0 0 0 0 0 0 8 0 0 0 0 0 0 0 0
6 2 19 18 0 0 0 16 0 0 0 0 0 0 0 0 0 10 0 0 0 0 0 0 0 0 0 0 10 0 0 0 1 12 0 0 9 0 14 7 0 0 0 0 0 4 0 0 0 5
0 0 0 12 0 0 0 0 3 0 0 17 19 9 0 0 0 10 0 0 12 0 0 0 19 10 12 2 13 0 0 0 0 0 0 6 0 0 0 0 0 5 0 0 17 0 0 0 0 19
0 0 0 18 14 0 0 4 5 0 0 0 16 0 0 13 0 0 0 12 0 0 0 0 0 15 8 0 0 4 0 0 0 0 0 0 8 0 8 0 0 0 3 0 0 0 16 0 0 14
9 0 0 0 0 0 0 0 0 0 0 0 2 0 14 0 0 0 0 0 0 0 0 14 10 3 1 0 0 0 10 0 0 0 0 0 0 8 0 0 7 14 0 0 0 9 7 0 0 0
0 0 0 0 0 0 0 10 17 0 0 0 9 0 0 0 0 6 0 0 0 0 0 0 14 0 1 0 0 0 0 12 0 0 0 0 0 6 0 0 0 18 0 0 0 0 18 0 8 0
0 9 0 0 0 1 0 0 0 0 19 0 0 0 12 0 0 0 0 0 0 14 0 0 0 0 0 14 0 0 15 0 0 0 10 1 0 0 0 4 0 0 0 7 0 0 9 0 0 0
0 0 0 0 0 0 5 0 0 0 0 3 0 0 5 0 10 9 0 19 0 10 14 0 0 0 0 0 0 0 0 16 8 0 0 6 3 0 0 0 13 9 17 0 0 0 7 0 0 5
0 18 2 0 0 7 19 6 0 0 0 3 0 0 17 0 16 0 0 10 15 3 0 0 0 0 0 7 0 0 13 0 0 0 2 12 0 15 6 0 0 18 0 0 12 0 0 0 0 0
0 18 0 10 4 0 0 10 0 0 0 16 0 0 9 0 11 1 0 12 8 1 1 0 0 0 0 0 4 0 0 0 15 13 0 0 5 13 0 14 0 9 0 8 0 0 19 14 0 0
0 0 2 0 0 0 19 0 6 0 0 0 0 10 15 0 0 0 0 2 0 0 0 14 0 7 0 0 0 0 0 0 0 13 6 0 8 0 0 15 0 0 0 0 19 5 0 0 4 0
0 12 9 0 0 0 0 0 0 0 0 0 6 0 0 9 0 3 10 13 0 0 0 0 0 0 4 0 0 9 0 7 0 0 0 0 0 0 3 4 0 0 7 0 0 0 0 19 0 0
0 6 17 0 0 14 0 0 0 0 0 0 0 0 0 2 0 0 0 0 4 0 0 0 0 0 0 0 9 0 0 0 18 0 0 0 4 0 0 9 0 0 0 0 0 0 0 0 0 0
0 0 0 0 0 1 11 0 0 0 0 16 0 0 0 0 0 0 0 0 0 10 0 15 0 13 0 0 0 0 0 0 0 0 6 16 0 0 0 0 3 0 0 0 2 0 0 0 0 0
0 0 0 10 0 0 10 0 0 10 18 0 0 0 0 0 0 4 0 0 0 0 12 0 16 0 0 0 7 0 0 0 9 0 0 0 13 0 0 0 0 0 0 0 0 0 17 17 5 5
0 0 1 0 0 0 0 0 0 0 0 0 12 15 0 0 0 0 1 0 0 0 0 0 8 0 15 0 0 18 0 9 0 0 1 0 18 4 0 16 0 15 2 0 0 0 0 0 7 0
0 0 0 0 0 18 0 4 0 0 0 0 0 0 0 0 0 0 12 0 0 0 0 0 0 0 13 13 0 0 0 0 0 0 12 13 0 0 0 0 0 0 0 0 4 3 5 0 13 0
0 0 0 8 0 0 18 0 0 0 0 0 7 0 0 14 0 10 0 0 0 0 0 10 0 2 0 6 0 0 6 0 1 12 0 0 6 0 0 0 0 0 0 0 0 3 7 18 1 0
10 0 0 0 14 0 0 0 0 8 0 0 0 0 0 0 0 0 0 6 0 0 0 1 6 12 0 0 0 0 16 0 0 13 0 0 0 0 0 0 13 14 3 16 0 0 0 0 0 2
0 14 0 9 0 0 10 0 11 0 3 0 0 0 0 18 0 0 9 0 8 0 0 0 3 0 5 8 0 4 0 13 18 0 6 0 0 2 8 0 0 5 9 0 0 17 0 0 0 0
2 0 0 0 0 0 0 0 7 0 0 17 0 0 0 0 0 0 0 0 0 8 6 0 0 15 13 0 0 0 0 0 4 0 0 0 2 0 0 0 0 0 6 0 0 0 0 0 0 0
0 0 0 0 0 0 18 0 0 2 0 14 15 17 10 0 0 0 14 0 8 0 0 0 0 6 0 0 3 0 0 0 0 0 0 0 8 0 0 0 4 0 12 0 0 0 0 0 11 0
0 0 0 5 0 18 0 0 0 0 0 0 0 0 9 0 0 0 7 0 0 0 0 4 0 0 14 15 4 9 0 0 16 0 0 0 0 0 0 0 0 0 0 0 0 0 7 7 0 0
0 17 0 3 0 7 1 13 0 0 9 0 0 19 7 0 16 0 0 0 0 7 0 0 13 0 0 0 0 0 3 0 0 0 0 13 0 0 4 0 0 0 0 0 0 0 0 0 7 8
8 19 0 0 0 11 0 19 0 18 0 13 0 0 0 0 6 8 0 5 0 14 18 0 9 18 9 0 0 0 0 0 15 0 0 14 5 0 0 0 0 0 0 0 0 0 0 0 17 0
0 6 0 14 0 16 0 4 0 4 4 0 0 6 0 6 0 0 0 0 3 0 0 0 17 0 0 0 7 0 0 0 2 0 0 3 9 6 12 0 0 0 0 0 0 0 0 13 0 0
0 0 0 1 0 0 4 0 0 9 0 13 0 0 0 0 1 0 0 0 0 0 0 7 0 0 8 0 0 0 0 0 0 0 0 16 0 0 0 0 0 0 0 0 6 0 0 10 12 0
0 0 0 2 0 0 0 0 0 2 7 0 0 0 0 0 0 0 0 17 0 0 0 0 0 12 0 19 0 0 2 0 0 4 0 0 0 0 0 0 0 0 0 6 0 0 0 14 0 19
0 4 0 10 5 0 0 1 0 0 0 0 0 0 0 16 0 0 4 0 0 9 0 0 0 0 0 5 0 0 0 0 0 3 3 0 17 0 0 0 0 0 0 0 0 0 19 0 7 0
0 0 0 0 1 0 12 0 0 18 0 0 0 0 0 0 0 0 0 0 16 7 18 9 7 0 19 0 0 0 0 17 0 5 7 0 0 0 0 7 0 0 0 0 0 19 0 4 0 0
18 0 0 12 5 18 2 0 7 0 0 7 0 0 0 0 0 0 0 0 0 0 0 0 0 0 14 0 19 0 0 17 0 0 18 0 0 0 0 7 0 0 13 10 14 0 4 0 5 0
0 0 13 0 0 19 14 19 0 0 5 0 0 0 19 10 0 0 0 0 0 0 8 0 0 0 0 4 0 0 0 5 7 13 1 0 0 0 11 0 7 17 0 12 0 7 0 5 0 10
8 0 16 16 0 0 0 0 0 0 0 0 0 0 0 3 0 0 5 19 14 0 0 0 5 0 0 0 0 0 0 5 0 0 0 2 0 0 0 0 8 0 0 0 19 0 0 0 10 0
