100
75
0 0 0 0 0 17 0 0 4 0 0 0 0 0 0 0 0 15 16 6 0 3 1 0 0 0 0 13 18 8 0 0 12 6 7 0 0 0 0 0 0 0 8 3 0 0 13 0 0 18 18 0 0 0 0 0 0 0 0 19 0 0 0 0 0 16 0 3 0 0 1 0 0 0 0
0 0 0 0 0 0 0 0 2 0 0 0 0 13 0 0 7 0 0 0 13 0 0 0 15 2 12 0 9 0 0 0 12 0 0 3 0 0 0 0 0 0 0 4 0 0 0 0 0 8 0 0 8 10 0 0 1 0 6 6 0 0 10 0 0 0 11 0 0 0 0 0 0 16 0
0 0 0 0 0 0 18 0 0 0 0 0 4 13 0 0 0 9 0 0 4 13 9 0 0 0 0 5 0 0 3 0 12 11 0 0 4 0 0 17 0 8 0 18 10 5 0 15 14 0 0 0 0 0 0 0 0 15 0 0 0 0 0 0 0 0 0 10 0 0 0 16 3 0 0
0 0 0 0 14 0 0 0 0 0 0 0 0 6 0 0 19 0 0 0 0 0 0 0 19 0 8 0 0 0 0 7 2 0 0 0 0 0 0 0 0 10 0 0 4 16 0 0 0 0 8 17 0 0 0 13 0 0 0 11 0 11 0 0 0 0 0 0 0 0 0 16 0 0 2
0 0 0 14 0 0 0 0 0 0 0 0 0 4 0 0 0 0 3 0 0 0 0 0 0 0 0 11 3 7 0 0 14 0 19 0 0 0 0 0 0 0 3 0 0 0 10 0 0 0 5 1 0 0 0 0 0 8 0 0 2 3 0 0 3 0 0 15 0 0 0 14 0 0 19
17 0 0 0 0 0 0 9 0 0 0 9 0 0 0 0 0 0 0 0 9 11 0 0 10 0 0 0 0 0 0 0 2 15 0 18 0 0 0 0 0 0 0 17 0 12 0 0 11 0 6 3 0 3 1 0 2 16 9 0 0 0 7 0 17 0 18 0 0 8 0 0 0 11 0
0 0 18 0 0 0 0 6 0 0 0 0 7 0 0 0 0 2 0 0 12 10 0 0 0 0 11 4 0 0 0 0 0 3 10 0 0 0 0 16 15 18 0 0 0 6 0 0 0 14 0 13 6 0 0 0 18 17 0 0 0 15 0 0 0 17 0 0 0 0 0 0 0 0 0
0 0 0 0 0 9 6 0 0 0 0 0 0 16 0 18 0 0 0 0 0 15 0 0 0 0 0 13 0 0 0 0 0 0 19 0 0 0 15 0 8 0 0 0 0 0 0 0 2 3 0 0 0 0 3 6 0 0 1 16 0 0 0 0 15 2 0 0 3 0 0 0 0 0 11
4 2 0 0 0 0 0 0 0 0 0 0 0 0 11 0 0 0 0 0 0 6 12 0 0 6 0 0 0 8 0 0 0 0 0 0 0 0 0 6 0 0 0 18 0 0 0 0 0 13 0 0 0 16 0 0 7 0 13 1 0 0 0 0 0 11 0 0 0 0 0 0 0 14 0
0 0 0 0 0 0 0 0 0 0 0 14 0 0 0 0 13 6 0 0 1 0 6 0 9 11 0 0 2 0 0 0 17 0 0 11 0 0 0 0 0 0 0 0 0 0 0 0 0 0 0 0 0 0 0 0 0 0 9 0 0 0 0 5 0 0 0 15 12 0 1 0 0 0 0
0 0 0 0 0 0 0 0 0 0 0 0 0 0 4 0 0 0 0 0 5 0 0 0 0 0 12 0 2 0 0 0 5 0 0 0 0 0 8 0 0 10 19 0 0 0 10 3 0 18 0 0 0 0 7 0 0 0 0 0 0 0 18 0 0 0 0 0 6 0 0 0 0 0 0
0 0 0 0 0 9 0 0 0 14 0 0 0 0 0 0 0 0 0 0 10 0 0 8 0 0 0 0 0 0 6 12 6 0 5 0 10 18 0 16 0 0 16 0 14 6 0 0 19 0 2 0 0 11 4 0 0 0 0 0 0 0 6 0 1 0 0 17 0 0 16 18 0 0 7
0 0 4 0 0 0 7 0 0 0 0 0 0 0 0 0 2 0 0 0 0 0 0 15 0 0 16 0 0 0 7 19 0 0 0 0 0 0 0 0 0 0 0 2 0 0 0 1 0 2 0 0 0 0 0 0 0 0 12 16 0 0 0 0 0 0 0 0 0 0 18 19 0 3 0
0 13 13 6 4 0 0 16 0 0 0 0 0 0 17 0 0 16 0 0 7 0 0 14 0 0 0 0 0 0 0 0 0 0 0 0 0 0 3 0 0 0 0 0 0 0 0 0 0 0 0 2 0 0 19 0 0 10 0 0 16 0 0 0 5 0 0 0 12 0 0 9 0 0 0
0 0 0 0 0 0 0 0 11 0 4 0 0 17 0 0 6 0 0 0 0 1 2 8 0 0 18 0 0 12 0 3 0 0 1 0 0 0 4 0 15 0 0 0 0 0 0 8 6 0 0 13 0 12 0 0 0 0 0 0 0 0 0 0 0 6 0 0 0 0 0 12 0 0 0
0 0 0 0 0 0 0 18 0 0 0 0 0 0 0 0 0 0 0 0 3 7 1 0 6 0 0 3 8 7 0 0 10 0 0 0 11 0 0 0 0 0 0 10 0 0 0 9 11 0 12 8 0 0 0 15 0 9 0 18 0 2 0 0 0 0 0 4 0 0 0 0 7 0 11
0 7 0 19 0 0 0 0 0 13 0 0 2 0 6 0 0 0 0 9 0 0 0 0 0 16 0 6 0 15 0 17 9 2 0 0 14 0 0 0 0 0 0 6 0 0 0 1 3 0 0 8 2 0 18 6 0 0 0 0 0 0 1 0 0 0 0 0 0 0 0 2 8 0 0
15 0 9 0 0 0 2 0 0 6 0 0 0 16 0 0 0 0 0 0 0 0 0 0 0 15 0 0 4 0 0 16 0 0 10 15 0 0 0 0 8 17 1 0 0 17 0 0 0 0 0 0 5 0 0 0 0 0 0 0 0 0 17 0 0 8 0 0 0 7 0 0 0 0 0
16 0 0 0 3 0 0 0 0 0 0 0 0 0 0 0 0 0 0 0 0 0 0 0 0 0 0 0 0 0 0 0 0 0 0 0 0 0 0 0 0 0 0 2 17 7 0 0 0 19 0 0 19 11 0 0 0 0 4 14 6 0 6 16 0 0 6 14 5 11 0 0 0 0 0
6 0 0 0 0 0 0 0 0 0 0 0 0 0 0 0 9 0 0 0 19 0 0 0 12 0 0 0 13 0 0 0 0 0 0 6 0 0 16 0 7 0 0 0 0 3 0 6 0 0 0 0 0 0 0 0 0 0 0 0 0 0 0 0 0 0 9 2 0 0 16 0 0 0 7
0 13 4 0 0 9 12 0 0 1 5 10 0 7 0 3 0 0 0 19 0 1 1 16 0 0 0 0 0 9 0 0 1 0 0 14 0 0 0 0 0 16 0 0 0 19 4 0 0 0 9 0 0 0 0 0 3 15 0 0 0 2 0 2 0 0 0 0 16 0 0 0 0 0 6
3 0 13 0 0 11 10 15 6 0 0 0 0 0 1 7 0 0 0 0 1 0 18 0 0 0 12 17 0 0 0 0 0 4 0 15 0 0 0 4 0 18 3 0 0 17 0 0 0 0 0 0 17 0 0 17 19 0 19 0 17 18 5 0 0 0 0 0 14 18 5 3 0 0 0
1 0 9 0 0 0 0 0 12 6 0 0 0 0 2 1 0 0 0 0 1 18 0 0 0 0 0 16 0 4 0 19 15 0 0 0 0 0 11 14 0 2 0 0 0 4 14 1 0 0 0 0 0 0 0 0 0 0 0 1 0 0 0 12 0 0 0 11 0 0 0 0 0 0 11
0 0 0 0 0 0 0 0 0 0 0 8 15 14 8 0 0 0 0 0 16 0 0 0 0 16 0 0 0 0 6 0 0 0 0 0 7 0 0 0 0 0 13 0 12 0 12 19 0 14 0 0 5 0 5 0 0 0 0 10 0 0 0 12 0 0 0 0 0 0 0 19 0 0 0
0 15 0 19 0 10 0 0 0 9 0 0 0 0 0 6 0 0 0 12 0 0 0 0 0 0 0 13 0 14 10 0 0 0 10 0 0 4 0 0 0 0 7 0 1 0 0 0 0 2 14 0 0 0 0 10 0 0 0 0 0 0 0 0 16 18 0 17 0 7 0 0 0 0 8
0 2 0 0 0 0 0 0 6 11 0 0 0 0 0 0 16 15 0 0 0 0 0 16 0 0 13 0 0 0 0 0 9 0 7 0 0 5 0 0 0 19 0 0 0 3 0 1 0 0 0 0 0 0 0 0 16 0 0 0 0 5 0 0 0 0 0 0 0 4 0 1 0 0 1
0 12 0 8 0 0 11 0 0 0 12 0 16 0 18 0 0 0 0 0 0 12 0 0 0 13 0 0 0 17 11 0 0 0 4 0 0 18 8 3 15 0 7 5 0 0 0 0 0 0 0 14 0 18 0 0 10 8 0 0 0 0 0 2 0 0 7 0 0 0 0 0 0 0 0
13 0 5 0 11 0 4 13 0 0 0 0 0 0 0 3 6 0 0 0 0 17 16 0 13 0 0 0 11 0 0 0 0 2 19 0 0 0 0 0 11 0 0 0 13 0 5 0 0 4 0 9 0 0 0 0 0 0 0 4 0 0 0 8 7 0 0 6 0 15 15 0 0 0 0
18 9 0 0 3 0 0 0 0 2 2 0 0 0 0 8 0 4 0 13 0 0 0 0 0 0 0 11 0 0 0 4 0 0 8 0 0 0 1 1 0 0 0 0 0 0 0 7 0 1 0 0 0 0 0 0 0 8 13 0 0 0 11 0 0 17 15 0 0 2 0 11 0 0 0
8 0 0 0 7 0 0 0 8 0 0 0 0 0 12 7 15 0 0 0 9 0 4 0 14 0 17 0 0 0 0 0 0 15 4 0 8 3 0 4 0 15 0 4 0 19 5 0 0 0 16 0 0 4 0 19 13 8 6 0 0 10 0 13 0 4 0 2 0 13 0 0 0 0 19
0 0 3 0 0 0 0 0 0 0 0 6 7 0 0 0 0 0 0 0 0 0 0 6 10 0 11 0 0 0 0 0 0 0 0 0 0 0 0 14 0 0 0 0 0 0 10 0 0 9 0 0 0 0 0 0 0 0 0 0 3 0 2 0 4 0 0 0 12 0 0 0 1 0 0
0 0 0 7 0 0 0 0 0 0 0 12 19 0 3 0 17 16 0 0 0 0 19 0 0 0 0 0 4 0 0 0 0 0 0 0 0 0 0 0 0 0 7 18 0 18 0 0 1 0 2 0 4 0 0 0 0 0 0 0 0 0 0 11 0 0 0 13 0 0 0 0 0 0 0
12 12 12 2 14 2 0 0 0 17 5 6 0 0 0 10 9 0 0 0 1 0 15 0 0 9 0 0 0 0 0 0 0 0 7 0 6 0 0 0 10 0 0 0 0 0 0 6 0 0 0 0 0 0 0 0 0 0 0 0 0 0 0 0 0 0 1 0 0 0 11 9 0 0 15
6 0 11 0 0 15 3 0 0 0 0 0 0 0 0 0 2 0 0 0 0 4 0 0 0 0 0 2 0 15 0 0 0 0 0 0 0 0 0 0 3 19 0 0 1 0 0 0 0 7 5 1 0 0 0 13 0 0 14 10 4 0 5 0 0 16 12 0 8 0 0 0 0 0 0
7 0 0 0 19 0 10 19 0 0 0 5 0 0 1 0 0 10 0 0 0 0 0 0 10 7 4 19 8 4 0 0 7 0 0 0 17 0 0 0 0 0 17 0 0 17 0 0 18 0 17 0 0 1 0 11 14 0 0 19 0 0 11 0 0 0 0 0 0 0 0 15 0 0 17
0 3 0 0 0 18 0 0 0 11 0 0 0 0 0 0 0 15 0 6 14 15 0 0 0 0 0 0 0 0 0 0 0 0 0 0 0 0 0 0 0 0 0 11 0 0 8 15 0 0 0 15 0 10 0 0 0 16 0 7 0 0 6 0 7 0 7 0 0 0 12 3 0 3 0
0 0 4 0 0 0 0 0 0 0 0 10 0 0 0 11 14 0 0 0 0 0 0 7 0 0 0 0 0 8 0 0 6 0 17 0 0 0 0 6 0 0 19 0 0 4 0 0 0 0 0 0 0 0 0 0 0 0 0 13 5 0 0 0 0 18 3 9 0 0 11 0 19 0 0
0 0 0 0 0 0 0 0 0 0 0 18 0 0 0 0 0 0 0 0 0 0 0 0 4 5 18 0 0 3 0 0 0 0 0 0 0 0 0 0 0 0 0 3 0 0 0 0 0 0 0 12 0 0 0 0 0 0 0 0 0 2 0 0 3 0 15 0 0 0 12 0 0 0 0
0 0 0 0 0 0 0 15 0 0 8 0 0 3 4 0 0 0 0 16 0 0 11 0 0 0 8 0 1 0 0 0 0 0 0 0 0 0 0 0 1 0 0 0 15 15 4 17 11 0 0 17 0 4 0 0 0 16 0 0 3 0 0 0 0 0 0 0 0 0 0 0 17 0 0
0 0 17 0 0 0 16 0 6 0 0 16 0 0 0 0 0 0 0 0 0 4 14 0 0 0 3 0 1 4 14 0 0 0 0 0 6 0 0 0 8 0 13 12 12 17 0 0 12 0 18 1 0 2 0 8 0 2 0 17 17 0 0 10 0 1 0 1 0 0 0 0 18 0 0
0 0 0 0 0 0 15 8 0 0 0 0 0 0 15 0 0 8 0 7 0 0 0 0 0 0 15 11 0 0 0 0 10 3 0 0 0 0 1 8 0 0 0 0 0 0 0 0 8 2 0 0 0 0 0 17 0 0 0 0 9 2 0 18 0 19 0 0 0 0 0 11 0 0 0
0 0 8 10 0 0 18 0 0 0 10 0 0 0 0 0 0 17 0 0 16 18 2 0 0 19 0 0 0 15 0 0 0 19 0 0 0 0 0 0 0 0 0 2 0 6 0 6 0 0 0 0 0 0 0 0 0 0 9 0 0 12 1 5 15 0 11 0 0 18 0 19 0 0 11
8 0 0 0 3 0 0 0 0 0 19 16 0 0 0 0 0 1 0 0 0 3 0 13 7 0 7 0 0 0 0 7 0 0 17 0 19 0 0 13 0 0 0 0 0 0 0 0 17 0 0 0 9 0 10 0 1 0 16 14 0 16 0 0 0 4 0 0 0 0 0 9 2 1 0
3 4 18 0 0 17 0 0 18 0 0 0 2 0 0 10 6 0 2 0 0 0 0 0 0 0 5 0 0 4 0 18 0 0 0 11 0 3 0 12 0 2 0 0 0 0 0 16 0 6 8 0 0 0 0 0 0 0 0 0 0 0 0 0 0 0 0 0 0 0 0 0 0 0 0
0 0 10 4 0 0 0 0 0 0 0 14 0 0 0 0 0 0 17 0 0 0 0 12 1 0 0 13 0 0 0 0 0 1 0 0 0 0 15 12 0 0 0 0 0 0 0 0 0 4 0 0 0 4 0 0 0 0 0 0 11 0 15 0 0 8 0 0 0 0 5 0 0 11 0
0 0 5 16 0 12 6 0 0 0 0 6 0 0 0 0 0 17 7 3 19 17 4 0 0 3 0 0 0 19 0 18 0 0 17 0 4 0 15 17 0 6 0 0 0 0 0 8 0 3 3 19 5 0 0 0 0 0 0 17 0 0 11 3 0 0 0 0 0 0 0 4 17 0 0
13 0 0 0 10 0 0 0 0 0 10 0 0 0 0 0 0 0 0 0 4 0 14 12 0 0 0 5 0 5 10 0 0 0 0 8 0 0 4 0 0 0 0 0 0 0 0 5 0 0 0 0 0 19 0 0 0 18 0 0 5 0 0 4 0 0 0 9 0 0 18 15 0 0 0
0 0 15 0 0 0 0 0 0 0 3 0 1 0 8 9 1 0 0 6 0 0 1 19 0 1 0 0 7 0 0 0 6 0 0 15 0 0 17 0 0 6 0 16 0 8 5 0 0 0 6 0 0 0 0 17 1 19 3 0 0 0 17 0 0 0 0 0 0 0 4 8 0 0 0
0 0 14 0 0 11 0 2 0 0 0 19 0 0 6 11 3 0 0 0 0 0 0 0 0 0 0 0 0 0 0 1 0 0 18 0 0 0 11 12 8 0 17 0 0 0 0 0 0 0 0 0 0 7 0 0 0 9 14 14 0 0 0 0 3 0 0 0 0 0 0 0 0 0 0
18 8 0 0 0 0 14 3 13 0 18 0 2 0 0 0 0 0 19 0 0 0 0 14 2 0 0 4 1 0 9 0 0 7 0 0 0 0 0 0 2 0 0 6 4 3 0 0 0 0 16 0 10 16 16 0 0 0 17 0 0 0 0 0 17 8 0 0 0 0 0 18 0 0 12
18 0 0 8 5 6 0 0 0 0 0 2 0 0 0 12 0 0 0 0 9 0 0 0 14 0 0 0 0 16 0 2 0 5 17 0 0 0 0 18 0 0 0 8 0 3 0 6 0 16 0 0 0 0 0 9 15 0 0 14 0 15 17 0 1 10 0 0 11 0 0 2 0 0 0
0 0 0 17 1 3 13 0 0 0 0 0 0 2 13 8 8 0 0 0 0 0 0 0 0 0 14 9 0 0 0 0 0 1 0 15 0 12 17 1 0 0 0 0 0 19 0 0 0 0 0 0 0 0 7 0 0 0 0 9 0 4 14 0 0 0 0 18 3 0 0 0 0 0 0
0 8 0 0 0 0 6 0 0 0 0 0 0 0 0 0 2 5 19 0 0 17 0 5 0 0 0 0 0 0 0 4 0 0 0 0 0 0 0 0 0 0 9 0 0 5 0 0 0 10 0 0 0 0 0 5 18 0 18 0 0 17 0 6 0 0 0 0 16 0 17 0 0 0 0
0 10 0 0 0 3 0 0 16 0 0 11 0 0 12 0 0 0 11 0 0 0 0 0 0 0 18 0 0 4 0 0 0 0 1 10 0 0 4 2 0 0 0 0 4 0 19 0 7 16 0 0 0 0 0 0 0 0 0 11 0 0 12 0 0 0 0 14 12 12 5 0 0 14 0
0 0 0 0 0 1 0 3 0 0 7 4 0 19 0 0 18 0 0 0 0 0 0 5 0 0 0 0 0 0 0 0 0 0 0 0 0 0 0 0 0 0 10 0 0 0 0 0 0 16 0 7 0 0 0 12 19 0 0 0 0 0 16 0 0 0 0 0 5 0 0 0 0 18 0
0 0 0 13 0 0 0 6 0 0 0 0 0 0 0 15 6 0 0 0 0 17 0 0 10 0 0 0 0 19 0 0 0 13 11 0 0 0 0 8 17 0 0 0 0 0 0 17 0 0 9 0 5 0 12 0 0 13 0 0 11 0 14 0 0 0 4 0 15 0 0 0 0 0 0
0 1 0 0 0 2 18 0 7 0 0 0 0 0 0 0 0 0 0 0 3 19 0 0 0 16 10 0 0 13 0 0 0 0 14 0 0 0 0 0 0 0 1 0 0 0 0 1 0 0 15 0 18 0 19 0 0 16 0 0 8 0 0 0 2 0 0 10 0 15 0 0 0 0 0
0 0 15 0 8 16 17 0 0 0 0 0 0 10 0 9 0 0 0 0 15 0 0 0 0 0 8 0 8 8 0 0 0 0 0 16 0 0 16 2 0 0 0 0 0 0 18 19 9 0 0 0 0 0 0 13 16 0 3 0 0 3 0 0 0 0 8 4 0 0 0 0 0 0 0
0 6 0 0 0 9 0 1 13 9 0 0 12 0 0 0 0 0 4 0 0 19 0 0 0 0 0 0 13 6 0 0 0 14 0 0 0 0 0 0 0 9 16 0 0 0 0 3 14 17 0 0 18 0 0 0 0 3 0 19 0 0 0 0 0 2 15 14 10 0 0 0 11 0 0
19 6 0 11 0 0 0 16 1 0 0 0 16 0 0 18 0 0 14 0 0 0 1 10 0 0 0 4 0 0 0 0 0 10 19 7 13 0 0 17 0 0 14 0 0 17 0 0 14 0 14 9 0 11 0 0 0 0 19 0 0 10 19 0 0 0 0 0 0 17 11 9 0 0 0
0 0 0 0 2 0 0 0 0 0 0 0 0 16 0 0 0 0 6 0 0 17 0 0 0 0 0 0 0 0 3 0 0 4 0 0 5 0 3 17 9 0 0 0 11 0 5 0 0 0 0 0 0 0 0 11 8 0 0 0 0 0 0 2 0 0 10 14 0 0 0 0 10 17 5
0 0 0 11 3 0 15 0 0 0 0 0 0 0 0 2 0 0 0 0 2 18 0 0 0 5 0 0 0 10 0 0 0 0 0 0 0 2 0 0 2 12 16 0 0 0 0 0 0 0 15 4 17 0 0 0 0 3 0 10 0 0 0 0 0 0 0 0 0 0 0 0 0 0 0
0 10 0 0 0 7 0 0 0 0 18 6 0 0 0 0 1 17 6 0 0 5 0 0 0 0 0 0 11 0 2 0 0 5 11 6 0 0 0 0 0 1 0 0 15 11 0 17 0 0 17 14 0 12 16 14 0 0 0 19 0 0 0 0 14 0 0 14 0 9 0 0 14 0 0
0 0 0 0 0 0 0 0 0 5 0 0 0 0 0 0 0 0 16 0 2 0 12 12 0 0 2 8 0 13 0 11 0 0 0 0 0 0 0 10 18 5 0 0 0 3 4 0 0 0 0 0 6 0 0 0 0 0 0 0 2 0 0 0 9 0 0 7 0 0 0 0 15 0 0
0 0 0 0 3 17 0 15 0 0 0 1 0 5 0 0 0 0 0 0 0 0 0 0 16 0 0 7 0 0 4 0 0 0 0 7 0 3 0 0 0 15 0 0 0 0 0 0 3 17 1 0 0 0 0 0 2 0 0 0 0 0 14 9 0 0 0 3 1 0 0 2 0 0 0
16 0 0 0 0 0 17 2 11 0 0 0 0 0 6 0 0 8 0 0 0 0 0 0 18 0 0 0 17 4 0 0 0 16 0 0 18 0 0 1 19 0 4 0 8 0 0 0 0 8 10 0 0 0 0 0 0 0 2 0 0 0 0 0 0 0 0 0 9 0 0 0 0 0 15
0 11 0 0 0 18 0 0 0 0 0 0 0 0 0 0 0 0 6 9 0 0 0 0 0 0 7 0 15 0 0 0 1 12 0 7 3 15 0 0 0 11 0 0 0 0 0 0 0 0 0 0 0 0 0 4 0 8 15 0 10 0 0 0 0 0 0 0 0 0 0 0 13 0 0
3 0 10 0 15 0 0 0 0 15 0 17 0 0 0 4 0 0 14 2 0 0 11 0 17 0 0 6 0 2 0 13 0 0 0 0 9 0 0 1 0 0 0 0 0 0 9 0 0 0 0 18 0 14 0 0 10 4 14 0 14 0 14 7 3 0 0 0 11 5 0 0 0 0 0
0 0 0 0 0 0 0 3 0 12 6 0 0 12 0 0 0 0 5 0 16 14 0 0 0 0 0 0 0 0 12 0 0 8 0 0 0 0 0 0 0 0 0 0 0 0 0 0 0 0 11 3 16 12 5 15 0 0 10 0 0 0 0 0 1 9 0 11 0 18 3 0 0 0 7
0 0 0 0 0 8 0 0 0 0 0 0 0 0 0 0 0 7 11 0 0 18 0 0 7 4 0 15 2 13 0 0 0 0 0 0 0 0 0 0 0 18 0 0 0 0 0 0 0 0 0 0 0 12 0 0 15 0 0 17 0 0 9 0 0 0 0 5 18 0 0 1 10 0 16
1 0 0 0 0 0 0 0 0 1 0 16 18 0 0 0 0 0 0 16 0 5 0 0 0 0 0 15 0 0 0 0 11 0 0 12 11 12 0 0 0 0 0 0 5 0 18 4 0 0 0 0 17 5 0 0 0 0 0 11 0 0 0 0 0 0 0 0 3 0 0 0 0 0 14
0 0 16 16 14 0 0 0 0 0 0 18 19 9 12 0 2 0 0 0 0 3 0 19 0 1 0 0 11 0 0 0 9 0 15 3 0 0 0 0 11 19 9 0 0 4 15 8 0 18 2 0 0 0 0 0 0 0 0 9 0 0 0 0 2 0 0 0 0 1 0 0 0 19 0
0 0 3 0 0 0 0 0 0 0 0 0 0 0 0 7 8 0 0 0 0 0 0 0 0 0 0 0 0 0 1 0 0 0 0 0 19 0 17 18 0 0 2 0 0 17 0 0 0 0 0 0 0 0 0 0 0 0 11 0 10 0 14 15 0 0 13 0 0 10 0 0 0 0 17
0 16 0 0 0 11 0 0 14 0 0 0 3 0 0 0 0 0 0 0 0 0 0 0 0 0 0 0 0 0 0 0 0 0 0 3 0 0 0 0 0 0 1 0 11 0 0 0 0 0 0 0 0 14 18 0 0 0 0 0 17 0 0 0 0 0 0 0 0 0 0 19 0 0 0
0 0 0 2 19 0 0 11 0 0 0 7 0 0 0 11 0 0 0 7 6 0 11 0 8 1 0 0 0 19 0 0 15 0 17 0 0 0 0 0 0 11 0 0 0 0 0 0 0 12 0 0 0 0 0 0 0 0 0 0 5 0 0 0 0 15 0 0 7 16 14 0 17 0 0
