75
50
0 0 17 0 19 13 0 5 0 0 0 0 0 16 18 0 0 0 0 0 8 0 0 0 0 0 0 11 12 0 0 0 0 0 0 11 4 0 14 0 15 0 0 0 0 19 11 0 0 19
0 0 0 4 16 0 0 0 0 0 0 0 0 4 0 0 13 0 0 0 7 10 0 0 0 18 0 0 0 0 0 13 15 18 0 10 0 0 0 4 0 0 0 0 0 0 0 0 0 0
17 0 0 16 9 0 0 0 5 5 12 12 0 0 7 0 0 0 0 6 0 7 0 1 0 0 18 3 0 0 0 2 10 0 0 0 0 15 0 0 13 0 0 3 19 0 0 0 12 0
0 4 16 0 0 0 0 0 0 0 0 6 0 19 0 0 0 10 8 0 0 11 0 0 0 0 0 0 0 6 0 0 0 0 7 0 14 2 0 13 0 9 0 0 0 19 0 0 3 0
19 16 9 0 0 0 0 3 1 0 0 0 0 0 0 0 0 0 0 0 14 7 0 0 0 9 19 0 0 0 0 0 8 0 0 1 6 0 0 16 9 9 0 11 0 0 0 0 0 0
13 0 0 0 0 0 0 7 0 0 3 0 0 0 10 0 5 0 3 0 2 6 1 0 0 0 0 18 0 0 0 0 19 0 1 1 0 0 0 0 0 0 12 0 5 18 0 0 0 0
0 0 0 0 0 0 0 4 16 0 0 0 0 7 12 0 0 0 0 12 0 0 0 0 0 0 0 0 0 0 5 0 0 0 0 0 0 0 0 0 19 0 0 3 2 0 10 0 0 0
5 0 0 0 3 7 4 0 10 0 0 0 0 3 19 0 0 7 15 0 0 0 0 0 17 0 5 0 0 0 0 0 3 0 0 0 0 1 0 0 0 0 0 0 0 0 0 0 0 0
0 0 5 0 1 0 16 10 0 0 0 0 0 0 0 0 0 0 0 0 0 0 0 0 0 0 0 0 0 0 0 15 0 19 0 11 0 0 0 5 0 0 9 0 15 11 3 0 0 0
0 0 5 0 0 0 0 0 0 0 0 0 0 0 18 0 6 5 11 10 0 0 0 0 0 0 5 0 0 0 2 0 0 6 0 0 8 17 8 17 8 0 19 0 0 0 3 11 0 0
0 0 12 0 0 3 0 0 0 0 0 7 0 0 0 19 0 0 0 14 0 4 0 0 0 0 0 17 3 0 2 0 0 0 0 0 0 13 0 0 0 1 0 0 0 16 19 10 0 0
0 0 12 6 0 0 0 0 0 0 7 0 0 0 0 0 8 1 0 15 0 0 0 12 0 0 17 12 19 18 15 0 5 0 0 0 0 7 0 0 0 0 0 4 0 0 0 10 0 0
0 0 0 0 0 0 0 0 0 0 0 0 0 10 0 0 0 0 0 0 0 0 0 0 0 0 0 0 0 0 0 0 0 0 0 0 8 0 0 0 0 0 0 0 0 9 0 0 0 0
16 4 0 19 0 0 7 3 0 0 0 0 10 0 0 0 0 0 13 0 0 13 0 0 0 9 1 0 0 0 0 18 0 0 12 0 0 0 0 11 0 0 0 0 0 0 8 0 0 0
18 0 7 0 0 10 12 19 0 18 0 0 0 0 0 13 0 0 0 9 0 0 0 0 0 0 0 0 12 7 0 0 2 14 0 0 9 0 0 0 17 9 0 0 0 0 1 0 9 0
0 0 0 0 0 0 0 0 0 0 19 0 0 0 13 0 17 0 0 0 10 0 0 0 7 0 0 0 1 0 0 19 0 0 15 0 0 0 8 0 19 2 0 14 0 0 5 0 19 0
0 13 0 0 0 5 0 0 0 6 0 8 0 0 0 17 0 0 13 0 10 4 0 7 0 6 1 19 0 0 0 0 4 0 0 0 0 9 0 2 0 0 0 0 0 13 0 0 0 0
0 0 0 10 0 0 0 7 0 5 0 1 0 0 0 0 0 0 0 0 3 0 0 0 7 0 0 0 0 0 0 0 0 1 0 0 0 0 17 0 8 9 7 0 4 8 0 0 0 14
0 0 0 8 0 3 0 15 0 11 0 0 0 13 0 0 13 0 0 0 18 16 0 0 17 12 0 0 0 0 0 0 19 6 0 6 0 5 0 0 8 0 15 14 0 16 0 0 0 2
0 0 6 0 0 0 12 0 0 10 14 15 0 0 9 0 0 0 0 0 19 0 12 0 0 0 0 0 0 5 17 0 0 0 0 10 0 0 0 0 0 3 0 0 0 0 0 0 13 0
8 7 0 0 14 2 0 0 0 0 0 0 0 0 0 10 10 3 18 19 0 0 0 0 0 0 0 0 0 0 0 0 0 0 0 0 3 0 0 0 6 0 0 7 0 0 0 0 0 7
0 10 7 11 7 6 0 0 0 0 4 0 0 13 0 0 4 0 16 0 0 0 14 0 9 0 0 0 8 0 14 0 0 0 0 0 0 0 0 0 3 0 0 0 15 0 0 0 0 0
0 0 0 0 0 1 0 0 0 0 0 0 0 0 0 0 0 0 0 12 0 14 0 0 3 0 0 0 0 0 0 0 0 7 8 2 0 8 18 4 0 9 4 0 0 0 9 7 13 0
0 0 1 0 0 0 0 0 0 0 0 12 0 0 0 0 7 0 0 0 0 0 0 0 0 0 0 0 0 6 0 0 11 16 0 0 0 0 9 0 0 0 5 0 0 0 0 0 0 0
0 0 0 0 0 0 0 17 0 0 0 0 0 0 0 7 0 7 17 0 0 9 3 0 0 0 0 1 0 0 0 0 0 0 0 0 11 0 0 0 0 0 0 0 7 0 8 0 0 17
0 18 0 0 9 0 0 0 0 0 0 0 0 9 0 0 6 0 12 0 0 0 0 0 0 0 0 0 0 16 0 3 0 0 0 0 0 0 7 0 0 11 0 18 0 11 3 0 0 18
0 0 18 0 19 0 0 5 0 5 0 17 0 1 0 0 1 0 0 0 0 0 0 0 0 0 0 0 0 12 0 0 0 18 0 10 0 0 11 11 0 0 0 0 0 11 0 10 7 0
11 0 3 0 0 18 0 0 0 0 17 12 0 0 0 0 19 0 0 0 0 0 0 0 1 0 0 0 0 0 0 0 0 7 0 0 0 2 19 0 14 0 0 0 0 0 0 0 5 0
12 0 0 0 0 0 0 0 0 0 3 19 0 0 12 1 0 0 0 0 0 8 0 0 0 0 0 0 0 0 0 0 0 0 18 0 0 4 0 0 0 0 0 0 0 0 7 0 0 0
0 0 0 6 0 0 0 0 0 0 0 18 0 0 7 0 0 0 0 5 0 0 0 6 0 16 12 0 0 0 0 0 0 2 0 0 0 0 0 0 0 12 0 0 0 17 3 14 0 0
0 0 0 0 0 0 5 0 0 2 2 15 0 0 0 0 0 0 0 17 0 14 0 0 0 0 0 0 0 0 0 0 11 0 0 0 0 0 6 0 0 0 19 0 0 0 0 13 18 0
0 13 2 0 0 0 0 0 15 0 0 0 0 18 0 19 0 0 0 0 0 0 0 0 0 3 0 0 0 0 0 0 0 0 0 19 0 0 6 0 0 0 0 19 0 0 0 0 0 19
0 15 10 0 8 19 0 3 0 0 0 5 0 0 2 0 4 0 19 0 0 0 0 11 0 0 0 0 0 0 11 0 0 0 0 13 0 0 11 7 16 19 0 17 0 0 0 2 0 5
0 18 0 0 0 0 0 0 19 6 0 0 0 0 14 0 0 1 6 0 0 0 7 16 0 0 18 7 0 2 0 0 0 0 0 0 0 9 0 11 0 3 0 0 0 0 17 0 12 0
0 0 0 7 0 1 0 0 0 0 0 0 0 12 0 15 0 0 0 0 0 0 8 0 0 0 0 0 18 0 0 0 0 0 0 0 7 19 0 0 0 0 0 3 0 10 0 16 0 0
11 10 0 0 1 1 0 0 11 0 0 0 0 0 0 0 0 0 6 10 0 0 2 0 0 0 10 0 0 0 0 19 13 0 0 0 0 0 0 8 18 0 16 3 0 0 0 0 17 0
4 0 0 14 6 0 0 0 0 8 0 0 8 0 9 0 0 0 0 0 3 0 0 0 11 0 0 0 0 0 0 0 0 0 7 0 0 0 0 0 0 0 0 0 0 0 0 0 4 9
0 0 15 2 0 0 0 1 0 17 13 7 0 0 0 0 9 0 5 0 0 0 8 0 0 0 0 2 4 0 0 0 0 9 19 0 0 0 0 2 17 0 0 0 4 3 0 0 0 0
14 0 0 0 0 0 0 0 0 8 0 0 0 0 0 8 0 17 0 0 0 0 18 9 0 7 11 19 0 0 6 6 11 0 0 0 0 0 0 0 0 0 0 0 0 0 0 0 0 2
0 4 0 13 16 0 0 0 5 17 0 0 0 11 0 0 2 0 0 0 0 0 4 0 0 0 11 0 0 0 0 0 7 11 0 8 0 2 0 0 9 0 19 0 7 0 0 18 0 11
15 0 13 0 9 0 19 0 0 8 0 0 0 0 17 19 0 8 8 0 6 3 0 0 0 0 0 14 0 0 0 0 16 0 0 18 0 17 0 9 0 0 0 0 13 0 5 0 2 0
0 0 0 9 9 0 0 0 0 0 1 0 0 0 9 2 0 9 0 3 0 0 9 0 0 11 0 0 0 12 0 0 19 3 0 0 0 0 0 0 0 0 4 0 0 0 0 0 5 0
0 0 0 0 0 12 0 0 9 19 0 0 0 0 0 0 0 7 15 0 0 0 4 5 0 0 0 0 0 0 19 0 0 0 0 16 0 0 0 19 0 4 0 0 0 0 0 0 0 12
0 0 3 0 11 0 3 0 0 0 0 4 0 0 0 14 0 0 14 0 7 0 0 0 0 18 0 0 0 0 0 19 17 0 3 3 0 0 0 0 0 0 0 0 0 9 0 0 9 0
0 0 19 0 0 5 2 0 15 0 0 0 0 0 0 0 0 4 0 0 0 15 0 0 7 0 0 0 0 0 0 0 0 0 0 0 0 4 0 7 13 0 0 0 0 3 15 5 0 0
19 0 0 19 0 18 0 0 11 0 16 0 9 0 0 0 13 8 16 0 0 0 0 0 0 11 11 0 0 17 0 0 0 0 10 0 0 3 0 0 0 0 0 9 3 0 0 8 15 0
11 0 0 0 0 0 10 0 3 3 19 0 0 8 1 5 0 0 0 0 0 0 9 0 8 3 0 0 7 3 0 0 0 17 0 0 0 0 0 0 5 0 0 0 15 0 0 0 0 0
0 0 0 0 0 0 0 0 0 11 10 10 0 0 0 0 0 0 0 0 0 0 7 0 0 0 10 0 0 14 13 0 2 0 16 0 0 0 0 18 0 0 0 0 5 8 0 0 0 0
0 0 12 3 0 0 0 0 0 0 0 0 0 0 9 19 0 0 0 13 0 0 13 0 0 0 7 5 0 0 18 0 0 12 0 17 4 0 0 0 2 5 0 9 0 15 0 0 0 9
19 0 0 0 0 0 0 0 0 0 0 0 0 0 0 0 0 14 2 0 7 0 0 0 17 18 0 0 0 0 0 19 5 0 0 0 9 0 2 11 0 0 12 0 0 0 0 0 9 0
