100
50
0 9 17 2 2 15 13 6 10 8 13 16 5 3 1 0 9 14 1 14 12 19 5 18 7 12 13 11 0 15 9 8 10 17 11 13 18 18 4 0 5 7 0 12 6 5 12 8 0 13
9 0 3 10 3 11 18 14 5 7 11 2 10 6 4 7 9 10 0 8 15 9 17 16 6 7 4 9 16 0 14 3 13 10 5 12 0 16 8 9 14 16 4 8 3 16 6 7 8 17
17 3 0 15 4 0 12 11 5 6 11 10 13 17 4 3 18 2 3 18 17 8 3 9 0 7 18 15 6 16 18 12 3 13 14 14 17 4 8 16 18 14 0 1 4 17 13 14 7 1
2 10 15 0 2 14 14 11 19 1 15 16 10 0 7 0 8 18 10 19 2 11 2 18 0 9 13 1 16 14 10 5 4 9 15 14 8 4 0 11 15 18 0 16 18 9 18 4 6 7
2 3 4 2 0 10 14 13 15 0 11 5 6 17 16 2 15 11 15 8 7 2 19 11 4 0 3 5 11 9 15 19 2 6 6 19 13 10 1 8 19 14 16 7 3 17 2 11 12 3
15 11 0 14 10 0 15 17 2 2 7 1 8 4 8 5 6 8 16 2 3 3 12 11 6 19 1 7 10 2 4 4 0 9 17 13 18 0 13 16 10 12 16 0 1 14 15 14 3 12
13 18 12 14 14 15 0 16 13 6 3 11 6 0 14 19 18 10 16 6 8 4 14 18 9 9 9 16 9 9 7 8 15 12 5 14 14 17 7 5 9 18 9 3 11 3 14 5 7 0
6 14 11 11 13 17 16 0 16 3 2 2 12 16 16 9 6 15 8 9 7 8 15 8 19 4 11 12 6 15 0 15 19 3 13 6 4 7 1 2 4 15 14 5 8 2 19 2 18 6
10 5 5 19 15 2 13 16 0 8 10 13 19 15 6 17 14 4 3 4 3 12 18 9 2 14 7 6 5 4 16 5 15 8 11 14 3 14 15 5 6 3 8 0 11 1 5 16 18 10
8 7 6 1 0 2 6 3 8 0 0 16 11 18 13 16 4 2 10 14 7 13 12 2 9 16 15 4 10 14 16 3 12 13 10 3 17 0 5 7 5 7 13 16 17 1 8 2 2 12
13 11 11 15 11 7 3 2 10 0 0 4 2 11 17 15 4 0 13 18 0 4 4 4 14 0 15 3 10 15 3 14 12 13 17 3 17 5 0 3 13 11 18 18 9 2 6 17 0 17
16 2 10 16 5 1 11 2 13 16 4 0 14 11 19 3 2 12 12 16 5 5 13 14 1 0 16 7 4 17 10 5 13 14 18 18 11 8 3 0 12 15 12 17 7 3 4 15 3 17
5 10 13 10 6 8 6 12 19 11 2 14 0 4 2 12 6 13 18 8 11 19 13 19 4 11 8 17 10 12 1 5 15 14 10 5 13 17 2 16 14 1 14 19 9 10 16 14 5 17
3 6 17 0 17 4 0 16 15 18 11 11 4 0 3 10 1 8 15 3 16 1 9 11 16 10 7 17 2 17 1 7 8 3 19 13 8 11 15 6 13 6 10 7 9 3 19 6 19 11
1 4 4 7 16 8 14 16 6 13 17 19 2 3 0 5 6 12 9 6 13 19 17 18 1 7 7 10 2 6 1 12 15 7 2 6 1 6 12 13 5 6 11 15 6 4 0 6 11 1
0 7 3 0 2 5 19 9 17 16 15 3 12 10 5 0 18 10 1 7 13 3 19 10 8 10 0 16 17 10 6 1 8 2 10 17 4 0 19 0 14 1 7 17 14 17 16 3 17 1
9 9 18 8 15 6 18 6 14 4 4 2 6 1 6 18 0 2 19 13 13 7 18 3 17 4 9 1 10 18 2 11 12 7 2 13 4 7 15 1 2 0 5 7 11 11 2 0 6 18
14 10 2 18 11 8 10 15 4 2 0 12 13 8 12 10 2 0 1 3 18 0 18 0 14 8 19 16 8 0 2 15 14 12 2 5 17 7 2 16 9 17 0 14 13 11 10 5 4 18
1 0 3 10 15 16 16 8 3 10 13 12 18 15 9 1 19 1 0 2 15 13 2 15 7 7 19 3 4 19 18 14 6 4 10 14 19 9 3 0 0 13 17 10 17 5 6 2 1 15
14 8 18 19 8 2 6 9 4 14 18 16 8 3 6 7 13 3 2 0 12 18 0 18 4 16 11 11 19 8 13 3 17 1 13 5 9 18 3 6 11 18 18 2 13 1 9 3 16 18
12 15 17 2 7 3 8 7 3 7 0 5 11 16 13 13 13 18 15 12 0 9 11 18 17 16 14 2 11 11 0 2 15 18 0 3 8 2 8 8 15 3 17 12 4 9 0 12 18 6
19 9 8 11 2 3 4 8 12 13 4 5 19 1 19 3 7 0 13 18 9 0 8 17 14 10 4 12 17 0 12 15 7 14 10 5 17 12 14 18 9 14 19 9 13 6 13 14 13 0
5 17 3 2 19 12 14 15 18 12 4 13 13 9 17 19 18 18 2 0 11 8 0 2 3 17 13 8 16 10 16 6 8 3 1 1 7 12 15 9 15 3 4 7 8 16 7 9 19 13
18 16 9 18 11 11 18 8 9 2 4 14 19 11 18 10 3 0 15 18 18 17 2 0 15 1 10 2 1 4 10 10 8 17 0 19 6 12 12 18 8 9 19 6 18 19 16 18 18 8
7 6 0 0 4 6 9 19 2 9 14 1 4 16 1 8 17 14 7 4 17 14 3 15 0 9 11 4 12 12 7 8 4 13 1 4 9 13 2 5 3 3 14 5 10 11 17 11 13 6
12 7 7 9 0 19 9 4 14 16 0 0 11 10 7 10 4 8 7 16 16 10 17 1 9 0 11 12 9 6 3 1 1 4 9 19 18 18 2 0 3 4 9 1 10 16 7 9 18 11
13 4 18 13 3 1 9 11 7 15 15 16 8 7 7 0 9 19 19 11 14 4 13 10 11 11 0 12 5 15 8 3 7 19 14 11 3 18 3 15 4 0 14 9 6 13 14 1 1 6
11 9 15 1 5 7 16 12 6 4 3 7 17 17 10 16 1 16 3 11 2 12 8 2 4 12 12 0 5 5 8 8 2 14 2 6 0 16 14 8 4 19 18 3 6 10 7 0 2 11
0 16 6 16 11 10 9 6 5 10 10 4 10 2 2 17 10 8 4 19 11 17 16 1 12 9 5 5 0 4 2 5 9 7 4 4 15 18 4 2 2 7 9 10 8 9 8 8 6 2
15 0 16 14 9 2 9 15 4 14 15 17 12 17 6 10 18 0 19 8 11 0 10 4 12 6 15 5 4 0 10 2 5 15 7 10 1 15 3 8 17 17 10 0 3 7 1 9 0 19
9 14 18 10 15 4 7 0 16 16 3 10 1 1 1 6 2 2 18 13 0 12 16 10 7 3 8 8 2 10 0 17 9 12 5 6 0 6 9 5 0 19 2 18 17 13 4 6 2 3
8 3 12 5 19 4 8 15 5 3 14 5 5 7 12 1 11 15 14 3 2 15 6 10 8 1 3 8 5 2 17 0 11 9 12 0 7 11 11 6 9 1 19 9 5 4 10 14 6 3
10 13 3 4 2 0 15 19 15 12 12 13 15 8 15 8 12 14 6 17 15 7 8 8 4 1 7 2 9 5 9 11 0 12 16 12 7 7 13 5 8 14 11 8 18 5 1 2 15 5
17 10 13 9 6 9 12 3 8 13 13 14 14 3 7 2 7 12 4 1 18 14 3 17 13 4 19 14 7 15 12 9 12 0 1 19 6 16 9 17 3 17 14 3 3 12 6 16 3 12
11 5 14 15 6 17 5 13 11 10 17 18 10 19 2 10 2 2 10 13 0 10 1 0 1 9 14 2 4 7 5 12 16 1 0 10 14 17 14 11 3 14 3 14 9 2 7 1 7 7
13 12 14 14 19 13 14 6 14 3 3 18 5 13 6 17 13 5 14 5 3 5 1 19 4 19 11 6 4 10 6 0 12 19 10 0 13 5 5 12 9 6 16 12 16 18 10 8 3 8
18 0 17 8 13 18 14 4 3 17 17 11 13 8 1 4 4 17 19 9 8 17 7 6 9 18 3 0 15 1 0 7 7 6 14 13 0 1 19 19 1 4 12 5 7 3 7 0 0 9
18 16 4 4 10 0 17 7 14 0 5 8 17 11 6 0 7 7 9 18 2 12 12 12 13 18 18 16 18 15 6 11 7 16 17 5 1 0 4 3 7 10 3 1 7 17 5 11 10 8
4 8 8 0 1 13 7 1 15 5 0 3 2 15 12 19 15 2 3 3 8 14 15 12 2 2 3 14 4 3 9 11 13 9 14 5 19 4 0 0 6 16 15 15 13 3 17 5 10 8
0 9 16 11 8 16 5 2 5 7 3 0 16 6 13 0 1 16 0 6 8 18 9 18 5 0 15 8 2 8 5 6 5 17 11 12 19 3 0 0 5 11 7 13 5 3 5 0 3 15
5 14 18 15 19 10 9 4 6 5 13 12 14 13 5 14 2 9 0 11 15 9 15 8 3 3 4 4 2 17 0 9 8 3 3 9 1 7 6 5 0 12 2 18 13 12 8 7 11 9
7 16 14 18 14 12 18 15 3 7 11 15 1 6 6 1 0 17 13 18 3 14 3 9 3 4 0 19 7 17 19 1 14 17 14 6 4 10 16 11 12 0 17 3 15 8 0 8 6 9
0 4 0 0 16 16 9 14 8 13 18 12 14 10 11 7 5 0 17 18 17 19 4 19 14 9 14 18 9 10 2 19 11 14 3 16 12 3 15 7 2 17 0 16 17 10 12 2 2 4
12 8 1 16 7 0 3 5 0 16 18 17 19 7 15 17 7 14 10 2 12 9 7 6 5 1 9 3 10 0 18 9 8 3 14 12 5 1 15 13 18 3 16 0 14 15 6 11 17 19
6 3 4 18 3 1 11 8 11 17 9 7 9 9 6 14 11 13 17 13 4 13 8 18 10 10 6 6 8 3 17 5 18 3 9 16 7 7 13 5 13 15 17 14 0 6 9 0 12 13
5 16 17 9 17 14 3 2 1 1 2 3 10 3 4 17 11 11 5 1 9 6 16 19 11 16 13 10 9 7 13 4 5 12 2 18 3 17 3 3 12 8 10 15 6 0 6 16 9 5
12 6 13 18 2 15 14 19 5 8 6 4 16 19 0 16 2 10 6 9 0 13 7 16 17 7 14 7 8 1 4 10 1 6 7 10 7 5 17 5 8 0 12 6 9 6 0 9 18 6
8 7 14 4 11 14 5 2 16 2 17 15 14 6 6 3 0 5 2 3 12 14 9 18 11 9 1 0 8 9 6 14 2 16 1 8 0 11 5 0 7 8 2 11 0 16 9 0 12 11
0 8 7 6 12 3 7 18 18 2 0 3 5 19 11 17 6 4 1 16 18 13 19 18 13 18 1 2 6 0 2 6 15 3 7 3 0 10 10 3 11 6 2 17 12 9 18 12 0 8
13 17 1 7 3 12 0 6 10 12 17 17 17 11 1 1 18 18 15 18 6 0 13 8 6 11 6 11 2 19 3 3 5 12 7 8 9 8 8 15 9 9 4 19 13 5 6 11 8 0
