75
50
0 0 0 0 0 0 0 0 12 5 0 0 18 0 0 12 0 14 0 0 0 3 9 0 0 5 0 0 0 2 3 0 0 0 0 0 0 9 0 0 0 0 0 0 0 0 0 0 11 0
0 0 0 0 15 0 0 0 12 0 11 6 0 0 0 0 0 0 0 0 2 12 0 8 0 0 0 0 15 0 0 0 16 7 0 13 0 0 0 0 0 0 0 15 0 0 15 0 0 17
0 0 0 0 0 0 0 0 0 11 0 0 0 0 8 0 8 0 0 0 8 15 0 0 0 0 0 0 0 0 0 0 0 0 0 0 5 7 0 0 0 0 0 0 0 17 3 0 0 13
0 0 0 0 0 1 0 0 4 6 0 0 4 0 0 0 0 0 5 0 0 0 6 0 0 0 17 0 0 0 0 0 17 0 0 0 10 0 8 0 0 3 0 0 0 0 0 0 0 0
0 15 0 0 0 0 17 0 0 0 1 13 0 0 0 4 0 0 0 0 9 0 0 0 0 7 0 0 13 0 0 0 19 0 0 0 0 0 9 0 15 0 0 0 0 0 0 18 5 0
0 0 0 1 0 0 12 12 12 0 0 3 0 0 0 18 0 0 0 0 0 0 0 0 0 0 10 0 0 0 0 0 0 0 0 17 0 0 0 10 0 13 18 9 0 15 0 8 0 12
0 0 0 0 17 12 0 0 0 0 0 0 0 0 0 0 0 0 0 0 0 0 0 0 3 0 0 0 0 0 0 0 0 0 0 0 0 0 4 16 0 16 0 0 12 14 0 0 0 0
0 0 0 0 0 12 0 0 0 0 0 0 0 15 16 0 1 0 0 0 0 0 1 0 0 0 16 0 0 1 16 19 0 6 16 5 5 0 0 0 0 0 0 4 0 0 15 0 0 0
12 12 0 4 0 12 0 0 0 0 0 0 17 0 0 0 0 0 0 0 0 0 0 0 0 0 0 0 2 0 0 0 0 0 0 0 0 1 0 0 0 0 0 0 0 19 0 0 0 0
5 0 11 6 0 0 0 0 0 0 13 0 0 6 0 0 0 3 0 5 14 0 10 0 0 0 12 16 17 0 0 0 13 15 6 0 4 1 0 0 15 0 9 14 0 12 0 0 13 0
0 11 0 0 1 0 0 0 0 13 0 0 0 0 0 0 0 6 0 0 16 0 0 2 0 0 0 0 0 11 0 16 0 17 8 0 0 2 0 0 0 0 10 0 0 13 11 0 3 2
0 6 0 0 13 3 0 0 0 0 0 0 0 0 0 0 0 0 0 0 0 0 0 0 0 2 0 0 0 0 0 9 0 0 19 3 0 11 0 1 0 0 0 4 0 0 0 0 0 17
18 0 0 4 0 0 0 0 17 0 0 0 0 0 0 0 0 0 0 0 0 0 6 0 0 3 17 0 0 0 0 16 0 4 11 0 0 0 4 0 0 19 11 15 0 8 0 0 0 0
0 0 0 0 0 0 0 15 0 6 0 0 0 0 18 0 0 0 0 0 0 0 0 0 0 0 0 17 0 0 0 0 0 0 7 0 0 5 14 9 0 17 12 0 5 0 0 0 0 3
0 0 8 0 0 0 0 16 0 0 0 0 0 18 0 0 1 0 0 0 0 0 0 0 0 0 7 0 0 0 0 5 18 4 0 13 0 0 0 11 0 0 0 0 0 0 0 0 0 0
12 0 0 0 4 18 0 0 0 0 0 0 0 0 0 0 0 18 0 0 2 1 0 0 0 7 7 10 17 0 0 0 0 18 0 0 0 0 0 0 16 0 0 15 0 0 5 0 5 0
0 0 8 0 0 0 0 1 0 0 0 0 0 0 1 0 0 16 0 0 0 2 10 0 9 19 0 0 8 0 0 16 0 0 8 0 9 0 0 4 5 0 10 18 4 0 0 0 8 0
14 0 0 0 0 0 0 0 0 3 6 0 0 0 0 18 16 0 0 16 0 0 0 0 0 0 0 0 0 0 0 0 5 0 0 0 2 0 0 0 14 0 0 0 0 4 0 19 0 0
0 0 0 5 0 0 0 0 0 0 0 0 0 0 0 0 0 0 0 0 0 0 0 0 19 0 0 0 0 0 5 0 16 0 4 0 0 0 0 3 9 0 0 0 9 0 0 18 15 0
0 0 0 0 0 0 0 0 0 5 0 0 0 0 0 0 0 16 0 0 0 0 0 0 0 0 0 0 0 0 0 0 0 0 0 0 13 0 19 0 0 0 0 0 0 0 15 0 0 4
0 2 8 0 9 0 0 0 0 14 16 0 0 0 0 2 0 0 0 0 0 0 6 0 0 0 0 0 2 7 9 0 0 0 15 4 0 0 14 16 0 0 0 15 0 0 0 13 0 0
3 12 15 0 0 0 0 0 0 0 0 0 0 0 0 1 2 0 0 0 0 0 0 7 11 0 9 0 0 10 0 10 0 0 0 12 0 0 5 0 11 0 0 0 0 0 1 13 0 0
9 0 0 6 0 0 0 1 0 10 0 0 6 0 0 0 10 0 0 0 6 0 0 0 0 0 5 11 0 0 11 0 0 0 0 0 0 0 0 15 0 0 14 0 19 0 0 17 0 0
0 8 0 0 0 0 0 0 0 0 2 0 0 0 0 0 0 0 0 0 0 7 0 0 0 0 0 19 0 14 0 16 0 0 0 0 0 0 0 0 0 12 0 0 0 16 14 0 2 0
0 0 0 0 0 0 3 0 0 0 0 0 0 0 0 0 9 0 19 0 0 11 0 0 0 0 0 5 0 0 0 0 0 13 5 0 0 0 0 0 3 0 0 0 0 0 0 0 0 0
5 0 0 0 7 0 0 0 0 0 0 2 3 0 0 7 19 0 0 0 0 0 0 0 0 0 0 0 0 7 0 0 0 0 0 0 19 0 2 17 0 0 5 0 0 3 0 0 0 0
0 0 0 17 0 10 0 16 0 12 0 0 17 0 7 7 0 0 0 0 0 9 5 0 0 0 0 3 0 16 4 0 16 0 4 0 5 15 0 0 0 0 0 0 0 0 0 6 4 0
0 0 0 0 0 0 0 0 0 16 0 0 0 17 0 10 0 0 0 0 0 0 11 19 5 0 3 0 0 4 11 6 0 18 0 0 0 0 2 1 0 0 0 0 0 14 0 0 0 0
0 15 0 0 13 0 0 0 2 17 0 0 0 0 0 17 8 0 0 0 2 0 0 0 0 0 0 0 0 0 0 0 0 0 0 0 1 1 0 0 5 19 15 0 0 0 9 11 0 5
2 0 0 0 0 0 0 1 0 0 11 0 0 0 0 0 0 0 0 0 7 10 0 14 0 7 16 4 0 0 0 0 0 0 0 0 0 18 0 3 1 0 0 0 0 18 0 3 16 0
3 0 0 0 0 0 0 16 0 0 0 0 0 0 0 0 0 0 5 0 9 0 11 0 0 0 4 11 0 0 0 0 0 7 0 6 0 0 0 0 0 0 0 0 2 0 17 0 0 1
0 0 0 0 0 0 0 19 0 0 16 9 16 0 5 0 16 0 0 0 0 10 0 16 0 0 0 6 0 0 0 0 18 0 0 0 0 0 0 0 0 16 0 19 18 0 7 0 0 12
0 16 0 17 19 0 0 0 0 13 0 0 0 0 18 0 0 5 16 0 0 0 0 0 0 0 16 0 0 0 0 18 0 15 0 0 0 0 0 19 9 0 0 0 15 14 0 0 0 0
0 7 0 0 0 0 0 6 0 15 17 0 4 0 4 18 0 0 0 0 0 0 0 0 13 0 0 18 0 0 7 0 15 0 16 0 0 14 1 0 0 0 2 6 0 16 0 0 0 0
0 0 0 0 0 0 0 16 0 6 8 19 11 7 0 0 8 0 4 0 15 0 0 0 5 0 4 0 0 0 0 0 0 16 0 0 6 0 0 0 0 0 3 0 0 0 0 0 0 0
0 13 0 0 0 17 0 5 0 0 0 3 0 0 13 0 0 0 0 0 4 12 0 0 0 0 0 0 0 0 6 0 0 0 0 0 0 0 0 0 0 0 1 19 0 9 0 0 0 0
0 0 5 10 0 0 0 5 0 4 0 0 0 0 0 0 9 2 0 13 0 0 0 0 0 19 5 0 1 0 0 0 0 0 6 0 0 0 0 0 3 0 0 0 9 3 11 11 4 5
9 0 7 0 0 0 0 0 1 1 2 11 0 5 0 0 0 0 0 0 0 0 0 0 0 0 15 0 1 18 0 0 0 14 0 0 0 0 0 15 0 0 0 12 0 9 16 0 0 0
0 0 0 8 9 0 4 0 0 0 0 0 4 14 0 0 0 0 0 19 14 5 0 0 0 2 0 2 0 0 0 0 0 1 0 0 0 0 0 15 0 12 0 17 0 0 8 0 0 0
0 0 0 0 0 10 16 0 0 0 0 1 0 9 11 0 4 0 3 0 16 0 15 0 0 17 0 1 0 3 0 0 19 0 0 0 0 15 15 0 1 0 5 0 0 0 0 0 0 0
0 0 0 0 15 0 0 0 0 15 0 0 0 0 0 16 5 14 9 0 0 11 0 0 3 0 0 0 5 1 0 0 9 0 0 0 3 0 0 1 0 0 4 10 7 0 0 0 9 0
0 0 0 3 0 13 16 0 0 0 0 0 19 17 0 0 0 0 0 0 0 0 0 12 0 0 0 0 19 0 0 16 0 0 0 0 0 0 12 0 0 0 10 9 0 0 0 0 0 0
0 0 0 0 0 18 0 0 0 9 10 0 11 12 0 0 10 0 0 0 0 0 14 0 0 5 0 0 15 0 0 0 0 2 3 1 0 0 0 5 4 10 0 0 7 0 0 0 0 0
0 15 0 0 0 9 0 4 0 14 0 4 15 0 0 15 18 0 0 0 15 0 0 0 0 0 0 0 0 0 0 19 0 6 0 19 0 12 17 0 10 9 0 0 11 0 0 0 19 0
0 0 0 0 0 0 12 0 0 0 0 0 0 5 0 0 4 0 9 0 0 0 19 0 0 0 0 0 0 0 2 18 15 0 0 0 9 0 0 0 7 0 7 11 0 16 7 0 16 0
0 0 17 0 0 15 14 0 19 12 13 0 8 0 0 0 0 4 0 0 0 0 0 16 0 3 0 14 0 18 0 0 14 16 0 9 3 9 0 0 0 0 0 0 16 0 0 0 4 11
0 15 3 0 0 0 0 15 0 0 11 0 0 0 0 5 0 0 0 15 0 1 0 14 0 0 0 0 9 0 17 7 0 0 0 0 11 16 8 0 0 0 0 0 7 0 0 0 0 5
0 0 0 0 18 8 0 0 0 0 0 0 0 0 0 0 0 19 18 0 13 13 17 0 0 0 6 0 11 3 0 0 0 0 0 0 11 0 0 0 0 0 0 0 0 0 0 0 0 0
11 0 0 0 5 0 0 0 0 13 3 0 0 0 0 5 8 0 15 0 0 0 0 2 0 0 4 0 0 16 0 0 0 0 0 0 4 0 0 0 9 0 0 19 16 4 0 0 0 0
0 17 13 0 0 12 0 0 0 0 2 17 0 3 0 0 0 0 0 4 0 0 0 0 0 0 0 0 5 0 1 12 0 0 0 0 5 0 0 0 0 0 0 0 0 11 5 0 0 0
