100
75
0 0 15 0 0 0 15 4 0 17 0 0 0 0 6 0 0 0 0 0 6 15 0 16 0 0 0 0 0 0 0 9 0 0 0 0 0 7 0 0 0 0 0 10 0 0 13 0 19 0 0 0 4 0 0 0 0 0 14 0 1 0 15 0 0 0 0 0 0 0 13 0 0 0 0
0 0 0 5 0 17 0 0 0 0 0 0 0 15 15 0 0 3 15 0 0 0 0 0 0 0 0 0 0 0 0 0 15 0 6 0 9 0 0 0 0 0 0 11 0 16 19 4 7 0 0 0 0 0 3 2 0 0 0 0 0 0 12 0 18 0 0 0 0 0 0 19 0 0 8
15 0 0 0 0 8 0 0 1 0 0 4 1 2 0 0 0 0 0 0 0 11 0 0 0 0 0 0 0 15 0 0 2 0 14 0 0 0 0 0 0 1 0 6 15 0 11 0 0 0 0 0 0 0 0 3 0 0 0 6 0 0 5 0 2 0 0 9 18 0 0 11 0 8 0
0 5 0 0 14 0 1 0 0 18 4 0 3 4 6 7 7 5 0 0 0 8 9 0 0 5 0 0 0 0 0 0 0 6 0 0 0 0 0 18 0 0 0 7 12 0 0 12 0 0 0 10 0 0 0 2 0 0 0 0 0 0 7 11 0 0 0 0 0 0 0 0 16 9 0
0 0 0 14 0 0 17 12 8 0 0 0 0 18 0 0 0 9 0 0 0 4 0 0 12 0 0 12 7 4 7 0 12 0 0 0 1 0 0 7 0 19 0 0 0 0 0 0 0 0 0 0 0 0 0 0 11 0 0 0 0 0 0 10 0 0 13 0 16 0 0 0 4 0 3
0 17 8 0 0 0 0 11 0 3 0 3 10 7 0 0 15 0 0 0 0 11 0 0 14 0 0 7 0 10 12 14 13 0 0 17 0 13 0 0 0 0 8 9 0 0 0 0 0 18 19 0 0 0 8 0 0 0 15 10 0 0 12 0 0 5 0 0 7 0 0 0 7 2 0
15 0 0 1 17 0 0 4 4 7 9 15 0 10 8 18 0 0 0 0 2 0 0 0 0 0 0 0 17 0 5 0 17 0 0 0 0 6 0 0 3 3 0 0 0 6 14 0 0 0 0 0 0 11 18 0 16 0 0 0 2 0 0 0 0 15 3 0 0 0 1 0 0 15 0
4 0 0 0 12 11 4 0 0 0 0 0 0 0 3 0 6 0 0 0 0 0 0 0 5 0 14 0 0 9 0 0 0 0 15 13 2 0 0 0 0 0 0 0 6 11 0 0 0 3 19 0 0 16 0 0 17 0 8 8 0 0 0 0 0 3 0 0 0 0 16 0 0 0 15
0 0 1 0 8 0 4 0 0 0 1 0 0 0 14 0 0 14 0 0 0 18 11 0 5 3 0 0 0 0 0 1 0 0 5 9 3 17 0 0 0 0 0 0 0 0 2 0 7 0 0 0 0 0 0 0 0 2 0 16 0 0 0 14 0 0 0 0 0 0 0 0 0 0 0
17 0 0 18 0 3 7 0 0 0 0 0 0 0 0 0 0 3 0 0 12 0 0 0 0 2 0 0 5 0 0 0 6 0 0 0 0 0 0 0 0 19 4 0 0 0 0 0 18 0 0 1 0 7 0 1 0 0 0 0 16 0 6 0 0 0 0 0 4 0 0 0 0 0 7
0 0 0 4 0 0 9 0 1 0 0 0 2 0 0 3 0 0 0 0 8 0 0 0 0 1 0 0 0 0 0 0 0 0 0 0 3 0 9 12 12 0 0 0 0 0 0 0 0 0 0 12 1 0 0 0 19 12 0 0 0 10 0 0 0 0 0 17 0 0 0 0 8 18 10
0 0 4 0 0 3 15 0 0 0 0 0 0 0 0 0 12 0 6 0 0 0 11 0 9 0 0 0 0 2 4 0 0 14 0 0 0 19 0 0 0 0 0 0 0 19 0 0 16 0 0 0 0 14 0 0 12 0 19 0 0 0 14 0 0 0 0 0 0 0 0 0 9 3 0
0 0 1 3 0 10 0 0 0 0 2 0 0 10 0 0 2 0 0 0 1 14 0 0 14 19 0 0 0 1 0 0 6 0 0 6 14 0 0 0 2 0 0 4 0 0 0 0 8 0 0 12 0 0 0 0 0 0 0 0 0 4 0 0 0 0 0 0 0 15 0 0 0 19 0
0 15 2 4 18 7 10 0 0 0 0 0 10 0 0 0 0 0 0 5 2 0 0 0 0 0 0 0 0 0 0 0 13 0 0 9 0 0 7 0 0 0 0 0 0 19 15 0 0 0 0 0 2 0 0 0 13 0 0 0 0 0 17 0 0 0 0 0 4 0 0 0 7 0 0
6 15 0 6 0 0 8 3 14 0 0 0 0 0 0 0 0 5 0 15 12 0 0 0 0 0 0 0 0 0 0 0 18 0 0 1 0 0 0 0 0 0 18 0 0 0 0 0 8 0 15 0 0 0 0 0 0 0 0 0 0 0 0 0 0 0 0 4 10 0 0 0 5 0 0
0 0 0 7 0 0 18 0 0 0 3 0 0 0 0 0 0 0 16 10 7 0 0 0 0 0 0 0 0 0 9 0 0 0 0 0 0 19 7 0 9 0 0 0 0 0 8 0 0 0 0 0 0 0 0 0 18 3 0 0 0 0 0 3 2 0 0 0 0 0 4 0 0 7 17
0 0 0 7 0 15 0 6 0 0 0 12 2 0 0 0 0 0 6 0 0 0 17 0 8 3 0 0 0 1 0 8 0 2 0 0 0 0 0 17 19 0 17 0 0 0 0 0 19 3 0 0 0 0 0 15 0 0 4 0 0 0 13 0 0 0 0 0 0 0 0 0 0 0 0
0 3 0 5 9 0 0 0 14 3 0 0 0 0 5 0 0 0 17 0 0 0 0 0 0 0 0 0 0 11 0 0 0 2 0 0 0 0 0 0 0 0 0 0 0 0 0 0 0 0 7 19 0 15 0 0 0 0 0 0 0 0 16 0 16 0 0 0 17 0 0 1 4 0 4
0 15 0 0 0 0 0 0 0 0 0 6 0 0 0 16 6 17 0 0 0 0 8 0 0 0 0 0 0 7 0 12 0 0 0 0 0 0 0 13 0 0 0 0 0 0 0 12 13 0 8 0 0 0 3 9 18 0 12 0 0 11 4 0 19 0 0 0 18 0 0 0 10 0 0
0 0 0 0 0 0 0 0 0 0 0 0 0 5 15 10 0 0 0 0 0 4 0 16 0 1 0 0 0 13 0 0 0 0 3 0 5 8 0 0 0 0 0 0 0 18 0 0 10 0 0 6 0 0 0 14 0 0 16 7 18 12 2 0 0 4 0 18 19 0 2 0 2 0 0
6 0 0 0 0 0 2 0 0 12 8 0 1 2 12 7 0 0 0 0 0 0 0 0 0 0 0 8 11 0 9 0 0 0 0 0 19 0 0 17 0 7 2 19 2 0 4 0 0 0 0 0 0 0 0 0 0 0 0 0 0 0 0 0 0 0 0 0 0 0 0 16 0 18 13
15 0 11 8 4 11 0 0 18 0 0 0 14 0 0 0 0 0 0 4 0 0 0 0 11 0 0 0 12 0 0 0 0 0 11 0 17 13 0 0 0 0 0 12 4 0 0 0 0 0 0 0 0 0 0 0 0 0 0 8 14 0 0 0 0 6 13 0 0 12 0 0 0 0 0
0 0 0 9 0 0 0 0 11 0 0 11 0 0 0 0 17 0 8 0 0 0 0 14 0 0 0 0 1 11 10 19 0 18 0 0 0 18 0 0 0 0 0 0 2 1 2 0 0 0 0 0 0 0 0 0 0 14 0 4 0 0 0 14 0 0 0 0 0 0 0 0 0 0 0
16 0 0 0 0 0 0 0 0 0 0 0 0 0 0 0 0 0 0 16 0 0 14 0 0 0 0 12 0 17 0 0 3 0 0 16 0 0 0 0 0 0 0 0 0 0 0 0 0 0 0 0 0 0 16 0 18 11 0 0 0 2 0 0 8 9 16 0 0 11 0 0 0 12 0
0 0 0 0 12 14 0 5 5 0 0 9 14 0 0 0 8 0 0 0 0 11 0 0 0 0 16 0 0 19 0 2 0 0 2 0 8 14 0 0 3 15 19 0 13 0 0 0 0 5 13 18 0 0 0 0 0 0 0 16 0 0 0 0 0 0 0 0 4 4 0 0 0 0 0
0 0 0 5 0 0 0 0 3 2 1 0 19 0 0 0 3 0 0 1 0 0 0 0 0 0 2 0 8 0 15 2 0 0 0 0 0 0 0 13 0 0 0 0 0 0 2 0 0 18 14 0 0 0 0 0 14 0 0 0 0 0 0 3 0 0 0 0 0 0 0 15 0 1 0
0 0 0 0 0 0 0 14 0 0 0 0 0 0 0 0 0 0 0 0 0 0 0 0 16 2 0 0 0 18 0 0 5 10 0 0 0 19 0 0 0 0 8 15 0 0 1 0 0 0 16 0 0 0 0 0 0 0 8 0 12 1 0 0 0 0 0 1 0 0 0 0 12 0 0
0 0 0 0 12 7 0 0 0 0 0 0 0 0 0 0 0 0 0 0 8 0 0 12 0 0 0 0 3 0 0 0 6 2 0 0 0 0 0 0 5 0 11 0 0 12 13 0 0 0 16 0 0 0 0 0 0 18 6 0 0 8 14 0 5 19 0 8 0 0 18 0 0 0 0
0 0 0 0 7 0 17 0 0 5 0 0 0 0 0 0 0 0 0 0 11 12 1 0 0 8 0 3 0 0 0 0 0 0 0 2 0 17 13 15 0 0 0 0 13 0 0 0 15 11 0 0 11 0 0 0 9 0 0 0 8 0 0 0 0 0 0 0 0 0 0 0 0 6 0
0 0 15 0 4 10 0 9 0 0 0 2 1 0 0 0 1 11 7 13 0 0 11 17 19 0 18 0 0 0 0 0 0 0 0 0 0 0 17 0 4 0 0 18 0 0 9 13 0 10 0 1 2 0 0 0 14 0 0 0 0 0 0 0 0 0 0 0 6 0 9 0 0 0 3
0 0 0 0 7 12 5 0 0 0 0 4 0 0 0 9 0 0 0 0 9 0 10 0 0 15 0 0 0 0 0 0 0 18 0 0 9 10 0 0 0 8 0 9 0 0 6 0 0 2 10 11 0 0 0 2 15 0 0 0 19 0 0 8 0 10 0 3 0 9 0 0 16 0 0
9 0 0 0 0 14 0 0 1 0 0 0 0 0 0 0 8 0 12 0 0 0 19 0 2 2 0 0 0 0 0 0 0 1 0 0 0 0 0 0 0 16 0 0 4 3 0 0 0 0 5 16 0 18 0 0 0 0 0 7 0 0 0 10 0 0 0 14 0 0 0 0 0 0 0
0 15 2 0 12 13 17 0 0 6 0 0 6 13 18 0 0 0 0 0 0 0 0 3 0 0 5 6 0 0 0 0 0 0 2 0 17 14 11 0 0 0 0 0 15 10 1 0 0 0 0 0 0 7 13 10 4 0 0 7 0 0 5 0 0 0 0 0 10 0 0 0 0 11 0
0 0 0 6 0 0 0 0 0 0 0 14 0 0 0 0 2 2 0 0 0 0 18 0 0 0 10 2 0 0 18 1 0 0 13 0 12 16 0 0 0 0 5 0 0 0 4 0 0 0 0 0 13 15 0 0 0 0 0 11 0 10 0 13 0 0 0 0 11 11 0 0 0 9 9
0 6 14 0 0 0 0 15 5 0 0 0 0 0 0 0 0 0 0 3 0 11 0 0 2 0 0 0 0 0 0 0 2 13 0 0 5 0 0 0 0 13 0 15 9 18 0 0 0 4 8 0 0 0 0 0 0 0 10 0 0 18 0 0 11 0 10 0 14 0 2 7 8 0 0
0 0 0 0 0 17 0 13 9 0 0 0 6 9 1 0 0 0 0 0 0 0 0 16 0 0 0 0 2 0 0 0 0 0 0 0 0 0 7 4 0 7 0 13 0 0 12 0 0 0 16 0 0 0 0 0 0 17 17 19 0 10 0 0 0 0 0 0 0 0 0 17 14 0 6
0 9 0 0 1 0 0 2 3 0 3 0 14 0 0 0 0 0 0 5 19 17 0 0 8 0 0 0 0 0 9 0 17 12 5 0 0 0 13 0 12 10 16 0 0 14 0 0 0 0 0 0 0 0 11 0 0 0 0 15 0 6 0 0 0 0 0 0 13 0 0 0 16 0 0
7 0 0 0 0 13 6 0 17 0 0 19 0 0 0 19 0 0 0 8 0 13 18 0 14 0 19 0 17 0 10 0 14 16 0 0 0 0 0 6 0 0 0 0 0 5 0 0 0 0 0 0 0 14 0 2 14 0 0 12 0 0 0 2 0 0 0 14 16 0 0 0 9 0 0
0 0 0 0 0 0 0 0 0 0 9 0 0 7 0 7 0 0 0 0 0 0 0 0 0 0 0 0 13 17 0 0 11 0 0 7 13 0 0 11 10 16 0 0 0 0 0 16 0 18 0 0 0 0 8 0 0 0 0 0 0 0 0 0 0 0 4 0 0 0 0 0 0 15 0
0 0 0 18 7 0 0 0 0 0 12 0 0 0 0 0 17 0 13 0 17 0 0 0 0 13 0 0 15 0 0 0 0 0 0 4 0 6 11 0 1 18 0 0 0 0 0 1 0 9 0 0 0 0 0 0 0 0 0 3 16 13 0 16 0 0 0 0 0 9 0 1 13 0 0
0 0 0 0 0 0 3 0 0 0 12 0 2 0 0 9 19 0 0 0 0 0 0 0 3 0 0 5 0 4 0 0 0 0 0 0 12 0 10 1 0 0 0 15 0 0 4 0 19 0 0 0 0 0 0 9 11 0 0 0 4 0 0 6 0 0 0 0 8 0 0 0 12 7 0
0 0 1 0 19 0 3 0 0 19 0 0 0 0 0 0 0 0 0 0 7 0 0 0 15 0 0 0 0 0 8 16 0 0 13 7 10 0 16 18 0 0 13 0 0 0 6 9 17 0 0 0 5 0 0 0 0 16 0 0 17 0 12 4 4 0 0 0 7 0 7 0 7 10 0
0 0 0 0 0 8 0 0 0 4 0 0 0 0 18 0 17 0 0 0 2 0 0 0 19 0 8 11 0 0 0 0 0 5 0 0 16 0 0 0 0 13 0 0 9 13 12 0 0 8 0 15 0 0 0 14 0 0 0 0 0 0 4 3 0 15 0 0 19 0 8 0 0 17 0
10 11 6 7 0 9 0 0 0 0 0 0 4 0 0 0 0 0 0 0 19 12 0 0 0 0 15 0 0 18 9 0 0 0 15 13 0 0 0 0 15 0 0 0 0 0 0 0 1 0 0 10 14 0 19 0 0 0 0 0 0 13 6 0 0 0 0 0 0 5 0 0 0 1 0
0 0 15 12 0 0 0 6 0 0 0 0 0 0 0 0 0 0 0 0 2 4 2 0 13 0 0 0 13 0 0 4 15 0 9 0 0 0 0 0 0 0 9 0 0 1 0 0 0 13 0 17 0 0 0 0 0 0 2 0 2 14 0 6 0 0 6 0 0 0 0 8 8 2 0
0 16 0 0 0 0 6 11 0 0 0 19 0 19 0 0 0 0 0 18 0 0 1 0 0 0 0 12 0 0 0 3 10 0 18 0 14 5 0 0 0 0 13 0 1 0 0 0 0 0 6 0 8 0 0 3 0 0 0 0 9 0 0 14 0 0 0 4 0 0 0 11 0 7 0
13 19 11 0 0 0 14 0 2 0 0 0 0 15 0 8 0 0 0 0 4 0 2 0 0 2 1 13 0 9 6 0 1 4 0 12 0 0 0 0 4 6 12 0 0 0 0 0 0 10 16 16 4 7 15 0 0 5 0 6 0 16 0 0 0 0 0 1 0 0 14 0 0 0 0
0 4 0 12 0 0 0 0 0 0 0 0 0 0 0 0 0 0 12 0 0 0 0 0 0 0 0 0 0 13 0 0 0 0 0 0 0 0 16 1 0 9 0 0 0 0 0 0 0 0 0 0 0 0 0 18 0 0 12 0 0 0 4 0 15 0 3 0 0 17 2 0 0 0 0
19 7 0 0 0 0 0 0 7 18 0 16 8 0 8 0 19 0 13 10 0 0 0 0 0 0 0 0 15 0 0 0 0 0 0 0 0 0 0 0 19 17 0 1 0 0 0 0 0 0 0 0 0 19 0 0 0 16 0 12 0 0 0 1 0 0 19 19 0 0 1 0 0 0 10
0 0 0 0 0 18 0 3 0 0 0 0 0 0 0 0 3 0 0 0 0 0 0 0 5 18 0 0 11 10 2 0 0 0 4 0 0 0 18 9 0 0 8 0 13 0 10 0 0 0 0 0 0 0 3 13 0 0 0 0 14 0 12 10 11 0 0 6 18 0 7 0 0 0 15
0 0 0 0 0 19 0 19 0 0 0 0 0 0 15 0 0 7 8 0 0 0 0 0 13 14 16 16 0 0 10 5 0 0 8 16 0 0 0 0 0 0 0 0 0 6 16 0 0 0 0 0 0 0 18 0 0 0 0 0 0 0 17 0 5 15 0 0 0 0 14 0 5 2 6
0 0 0 10 0 0 0 0 0 1 12 0 12 0 0 0 0 19 0 6 0 0 0 0 18 0 0 0 0 1 11 16 0 0 0 0 0 0 0 0 0 0 15 10 17 0 16 0 0 0 0 0 0 18 0 0 0 0 16 0 0 0 0 0 0 0 0 0 14 0 0 0 0 0 0
4 0 0 0 0 0 0 0 0 0 1 0 0 2 0 0 0 0 0 0 0 0 0 0 0 0 0 0 11 2 0 0 0 13 0 0 0 0 0 0 0 5 0 14 0 8 4 0 0 0 0 0 0 0 0 1 0 0 0 0 0 0 0 0 0 0 0 0 7 0 7 0 0 0 6
0 0 0 0 0 0 11 16 0 7 0 14 0 0 0 0 0 15 0 0 0 0 0 0 0 0 0 0 0 0 0 18 7 15 0 0 0 14 0 0 0 0 0 0 0 0 7 0 19 0 0 18 0 0 0 0 0 0 0 0 0 0 0 0 11 0 0 0 8 0 8 8 0 0 19
0 3 0 0 0 8 18 0 0 0 0 0 0 0 0 0 0 0 3 0 0 0 0 16 0 0 0 0 0 0 0 0 13 0 0 0 11 0 8 0 0 0 0 19 0 0 15 0 0 3 18 0 0 0 0 0 11 0 0 0 5 0 0 0 0 0 0 0 14 0 18 0 17 19 6
0 2 3 2 0 0 0 0 0 1 0 0 0 0 0 0 15 0 9 14 0 0 0 0 0 0 0 0 0 0 2 0 10 0 0 0 0 2 0 0 9 0 14 0 0 3 0 18 0 13 0 0 1 0 0 0 0 0 15 0 8 0 18 0 0 0 19 0 0 0 0 0 0 0 0
0 0 0 0 11 0 16 17 0 0 19 12 0 13 0 18 0 0 18 0 0 0 0 18 0 14 0 0 9 14 15 0 4 0 0 0 0 14 0 0 11 0 0 0 0 0 0 0 0 0 0 0 0 0 11 0 0 0 0 0 0 0 0 7 0 6 0 0 0 0 0 0 0 8 0
0 0 0 0 0 0 0 0 2 0 12 0 0 0 0 3 0 0 0 0 0 0 14 11 0 0 0 18 0 0 0 0 0 0 0 17 0 0 0 0 0 16 0 0 0 0 5 0 16 0 0 0 0 0 0 0 0 0 0 0 0 0 0 0 0 0 1 0 3 0 0 0 0 13 0
14 0 0 0 0 15 0 8 0 0 0 19 0 0 0 0 4 0 12 16 0 0 0 0 0 0 8 6 0 0 0 0 0 0 10 17 0 0 0 0 0 0 0 0 2 0 0 12 0 0 0 16 0 0 0 15 0 0 0 0 0 0 3 0 0 0 0 3 7 0 0 0 0 0 0
0 0 6 0 0 10 0 8 16 0 0 0 0 0 0 0 0 0 0 7 0 8 4 0 16 0 0 0 0 0 0 7 7 11 0 19 15 12 0 3 0 0 0 0 0 0 6 0 12 0 0 0 0 0 0 0 0 0 0 0 0 0 0 12 7 18 1 0 0 14 0 7 0 0 0
1 0 0 0 0 0 2 0 0 16 0 0 0 0 0 0 0 0 0 18 0 14 0 0 0 0 12 0 8 0 19 0 0 0 0 0 0 0 0 16 4 17 0 0 2 9 0 0 0 14 0 0 0 0 5 8 0 0 0 0 0 0 17 0 0 0 0 0 0 0 0 0 0 0 0
0 0 0 0 0 0 0 0 0 0 10 0 4 0 0 0 0 0 11 12 0 0 0 2 0 0 1 8 0 0 0 0 0 10 18 10 6 0 0 13 0 0 0 13 14 0 16 0 0 0 0 0 0 0 0 0 0 0 0 0 0 0 0 0 0 0 19 0 7 0 0 0 0 0 0
15 12 5 7 0 12 0 0 0 6 0 14 0 17 0 0 13 16 4 2 0 0 0 0 0 0 0 14 0 0 0 0 5 0 0 0 0 0 0 0 0 12 4 6 0 0 0 4 0 12 17 0 0 0 0 18 0 0 3 0 17 0 0 15 0 0 0 0 2 0 0 0 0 0 19
0 0 0 11 10 0 0 0 14 0 0 0 0 0 0 3 0 0 0 0 0 0 14 0 0 3 0 0 0 0 8 10 0 13 0 0 0 2 0 16 6 4 3 0 6 14 0 0 1 10 0 0 0 0 0 0 7 0 0 12 0 0 15 0 11 17 0 0 0 18 0 0 0 0 8
0 18 2 0 0 0 0 0 0 0 0 0 0 0 0 2 0 16 19 0 0 0 0 8 0 0 0 5 0 0 0 0 0 0 11 0 0 0 0 0 0 4 0 0 0 0 0 15 0 11 5 0 0 11 0 0 0 0 0 7 0 0 0 11 0 0 0 13 0 7 0 0 0 0 0
0 0 0 0 0 5 15 3 0 0 0 0 0 0 0 0 0 0 0 4 0 6 0 9 0 0 0 19 0 0 10 0 0 0 0 0 0 0 0 0 0 0 15 0 0 0 0 0 0 0 15 0 0 0 0 0 6 0 0 18 0 0 0 17 0 0 0 9 0 0 0 0 0 0 0
0 0 0 0 13 0 3 0 0 0 0 0 0 0 0 0 0 0 0 0 0 13 0 16 0 0 0 0 0 0 0 0 0 0 10 0 0 0 4 0 0 0 0 0 6 0 0 3 19 0 0 0 0 0 0 19 0 1 0 1 0 19 0 0 0 0 0 0 0 0 0 0 0 0 0
0 0 9 0 0 0 0 0 0 0 17 0 0 0 4 0 0 0 0 18 0 0 0 0 0 0 1 8 0 0 3 14 0 0 0 0 0 14 0 0 0 0 0 0 0 4 1 0 19 6 0 0 0 0 0 0 0 0 3 0 0 0 0 0 13 9 0 0 0 7 0 0 14 8 16
0 0 18 0 16 7 0 0 0 4 0 0 0 4 10 0 0 17 18 19 0 0 0 0 4 0 0 0 0 6 0 0 10 11 14 0 13 16 0 0 8 7 19 0 0 0 0 0 0 18 0 14 7 8 14 0 0 3 7 0 0 7 2 0 0 0 0 0 0 0 0 1 0 0 0
0 0 0 0 0 0 0 0 0 0 0 0 15 0 0 0 0 0 0 0 0 12 0 11 4 0 0 0 0 0 9 0 0 11 0 0 0 0 0 9 0 0 0 5 0 0 0 17 0 0 0 0 0 0 0 0 0 0 0 14 0 0 0 18 7 0 0 7 0 0 11 0 0 1 0
13 0 0 0 0 0 1 16 0 0 0 0 0 0 0 4 0 0 0 2 0 0 0 0 0 0 0 18 0 9 0 0 0 0 2 0 0 0 0 0 0 7 8 0 0 0 14 2 1 7 14 0 7 8 18 0 0 0 0 0 0 0 0 0 0 0 0 0 0 11 0 0 0 0 0
0 19 11 0 0 0 0 0 0 0 0 0 0 0 0 0 0 1 0 0 16 0 0 0 0 15 0 0 0 0 0 0 0 0 7 17 0 0 0 1 0 0 0 0 8 11 0 0 0 0 0 0 0 8 0 0 0 0 0 7 0 0 0 0 0 0 0 0 1 0 0 0 0 0 0
0 0 0 16 4 7 0 0 0 0 8 9 0 7 5 0 0 4 10 2 0 0 0 0 0 0 12 0 0 0 16 0 0 0 8 14 16 9 0 13 12 7 0 0 8 0 0 0 0 0 5 0 0 0 17 0 0 0 0 0 0 0 0 0 0 0 0 14 0 0 0 0 0 0 17
0 0 8 9 0 2 15 0 0 0 18 3 19 0 0 7 0 0 0 0 18 0 0 12 0 1 0 0 6 0 0 0 11 9 0 0 0 0 15 0 7 10 17 1 2 7 0 0 0 0 2 0 0 0 19 0 8 13 0 0 0 0 0 0 0 0 0 8 0 1 0 0 0 0 0
0 8 0 0 3 0 0 15 0 7 10 0 0 0 0 17 0 4 0 0 13 0 0 0 0 0 0 0 0 3 0 0 0 9 0 6 0 0 0 0 0 0 0 0 0 0 0 0 10 15 6 0 6 19 6 0 0 0 0 0 0 0 19 8 0 0 0 16 0 0 0 0 17 0 0
