100
50
0 0 0 0 0 4 0 0 0 10 0 0 0 0 2 0 0 4 0 13 0 3 0 0 0 0 0 0 0 6 0 12 5 0 0 0 0 0 11 3 13 2 0 0 0 0 4 0 0 0
0 0 11 0 0 0 9 0 0 0 1 0 0 0 4 13 0 8 0 14 0 0 0 0 0 0 0 0 0 0 6 0 0 0 17 0 9 0 0 8 0 17 0 12 0 0 0 2 0 0
0 11 0 0 3 6 0 7 19 11 0 0 0 0 0 1 0 0 0 6 0 0 0 0 1 5 0 18 0 9 16 0 16 19 14 0 0 5 3 0 0 0 0 0 3 0 0 0 0 0
0 0 0 0 0 2 0 7 0 0 1 10 0 0 0 0 0 0 0 0 0 11 0 0 0 0 0 18 0 0 0 9 2 0 0 0 0 3 0 0 12 0 0 0 9 0 11 0 0 0
0 0 3 0 0 0 11 0 0 0 5 6 0 0 15 0 0 0 0 6 0 0 0 3 0 0 0 11 0 6 19 0 0 0 0 0 15 15 0 15 0 0 3 0 0 0 0 0 0 0
4 0 6 2 0 0 0 2 1 0 17 0 10 0 0 9 0 0 18 0 0 3 19 0 0 0 11 19 0 0 0 0 0 0 0 0 0 0 15 0 13 13 19 0 0 0 0 0 0 0
0 9 0 0 11 0 0 7 2 0 0 0 0 0 0 0 8 0 9 0 0 9 0 0 0 0 0 19 0 0 0 0 0 0 0 0 0 11 6 0 0 0 0 0 17 0 14 0 0 0
0 0 7 7 0 2 7 0 3 0 4 0 10 0 0 0 0 0 0 0 0 0 19 0 0 17 0 0 0 0 0 9 3 7 0 0 1 0 16 17 0 19 0 19 0 2 0 6 15 2
0 0 19 0 0 1 2 3 0 0 0 5 7 0 0 0 2 0 1 0 0 0 0 0 0 17 11 0 12 2 0 0 0 13 0 5 0 2 0 15 0 0 0 0 0 0 0 0 0 14
10 0 11 0 0 0 0 0 0 0 19 0 6 0 0 0 0 0 13 0 1 8 0 2 0 0 13 0 0 0 0 0 0 0 0 0 0 0 2 0 0 0 0 0 0 0 0 7 8 1
0 1 0 1 5 17 0 4 0 19 0 16 6 0 0 0 0 7 0 11 0 0 0 0 0 0 0 10 1 1 0 0 0 0 0 0 3 1 0 0 0 0 0 12 0 0 0 13 0 0
0 0 0 10 6 0 0 0 5 0 16 0 15 0 0 0 0 4 0 0 0 13 0 0 0 0 0 0 0 0 0 0 0 0 0 0 0 0 0 10 0 0 6 0 0 0 0 2 0 11
0 0 0 0 0 10 0 10 7 6 6 15 0 0 19 0 4 0 0 0 0 0 0 0 0 0 0 13 4 0 0 2 2 0 0 0 0 9 0 0 0 0 0 0 0 0 7 10 3 0
0 0 0 0 0 0 0 0 0 0 0 0 0 0 0 5 0 0 0 0 0 8 0 13 0 10 0 18 0 0 11 0 0 0 0 0 0 0 0 5 5 0 0 0 0 13 0 0 0 0
2 4 0 0 15 0 0 0 0 0 0 0 19 0 0 0 8 0 0 0 0 1 0 0 4 12 0 7 0 8 0 0 12 0 1 0 19 0 12 10 0 0 1 0 0 0 0 0 0 0
0 13 1 0 0 9 0 0 0 0 0 0 0 5 0 0 8 0 0 0 0 0 0 0 0 0 0 0 0 0 0 0 7 3 0 0 0 0 4 0 0 4 8 0 0 0 0 7 10 2
0 0 0 0 0 0 8 0 2 0 0 0 4 0 8 8 0 0 0 10 0 0 17 0 0 0 5 0 0 0 0 0 0 0 0 0 6 15 0 14 0 0 0 0 0 14 0 0 0 0
4 8 0 0 0 0 0 0 0 0 7 4 0 0 0 0 0 0 0 0 0 0 13 0 0 0 0 0 19 0 0 0 0 0 0 0 9 0 0 17 9 1 17 0 0 0 13 0 17 0
0 0 0 0 0 18 9 0 1 13 0 0 0 0 0 0 0 0 0 0 0 2 6 0 0 0 0 0 18 0 0 0 0 16 0 0 0 13 3 0 10 0 0 0 0 0 0 0 0 0
13 14 6 0 6 0 0 0 0 0 11 0 0 0 0 0 10 0 0 0 0 1 17 17 0 0 0 0 14 0 0 0 11 0 0 0 11 0 6 14 15 12 0 6 0 0 0 16 0 0
0 0 0 0 0 0 0 0 0 1 0 0 0 0 0 0 0 0 0 0 0 0 0 0 0 0 0 0 19 0 0 0 7 15 6 0 0 0 0 12 0 0 0 7 11 0 0 0 0 15
3 0 0 11 0 3 9 0 0 8 0 13 0 8 1 0 0 0 2 1 0 0 0 0 14 17 0 0 0 0 7 0 0 0 0 0 11 0 14 0 2 0 0 0 0 16 0 0 0 0
0 0 0 0 0 19 0 19 0 0 0 0 0 0 0 0 17 13 6 17 0 0 0 0 0 0 0 0 0 0 8 0 0 0 0 0 0 0 0 0 0 0 2 0 14 6 0 0 7 4
0 0 0 0 3 0 0 0 0 2 0 0 0 13 0 0 0 0 0 17 0 0 0 0 0 0 0 0 0 0 0 6 18 0 0 7 7 0 0 0 19 14 10 14 13 0 0 0 0 0
0 0 1 0 0 0 0 0 0 0 0 0 0 0 4 0 0 0 0 0 0 14 0 0 0 11 0 8 16 0 0 0 0 0 15 0 0 16 0 11 0 17 0 0 8 0 0 0 0 10
0 0 5 0 0 0 0 17 17 0 0 0 0 10 12 0 0 0 0 0 0 17 0 0 11 0 0 0 0 0 0 15 6 0 10 0 0 19 0 0 0 0 0 14 7 0 14 0 0 0
0 0 0 0 0 11 0 0 11 13 0 0 0 0 0 0 5 0 0 0 0 0 0 0 0 0 0 13 0 0 0 5 0 0 0 0 7 0 0 0 0 0 19 5 3 0 0 11 11 0
0 0 18 18 11 19 19 0 0 0 10 0 13 18 7 0 0 0 0 0 0 0 0 0 8 0 13 0 0 0 16 0 15 0 0 9 0 0 0 0 0 10 4 0 1 0 12 2 0 0
0 0 0 0 0 0 0 0 12 0 1 0 4 0 0 0 0 19 18 14 19 0 0 0 16 0 0 0 0 13 0 0 6 0 0 0 13 0 0 12 9 0 0 0 0 0 13 0 7 17
6 0 9 0 6 0 0 0 2 0 1 0 0 0 8 0 0 0 0 0 0 0 0 0 0 0 0 0 13 0 0 0 0 0 11 11 0 0 7 0 0 17 0 0 0 0 0 0 0 0
0 6 16 0 19 0 0 0 0 0 0 0 0 11 0 0 0 0 0 0 0 7 8 0 0 0 0 16 0 0 0 8 0 0 0 0 0 0 1 0 0 0 0 0 18 14 0 0 0 8
12 0 0 9 0 0 0 9 0 0 0 0 2 0 0 0 0 0 0 0 0 0 0 6 0 15 5 0 0 0 8 0 0 0 0 0 13 1 0 1 18 0 0 0 0 0 0 9 0 1
5 0 16 2 0 0 0 3 0 0 0 0 2 0 12 7 0 0 0 11 7 0 0 18 0 6 0 15 6 0 0 0 0 0 0 19 0 0 0 0 0 0 6 0 0 0 18 0 0 6
0 0 19 0 0 0 0 7 13 0 0 0 0 0 0 3 0 0 16 0 15 0 0 0 0 0 0 0 0 0 0 0 0 0 0 15 7 1 0 1 0 4 0 0 0 0 0 16 0 0
0 17 14 0 0 0 0 0 0 0 0 0 0 0 1 0 0 0 0 0 6 0 0 0 15 10 0 0 0 11 0 0 0 0 0 0 0 0 0 0 5 2 0 0 0 4 0 0 0 0
0 0 0 0 0 0 0 0 5 0 0 0 0 0 0 0 0 0 0 0 0 0 0 7 0 0 0 9 0 11 0 0 19 15 0 0 0 0 0 7 9 0 1 4 0 0 0 0 0 0
0 9 0 0 15 0 0 1 0 0 3 0 0 0 19 0 6 9 0 11 0 11 0 7 0 0 7 0 13 0 0 13 0 7 0 0 0 0 19 0 11 0 0 0 0 0 7 0 12 8
0 0 5 3 15 0 11 0 2 0 1 0 9 0 0 0 15 0 13 0 0 0 0 0 16 19 0 0 0 0 0 1 0 1 0 0 0 0 16 0 0 0 18 0 0 18 0 11 0 0
11 0 3 0 0 15 6 16 0 2 0 0 0 0 12 4 0 0 3 6 0 14 0 0 0 0 0 0 0 7 1 0 0 0 0 0 19 16 0 15 0 0 3 6 17 0 19 0 0 0
3 8 0 0 15 0 0 17 15 0 0 10 0 5 10 0 14 17 0 14 12 0 0 0 11 0 0 0 12 0 0 1 0 1 0 7 0 0 15 0 0 0 0 0 0 7 0 10 0 0
13 0 0 12 0 13 0 0 0 0 0 0 0 5 0 0 0 9 10 15 0 2 0 19 0 0 0 0 9 0 0 18 0 0 5 9 11 0 0 0 0 0 0 0 0 16 0 0 0 0
2 17 0 0 0 13 0 19 0 0 0 0 0 0 0 4 0 1 0 12 0 0 0 14 17 0 0 10 0 17 0 0 0 4 2 0 0 0 0 0 0 0 0 15 0 0 0 0 0 0
0 0 0 0 3 19 0 0 0 0 0 6 0 0 1 8 0 17 0 0 0 0 2 10 0 0 19 4 0 0 0 0 6 0 0 1 0 18 3 0 0 0 0 0 0 0 0 0 14 0
0 12 0 0 0 0 0 19 0 0 12 0 0 0 0 0 0 0 0 6 7 0 0 14 0 14 5 0 0 0 0 0 0 0 0 4 0 0 6 0 0 15 0 0 0 0 0 0 1 0
0 0 3 9 0 0 17 0 0 0 0 0 0 0 0 0 0 0 0 0 11 0 14 13 8 7 3 1 0 0 18 0 0 0 0 0 0 0 17 0 0 0 0 0 0 0 2 0 0 0
0 0 0 0 0 0 0 2 0 0 0 0 0 13 0 0 14 0 0 0 0 16 6 0 0 0 0 0 0 0 14 0 0 0 4 0 0 18 0 7 16 0 0 0 0 0 0 0 0 0
4 0 0 11 0 0 14 0 0 0 0 0 7 0 0 0 0 13 0 0 0 0 0 0 0 14 0 12 13 0 0 0 18 0 0 0 7 0 19 0 0 0 0 0 2 0 0 0 11 0
0 2 0 0 0 0 0 6 0 7 13 2 10 0 0 7 0 0 0 16 0 0 0 0 0 0 11 2 0 0 0 9 0 16 0 0 0 11 0 10 0 0 0 0 0 0 0 0 0 0
0 0 0 0 0 0 0 15 0 8 0 0 3 0 0 10 0 17 0 0 0 0 7 0 0 0 11 0 7 0 0 0 0 0 0 0 12 0 0 0 0 0 14 1 0 0 11 0 0 0
0 0 0 0 0 0 0 2 14 1 0 11 0 0 0 2 0 0 0 0 15 0 4 0 10 0 0 0 17 0 8 1 6 0 0 0 8 0 0 0 0 0 0 0 0 0 0 0 0 0
