50
50
0 0 11 0 0 0 0 0 0 0 0 14 0 0 0 19 0 1 13 0 0 0 0 0 0 0 0 0 0 0 0 0 0 0 0 0 0 6 11 0 2 0 10 18 0 0 0 0 0 0
0 0 0 0 0 0 0 0 5 0 18 2 11 0 0 0 7 0 0 0 19 0 0 0 0 9 0 0 8 0 2 12 1 10 15 0 0 18 0 0 0 0 17 0 0 0 0 0 0 0
11 0 0 0 0 5 0 0 0 0 0 0 0 0 0 16 1 0 0 0 0 0 14 0 10 6 0 0 0 0 10 9 0 0 0 12 5 0 0 13 0 0 0 5 0 11 0 3 14 0
0 0 0 0 0 6 10 0 5 0 0 5 0 0 0 9 11 0 9 0 0 0 0 0 0 0 0 0 18 0 7 0 7 0 0 7 0 13 15 8 0 0 4 0 19 0 0 0 0 0
0 0 0 0 0 0 0 0 0 17 0 0 0 3 8 18 0 0 6 12 0 0 18 0 8 0 0 0 0 0 0 0 0 0 8 0 0 0 0 0 0 0 14 0 5 5 0 0 0 0
0 0 5 6 0 0 0 13 10 5 11 0 0 8 0 0 0 9 14 0 9 0 0 0 0 0 0 0 0 0 9 0 0 0 0 5 0 0 0 9 0 6 0 0 0 0 0 0 0 0
0 0 0 10 0 0 0 0 0 14 0 2 10 0 0 0 2 0 0 0 0 1 12 0 0 0 0 0 0 0 0 0 0 0 0 0 0 0 4 0 0 0 0 0 0 0 0 0 19 0
0 0 0 0 0 13 0 0 0 0 0 0 0 0 0 12 15 0 0 0 0 0 0 0 8 0 8 13 0 0 5 0 0 0 0 7 0 0 0 17 0 13 0 0 0 0 0 0 9 0
0 5 0 5 0 10 0 0 0 0 13 0 0 0 0 0 0 13 17 0 0 2 13 0 17 0 0 0 7 0 0 10 0 0 1 0 0 0 0 0 5 19 0 9 12 0 0 0 0 0
0 0 0 0 17 5 14 0 0 0 0 0 0 0 0 0 0 0 10 0 0 0 0 0 0 0 0 4 0 0 10 0 12 14 0 0 8 0 2 7 0 0 0 0 0 16 0 0 0 0
0 18 0 0 0 11 0 0 13 0 0 1 0 0 0 15 0 14 0 0 15 0 0 19 10 0 4 0 0 0 9 0 0 0 8 0 0 0 0 0 6 12 10 2 13 19 0 18 0 0
14 2 0 5 0 0 2 0 0 0 1 0 0 0 0 0 0 0 4 0 8 10 0 0 0 0 1 0 0 0 0 0 0 0 0 0 0 0 0 0 0 2 0 0 1 0 0 0 6 0
0 11 0 0 0 0 10 0 0 0 0 0 0 0 0 6 0 0 0 0 6 0 0 7 0 0 0 7 0 14 0 4 7 18 19 16 0 0 0 0 16 0 0 6 0 0 0 0 0 0
0 0 0 0 3 8 0 0 0 0 0 0 0 0 0 0 0 0 4 6 0 7 6 3 0 0 4 13 0 0 0 0 0 0 6 0 2 0 0 13 0 14 0 0 0 0 0 0 0 17
0 0 0 0 8 0 0 0 0 0 0 0 0 0 0 0 10 0 0 2 0 9 0 12 0 12 0 0 13 0 0 0 1 0 19 0 0 0 0 18 0 0 0 5 4 0 0 0 0 0
19 0 16 9 18 0 0 12 0 0 15 0 6 0 0 0 0 0 17 4 0 0 12 17 0 9 0 3 0 19 0 0 0 0 17 15 0 0 3 0 0 0 0 1 0 0 0 0 0 0
0 7 1 11 0 0 2 15 0 0 0 0 0 0 10 0 0 0 18 0 6 10 0 0 0 0 0 0 10 0 0 19 0 0 0 16 3 0 0 0 5 5 0 0 0 0 0 0 0 13
1 0 0 0 0 9 0 0 13 0 14 0 0 0 0 0 0 0 0 12 0 0 0 19 0 0 15 0 17 0 3 14 0 14 5 0 5 7 0 0 0 0 0 0 0 10 0 3 0 0
13 0 0 9 6 14 0 0 17 10 0 4 0 4 0 17 18 0 0 17 0 7 6 0 0 0 11 0 0 0 0 0 18 0 12 0 0 1 3 0 0 0 0 10 10 6 0 0 0 0
0 0 0 0 12 0 0 0 0 0 0 0 0 6 2 4 0 12 17 0 11 0 9 0 0 0 5 0 0 0 3 0 9 0 11 13 9 0 0 0 0 0 0 1 0 0 0 0 0 0
0 19 0 0 0 9 0 0 0 0 15 8 6 0 0 0 6 0 0 11 0 0 0 12 0 0 0 0 0 0 0 15 17 0 0 0 0 16 14 0 0 0 0 4 12 16 0 12 0 0
0 0 0 0 0 0 1 0 2 0 0 10 0 7 9 0 10 0 7 0 0 0 9 0 0 0 0 9 0 0 0 13 0 10 1 0 0 16 0 5 9 0 7 0 0 0 4 16 0 0
0 0 14 0 18 0 12 0 13 0 0 0 0 6 0 12 0 0 6 9 0 9 0 0 0 0 0 0 0 16 1 0 0 0 0 0 0 0 0 0 0 0 0 0 0 0 8 0 0 0
0 0 0 0 0 0 0 0 0 0 19 0 7 3 12 17 0 19 0 0 12 0 0 0 0 11 0 0 0 0 3 2 0 3 0 6 11 17 0 0 0 0 18 0 0 0 6 0 1 11
0 0 10 0 8 0 0 8 17 0 10 0 0 0 0 0 0 0 0 0 0 0 0 0 0 0 3 0 10 3 0 4 0 0 6 0 11 0 0 10 17 0 0 7 0 0 0 0 0 0
0 9 6 0 0 0 0 0 0 0 0 0 0 0 12 9 0 0 0 0 0 0 0 11 0 0 16 0 0 6 0 0 9 0 15 0 12 0 0 6 0 0 0 0 0 0 0 0 0 0
0 0 0 0 0 0 0 8 0 0 4 1 0 4 0 0 0 15 11 5 0 0 0 0 3 16 0 5 16 13 9 0 4 16 0 1 0 0 0 15 15 0 0 0 4 6 0 0 0 0
0 0 0 0 0 0 0 13 0 4 0 0 7 13 0 3 0 0 0 0 0 9 0 0 0 0 5 0 0 16 10 9 0 0 0 0 8 0 0 10 0 0 0 0 15 0 0 14 0 0
0 8 0 18 0 0 0 0 7 0 0 0 0 0 13 0 10 17 0 0 0 0 0 0 10 0 16 0 0 0 7 0 0 0 7 0 0 0 3 6 18 6 0 0 0 0 0 0 0 0
0 0 0 0 0 0 0 0 0 0 0 0 14 0 0 19 0 0 0 0 0 0 16 0 3 6 13 16 0 0 10 0 0 0 0 4 0 0 0 3 0 0 14 0 0 0 0 0 2 0
0 2 10 7 0 9 0 5 0 10 9 0 0 0 0 0 0 3 0 3 0 0 1 3 0 0 9 10 7 10 0 18 11 0 0 0 0 0 0 0 13 0 0 0 14 0 0 0 0 0
0 12 9 0 0 0 0 0 10 0 0 0 4 0 0 0 19 14 0 0 15 13 0 2 4 0 0 9 0 0 18 0 0 0 6 9 0 9 14 0 0 0 0 0 0 0 0 0 0 0
0 1 0 7 0 0 0 0 0 12 0 0 7 0 1 0 0 0 18 9 17 0 0 0 0 9 4 0 0 0 11 0 0 0 0 0 0 0 0 15 0 4 0 17 0 0 9 0 0 0
0 10 0 0 0 0 0 0 0 14 0 0 18 0 0 0 0 14 0 0 0 10 0 3 0 0 16 0 0 0 0 0 0 0 0 9 0 0 13 0 0 16 0 0 0 0 14 0 0 9
0 15 0 0 8 0 0 0 1 0 8 0 19 6 19 17 0 5 12 11 0 1 0 0 6 15 0 0 7 0 0 6 0 0 0 0 0 0 0 13 15 0 15 0 0 0 0 19 0 0
0 0 12 7 0 5 0 7 0 0 0 0 16 0 0 15 16 0 0 13 0 0 0 6 0 0 1 0 0 4 0 9 0 9 0 0 1 2 0 0 0 0 0 13 0 0 0 0 0 11
0 0 5 0 0 0 0 0 0 8 0 0 0 2 0 0 3 5 0 9 0 0 0 11 11 12 0 8 0 0 0 0 0 0 0 1 0 0 0 0 0 3 0 0 0 0 0 0 0 0
6 18 0 13 0 0 0 0 0 0 0 0 0 0 0 0 0 7 1 0 16 16 0 17 0 0 0 0 0 0 0 9 0 0 0 2 0 0 0 0 0 0 19 0 0 11 2 0 0 0
11 0 0 15 0 0 4 0 0 2 0 0 0 0 0 3 0 0 3 0 14 0 0 0 0 0 0 0 3 0 0 14 0 13 0 0 0 0 0 0 14 0 0 4 0 0 17 0 7 0
0 0 13 8 0 9 0 17 0 7 0 0 0 13 18 0 0 0 0 0 0 5 0 0 10 6 15 10 6 3 0 0 15 0 13 0 0 0 0 0 15 5 0 0 0 0 0 0 0 0
2 0 0 0 0 0 0 0 5 0 6 0 16 0 0 0 5 0 0 0 0 9 0 0 17 0 15 0 18 0 13 0 0 0 15 0 0 0 14 15 0 0 9 0 0 0 0 12 0 10
0 0 0 0 0 6 0 13 19 0 12 2 0 14 0 0 5 0 0 0 0 0 0 0 0 0 0 0 6 0 0 0 4 16 0 0 3 0 0 5 0 0 18 0 0 0 0 0 0 1
10 17 0 4 14 0 0 0 0 0 10 0 0 0 0 0 0 0 0 0 0 7 0 18 0 0 0 0 0 14 0 0 0 0 15 0 0 19 0 0 9 18 0 0 0 13 0 0 0 0
18 0 5 0 0 0 0 0 9 0 2 0 6 0 5 1 0 0 10 1 4 0 0 0 7 0 0 0 0 0 0 0 17 0 0 13 0 0 4 0 0 0 0 0 0 0 8 2 0 7
0 0 0 19 5 0 0 0 12 0 13 1 0 0 4 0 0 0 10 0 12 0 0 0 0 0 4 15 0 0 14 0 0 0 0 0 0 0 0 0 0 0 0 0 0 0 12 0 0 0
0 0 11 0 5 0 0 0 0 16 19 0 0 0 0 0 0 10 6 0 16 0 0 0 0 0 6 0 0 0 0 0 0 0 0 0 0 11 0 0 0 0 13 0 0 0 0 0 0 0
0 0 0 0 0 0 0 0 0 0 0 0 0 0 0 0 0 0 0 0 0 4 8 6 0 0 0 0 0 0 0 0 9 14 0 0 0 2 17 0 0 0 0 8 12 0 0 0 0 0
0 0 3 0 0 0 0 0 0 0 18 0 0 0 0 0 0 3 0 0 12 16 0 0 0 0 0 14 0 0 0 0 0 0 19 0 0 0 0 0 12 0 0 2 0 0 0 0 0 0
0 0 14 0 0 0 19 9 0 0 0 6 0 0 0 0 0 0 0 0 0 0 0 1 0 0 0 0 0 2 0 0 0 0 0 0 0 0 7 0 0 0 0 0 0 0 0 0 0 6
0 0 0 0 0 0 0 0 0 0 0 0 0 17 0 0 13 0 0 0 0 0 0 11 0 0 0 0 0 0 0 0 0 9 0 11 0 0 0 0 10 1 0 7 0 0 0 0 6 0
