50
50
0 7 17 11 15 19 11 17 6 17 11 0 15 8 18 13 7 17 10 2 13 16 9 4 19 11 16 15 4 16 7 3 8 1 10 3 9 6 8 18 2 14 11 11 19 14 7 16 7 18
7 0 13 2 18 16 17 12 13 4 2 7 9 4 1 18 1 10 1 7 13 1 0 1 8 0 0 11 6 11 15 10 14 2 8 0 1 5 16 13 7 19 8 7 10 18 13 3 11 2
17 13 0 8 8 2 9 0 13 10 18 3 13 7 13 14 17 2 5 16 7 2 7 1 17 4 5 1 6 12 15 10 11 14 5 9 4 1 0 7 3 2 10 9 1 6 16 8 19 0
11 2 8 0 15 3 13 4 16 0 5 13 17 11 10 9 11 17 3 19 11 7 16 1 8 5 16 2 18 4 9 7 18 6 5 12 19 1 17 13 3 11 9 11 9 5 6 17 1 4
15 18 8 15 0 0 10 15 16 17 19 8 3 15 6 18 15 7 10 10 17 1 3 16 18 8 18 12 15 12 1 6 11 10 7 11 12 10 5 14 12 13 12 7 6 14 14 15 6 9
19 16 2 3 0 0 6 19 12 14 8 12 9 11 5 16 13 18 10 9 3 6 19 11 2 3 18 19 10 16 3 8 7 12 18 12 19 14 2 19 4 3 17 15 13 18 1 4 15 0
11 17 9 13 10 6 0 16 9 2 0 19 19 0 9 6 16 10 12 5 8 15 10 10 10 0 6 6 12 5 0 14 0 1 3 6 7 3 14 15 13 6 2 11 14 10 19 14 18 6
17 12 0 4 15 19 16 0 9 18 17 14 12 16 15 16 3 10 14 10 3 19 13 1 5 16 15 8 15 18 11 0 16 5 5 18 17 12 12 16 18 8 11 10 19 0 2 19 16 15
6 13 13 16 16 12 9 9 0 8 9 17 7 5 10 5 17 0 15 8 17 5 9 3 17 8 3 14 15 10 1 18 1 8 4 13 7 6 9 1 12 0 6 15 4 11 1 16 5 14
17 4 10 0 17 14 2 18 8 0 15 0 11 10 5 2 11 8 16 8 19 17 8 9 3 15 11 14 12 3 1 5 3 7 2 5 8 4 11 10 1 19 19 1 17 2 15 12 2 10
11 2 18 5 19 8 0 17 9 15 0 16 0 3 3 12 7 15 12 10 19 13 10 4 12 11 17 7 13 7 1 11 17 14 4 12 11 11 16 6 15 3 11 9 13 10 16 17 10 9
0 7 3 13 8 12 19 14 17 0 16 0 2 13 16 3 8 12 7 2 19 1 8 17 0 7 13 7 11 7 9 5 19 3 16 16 17 8 7 15 11 5 16 5 12 19 18 0 4 13
15 9 13 17 3 9 19 12 7 11 0 2 0 17 5 8 6 19 1 14 3 15 5 14 5 18 10 15 3 16 15 4 2 8 5 12 12 16 15 9 17 16 4 5 18 14 10 17 3 1
8 4 7 11 15 11 0 16 5 10 3 13 17 0 9 6 9 4 1 11 18 11 18 12 19 0 7 13 15 10 14 6 18 7 3 10 6 16 7 15 11 5 4 3 9 15 3 10 11 11
18 1 13 10 6 5 9 15 10 5 3 16 5 9 0 19 14 18 7 18 9 10 9 1 4 0 6 1 15 11 2 10 1 3 15 2 12 0 14 8 6 15 19 0 1 10 11 15 17 0
13 18 14 9 18 16 6 16 5 2 12 3 8 6 19 0 14 6 0 9 11 18 16 5 2 2 17 8 1 13 0 13 7 17 18 7 4 5 11 0 11 9 12 14 5 0 18 11 9 7
7 1 17 11 15 13 16 3 17 11 7 8 6 9 14 14 0 3 15 6 17 19 7 18 3 16 12 14 19 7 7 12 5 1 2 3 13 18 16 10 14 8 9 12 12 8 12 8 6 1
17 10 2 17 7 18 10 10 0 8 15 12 19 4 18 6 3 0 18 18 3 12 12 5 10 0 6 14 18 5 4 5 7 19 13 0 18 13 1 7 11 6 3 13 4 5 8 0 8 11
10 1 5 3 10 10 12 14 15 16 12 7 1 1 7 0 15 18 0 13 6 1 6 6 2 2 12 16 4 14 14 19 18 16 3 18 17 5 2 3 12 3 5 16 11 17 8 13 1 13
2 7 16 19 10 9 5 10 8 8 10 2 14 11 18 9 6 18 13 0 12 12 15 4 6 0 10 3 4 15 4 6 13 6 17 19 19 9 5 2 8 12 8 9 16 11 19 10 5 5
13 13 7 11 17 3 8 3 17 19 19 19 3 18 9 11 17 3 6 12 0 14 16 6 4 19 16 5 14 3 0 11 9 7 11 7 10 18 0 2 14 5 14 13 4 9 6 14 18 12
16 1 2 7 1 6 15 19 5 17 13 1 15 11 10 18 19 12 1 12 14 0 4 4 9 8 0 10 5 1 0 18 13 17 6 12 2 18 13 16 9 0 7 11 1 9 6 19 18 11
9 0 7 16 3 19 10 13 9 8 10 8 5 18 9 16 7 12 6 15 16 4 0 11 7 15 4 3 3 8 11 16 12 7 8 7 1 0 18 16 12 16 18 16 1 0 5 15 13 11
4 1 1 1 16 11 10 1 3 9 4 17 14 12 1 5 18 5 6 4 6 4 11 0 3 9 12 5 6 3 11 12 8 7 18 17 4 15 4 12 4 12 5 1 8 13 7 1 14 11
19 8 17 8 18 2 10 5 17 3 12 0 5 19 4 2 3 10 2 6 4 9 7 3 0 17 8 6 1 7 6 8 6 5 11 16 10 4 17 10 8 11 4 13 16 13 19 4 19 3
11 0 4 5 8 3 0 16 8 15 11 7 18 0 0 2 16 0 2 0 19 8 15 9 17 0 7 18 19 7 9 14 4 2 6 2 12 19 18 3 2 16 14 13 15 17 8 2 2 11
16 0 5 16 18 18 6 15 3 11 17 13 10 7 6 17 12 6 12 10 16 0 4 12 8 7 0 8 11 5 11 5 9 2 14 7 19 8 15 4 12 15 1 0 13 6 3 13 17 7
15 11 1 2 12 19 6 8 14 14 7 7 15 13 1 8 14 14 16 3 5 10 3 5 6 18 8 0 9 3 19 1 1 12 18 0 12 1 9 9 10 1 2 11 1 17 19 12 5 18
4 6 6 18 15 10 12 15 15 12 13 11 3 15 15 1 19 18 4 4 14 5 3 6 1 19 11 9 0 19 3 10 1 13 8 1 12 18 19 11 12 6 9 11 14 14 13 12 2 12
16 11 12 4 12 16 5 18 10 3 7 7 16 10 11 13 7 5 14 15 3 1 8 3 7 7 5 3 19 0 9 17 14 2 8 1 7 17 10 5 11 5 10 5 6 3 8 3 7 5
7 15 15 9 1 3 0 11 1 1 1 9 15 14 2 0 7 4 14 4 0 0 11 11 6 9 11 19 3 9 0 9 11 18 9 13 11 4 16 8 4 15 2 9 12 15 1 16 19 4
3 10 10 7 6 8 14 0 18 5 11 5 4 6 10 13 12 5 19 6 11 18 16 12 8 14 5 1 10 17 9 0 5 3 2 15 0 18 1 8 10 18 12 17 12 18 18 5 15 18
8 14 11 18 11 7 0 16 1 3 17 19 2 18 1 7 5 7 18 13 9 13 12 8 6 4 9 1 1 14 11 5 0 12 14 8 17 15 0 7 1 16 0 0 15 4 6 14 0 18
1 2 14 6 10 12 1 5 8 7 14 3 8 7 3 17 1 19 16 6 7 17 7 7 5 2 2 12 13 2 18 3 12 0 5 1 17 3 0 13 13 2 15 16 1 12 4 15 4 5
10 8 5 5 7 18 3 5 4 2 4 16 5 3 15 18 2 13 3 17 11 6 8 18 11 6 14 18 8 8 9 2 14 5 0 19 7 2 4 2 4 0 18 15 3 10 15 0 18 5
3 0 9 12 11 12 6 18 13 5 12 16 12 10 2 7 3 0 18 19 7 12 7 17 16 2 7 0 1 1 13 15 8 1 19 0 3 11 1 3 4 14 19 3 8 12 19 17 19 19
9 1 4 19 12 19 7 17 7 8 11 17 12 6 12 4 13 18 17 19 10 2 1 4 10 12 19 12 12 7 11 0 17 17 7 3 0 2 17 16 17 13 9 2 16 1 17 17 4 0
6 5 1 1 10 14 3 12 6 4 11 8 16 16 0 5 18 13 5 9 18 18 0 15 4 19 8 1 18 17 4 18 15 3 2 11 2 0 13 7 9 3 2 9 11 19 3 14 5 13
8 16 0 17 5 2 14 12 9 11 16 7 15 7 14 11 16 1 2 5 0 13 18 4 17 18 15 9 19 10 16 1 0 0 4 1 17 13 0 10 9 18 11 8 8 0 13 6 5 16
18 13 7 13 14 19 15 16 1 10 6 15 9 15 8 0 10 7 3 2 2 16 16 12 10 3 4 9 11 5 8 8 7 13 2 3 16 7 10 0 15 5 9 14 9 12 4 15 9 10
2 7 3 3 12 4 13 18 12 1 15 11 17 11 6 11 14 11 12 8 14 9 12 4 8 2 12 10 12 11 4 10 1 13 4 4 17 9 9 15 0 14 5 15 1 11 0 16 1 4
14 19 2 11 13 3 6 8 0 19 3 5 16 5 15 9 8 6 3 12 5 0 16 12 11 16 15 1 6 5 15 18 16 2 0 14 13 3 18 5 14 0 11 4 1 14 10 4 16 9
11 8 10 9 12 17 2 11 6 19 11 16 4 4 19 12 9 3 5 8 14 7 18 5 4 14 1 2 9 10 2 12 0 15 18 19 9 2 11 9 5 11 0 0 4 16 9 17 19 5
11 7 9 11 7 15 11 10 15 1 9 5 5 3 0 14 12 13 16 9 13 11 16 1 13 13 0 11 11 5 9 17 0 16 15 3 2 9 8 14 15 4 0 0 3 3 1 9 1 15
19 10 1 9 6 13 14 19 4 17 13 12 18 9 1 5 12 4 11 16 4 1 1 8 16 15 13 1 14 6 12 12 15 1 3 8 16 11 8 9 1 1 4 3 0 16 16 6 16 2
14 18 6 5 14 18 10 0 11 2 10 19 14 15 10 0 8 5 17 11 9 9 0 13 13 17 6 17 14 3 15 18 4 12 10 12 1 19 0 12 11 14 16 3 16 0 10 7 4 0
7 13 16 6 14 1 19 2 1 15 16 18 10 3 11 18 12 8 8 19 6 6 5 7 19 8 3 19 13 8 1 18 6 4 15 19 17 3 13 4 0 10 9 1 16 10 0 7 5 19
16 3 8 17 15 4 14 19 16 12 17 0 17 10 15 11 8 0 13 10 14 19 15 1 4 2 13 12 12 3 16 5 14 15 0 17 17 14 6 15 16 4 17 9 6 7 7 0 16 6
7 11 19 1 6 15 18 16 5 2 10 4 3 11 17 9 6 8 1 5 18 18 13 14 19 2 17 5 2 7 19 15 0 4 18 19 4 5 5 9 1 16 19 1 16 4 5 16 0 6
18 2 0 4 9 0 6 15 14 10 9 13 1 11 0 7 1 11 13 5 12 11 11 11 3 11 7 18 12 5 4 18 18 5 5 19 0 13 16 10 4 9 5 15 2 0 19 6 6 0
