50
50
0 0 0 0 0 6 0 0 0 0 0 0 0 0 6 11 0 0 0 0 0 0 0 7 0 0 0 0 0 0 4 0 0 0 0 0 0 14 0 0 0 0 7 0 0 5 4 0 0 0
0 0 0 0 16 0 0 0 4 0 0 10 16 0 16 0 0 0 0 0 4 0 13 0 13 0 0 0 15 7 0 13 0 0 0 0 0 0 9 0 3 12 0 0 0 0 0 11 5 9
0 0 0 10 0 0 0 0 0 0 17 0 0 0 13 0 0 11 0 5 0 0 0 0 0 0 0 0 7 8 0 0 0 0 0 0 0 0 5 0 0 0 0 0 11 0 0 4 11 0
0 0 10 0 0 0 13 9 3 0 0 0 0 15 0 6 9 0 0 12 0 0 0 0 0 0 0 0 0 0 0 11 7 0 0 0 0 0 0 0 13 0 13 0 0 0 0 0 1 0
0 16 0 0 0 0 0 0 6 0 0 5 0 0 0 0 9 0 19 0 13 0 0 0 0 11 14 18 3 0 0 0 0 0 0 0 1 0 0 0 0 0 0 0 0 14 0 0 0 3
6 0 0 0 0 0 0 0 3 12 13 0 0 0 0 0 0 9 0 2 0 0 0 0 0 0 5 0 0 16 0 4 0 0 2 0 12 0 10 0 8 0 0 0 0 6 0 0 6 0
0 0 0 13 0 0 0 0 0 8 0 0 5 0 0 0 14 12 0 0 0 0 0 0 18 10 6 10 5 0 0 0 0 0 0 0 9 0 2 19 2 14 0 0 0 2 0 9 0 17
0 0 0 9 0 0 0 0 0 0 0 2 0 19 0 0 0 0 0 0 0 10 0 0 0 0 4 0 0 0 6 0 12 0 0 0 16 0 14 0 0 0 0 0 0 0 0 0 0 7
0 4 0 3 6 3 0 0 0 0 0 0 0 6 0 0 0 0 0 13 0 0 2 0 0 0 0 0 0 0 0 7 0 0 8 0 5 0 0 0 0 0 0 0 0 16 0 3 17 0
0 0 0 0 0 12 8 0 0 0 6 0 2 0 0 0 0 0 0 0 0 0 0 0 15 0 2 0 0 0 8 0 4 13 0 0 15 11 0 11 0 0 0 0 0 0 0 0 0 8
0 0 17 0 0 13 0 0 0 6 0 0 0 0 0 0 0 0 0 0 0 3 0 1 0 0 12 0 0 0 0 6 11 0 0 0 0 0 0 0 0 0 0 0 0 0 11 9 0 0
0 10 0 0 5 0 0 2 0 0 0 0 0 0 0 0 0 0 0 0 0 0 0 7 0 9 0 5 0 0 0 0 0 1 11 0 0 2 0 0 0 12 0 0 0 12 0 0 17 0
0 16 0 0 0 0 5 0 0 2 0 0 0 0 3 0 1 0 13 0 9 0 18 0 18 0 0 12 0 0 10 0 0 0 0 0 0 0 0 0 0 10 0 12 0 0 0 11 10 0
0 0 0 15 0 0 0 19 6 0 0 0 0 0 0 0 0 0 0 0 0 0 10 0 0 0 10 0 13 0 8 0 0 11 0 0 0 0 0 0 0 0 12 0 0 0 0 15 0 12
6 16 13 0 0 0 0 0 0 0 0 0 3 0 0 19 0 0 0 18 12 0 0 16 0 0 0 17 0 0 0 0 0 0 0 0 0 0 18 0 1 0 0 0 6 0 0 0 0 0
11 0 0 6 0 0 0 0 0 0 0 0 0 0 19 0 0 0 0 14 0 0 0 0 0 13 0 8 0 0 14 0 0 0 0 0 14 0 0 0 0 0 15 0 0 0 0 5 0 0
0 0 0 9 9 0 14 0 0 0 0 0 1 0 0 0 0 0 19 0 0 0 1 0 0 0 14 0 0 0 0 0 0 15 0 0 0 0 0 0 0 0 14 0 0 0 9 0 0 0
0 0 11 0 0 9 12 0 0 0 0 0 0 0 0 0 0 0 0 0 0 0 0 11 18 0 18 0 0 0 0 0 16 15 0 15 10 0 17 0 13 0 0 17 13 0 16 0 0 0
0 0 0 0 19 0 0 0 0 0 0 0 13 0 0 0 19 0 0 0 0 0 0 16 0 0 6 0 0 0 0 0 16 0 4 0 13 15 0 0 0 0 0 0 0 0 0 0 0 0
0 0 5 12 0 2 0 0 13 0 0 0 0 0 18 14 0 0 0 0 0 0 0 15 0 0 0 0 0 0 0 0 6 0 0 7 0 0 0 11 13 0 12 0 0 17 0 0 0 0
0 4 0 0 13 0 0 0 0 0 0 0 9 0 12 0 0 0 0 0 0 10 0 3 13 0 8 7 0 1 4 0 0 0 0 3 0 19 16 0 15 0 0 0 0 16 0 0 0 0
0 0 0 0 0 0 0 10 0 0 3 0 0 0 0 0 0 0 0 0 10 0 0 0 3 6 0 4 3 0 0 0 0 0 10 0 0 0 0 17 3 0 7 0 0 13 0 19 0 0
0 13 0 0 0 0 0 0 2 0 0 0 18 10 0 0 1 0 0 0 0 0 0 0 0 0 0 0 0 0 14 10 0 14 10 0 0 11 0 6 0 0 0 0 0 0 15 0 10 0
7 0 0 0 0 0 0 0 0 0 1 7 0 0 16 0 0 11 16 15 3 0 0 0 0 0 7 4 0 0 0 0 0 14 0 9 8 0 0 4 0 0 0 0 7 18 0 0 0 0
0 13 0 0 0 0 18 0 0 15 0 0 18 0 0 0 0 18 0 0 13 3 0 0 0 0 18 0 17 0 0 9 0 0 0 5 0 8 1 17 0 14 0 0 9 0 10 10 0 0
0 0 0 0 11 0 10 0 0 0 0 9 0 0 0 13 0 0 0 0 0 6 0 0 0 0 0 17 17 0 0 13 7 0 11 10 0 0 3 3 0 0 19 0 2 12 0 0 0 0
0 0 0 0 14 5 6 4 0 2 12 0 0 10 0 0 14 18 6 0 8 0 0 7 18 0 0 0 1 0 18 0 0 0 0 0 0 0 0 0 4 9 19 0 0 0 0 0 0 0
0 0 0 0 18 0 10 0 0 0 0 5 12 0 17 8 0 0 0 0 7 4 0 4 0 17 0 0 0 5 1 0 0 0 0 8 0 4 0 0 15 12 0 0 0 0 0 0 0 0
0 15 7 0 3 0 5 0 0 0 0 0 0 13 0 0 0 0 0 0 0 3 0 0 17 17 1 0 0 0 0 0 0 0 0 9 0 0 0 0 0 0 8 0 4 0 0 1 3 0
0 7 8 0 0 16 0 0 0 0 0 0 0 0 0 0 0 0 0 0 1 0 0 0 0 0 0 5 0 0 0 0 0 0 0 0 0 6 0 0 0 15 0 0 0 14 0 0 0 0
4 0 0 0 0 0 0 6 0 8 0 0 10 8 0 14 0 0 0 0 4 0 14 0 0 0 18 1 0 0 0 0 0 0 0 13 5 0 5 0 13 18 18 0 2 8 0 19 0 0
0 13 0 11 0 4 0 0 7 0 6 0 0 0 0 0 0 0 0 0 0 0 10 0 9 13 0 0 0 0 0 0 0 0 2 11 0 14 0 11 19 0 0 0 0 0 0 3 0 0
0 0 0 7 0 0 0 12 0 4 11 0 0 0 0 0 0 16 16 6 0 0 0 0 0 7 0 0 0 0 0 0 0 0 15 6 0 11 0 15 0 0 0 5 0 0 0 0 0 0
0 0 0 0 0 0 0 0 0 13 0 1 0 11 0 0 15 15 0 0 0 0 14 14 0 0 0 0 0 0 0 0 0 0 8 0 19 17 0 0 5 13 0 0 0 18 1 0 0 0
0 0 0 0 0 2 0 0 8 0 0 11 0 0 0 0 0 0 4 0 0 10 10 0 0 11 0 0 0 0 0 2 15 8 0 0 0 0 7 0 0 14 0 14 0 0 19 17 0 0
0 0 0 0 0 0 0 0 0 0 0 0 0 0 0 0 0 15 0 7 3 0 0 9 5 10 0 8 9 0 13 11 6 0 0 0 0 2 0 0 0 0 13 7 0 0 0 0 0 0
0 0 0 0 1 12 9 16 5 15 0 0 0 0 0 14 0 10 13 0 0 0 0 8 0 0 0 0 0 0 5 0 0 19 0 0 0 0 1 7 12 0 0 8 18 0 12 0 0 0
14 0 0 0 0 0 0 0 0 11 0 2 0 0 0 0 0 0 15 0 19 0 11 0 8 0 0 4 0 6 0 14 11 17 0 2 0 0 3 5 0 0 2 0 0 0 6 0 0 0
0 9 5 0 0 10 2 14 0 0 0 0 0 0 18 0 0 17 0 0 16 0 0 0 1 3 0 0 0 0 5 0 0 0 7 0 1 3 0 0 0 0 0 0 2 0 17 7 15 6
0 0 0 0 0 0 19 0 0 11 0 0 0 0 0 0 0 0 0 11 0 17 6 4 17 3 0 0 0 0 0 11 15 0 0 0 7 5 0 0 0 0 0 0 0 0 0 0 0 2
0 3 0 13 0 8 2 0 0 0 0 0 0 0 1 0 0 13 0 13 15 3 0 0 0 0 4 15 0 0 13 19 0 5 0 0 12 0 0 0 0 18 0 4 0 0 0 0 18 0
0 12 0 0 0 0 14 0 0 0 0 12 10 0 0 0 0 0 0 0 0 0 0 0 14 0 9 12 0 15 18 0 0 13 14 0 0 0 0 0 18 0 10 5 0 14 13 0 10 4
7 0 0 13 0 0 0 0 0 0 0 0 0 12 0 15 14 0 0 12 0 7 0 0 0 19 19 0 8 0 18 0 0 0 0 13 0 2 0 0 0 10 0 0 0 0 0 0 0 0
0 0 0 0 0 0 0 0 0 0 0 0 12 0 0 0 0 17 0 0 0 0 0 0 0 0 0 0 0 0 0 0 5 0 14 7 8 0 0 0 4 5 0 0 11 0 17 0 15 0
0 0 11 0 0 0 0 0 0 0 0 0 0 0 6 0 0 13 0 0 0 0 0 7 9 2 0 0 4 0 2 0 0 0 0 0 18 0 2 0 0 0 0 11 0 0 18 0 0 0
5 0 0 0 14 6 2 0 16 0 0 12 0 0 0 0 0 0 0 17 16 13 0 18 0 12 0 0 0 14 8 0 0 18 0 0 0 0 0 0 0 14 0 0 0 0 0 0 4 0
4 0 0 0 0 0 0 0 0 0 11 0 0 0 0 0 9 16 0 0 0 0 15 0 10 0 0 0 0 0 0 0 0 1 19 0 12 6 17 0 0 13 0 17 18 0 0 0 8 0
0 11 4 0 0 0 9 0 3 0 9 0 11 15 0 5 0 0 0 0 0 19 0 0 10 0 0 0 1 0 19 3 0 0 17 0 0 0 7 0 0 0 0 0 0 0 0 0 17 0
0 5 11 1 0 6 0 0 17 0 0 17 10 0 0 0 0 0 0 0 0 0 10 0 0 0 0 0 3 0 0 0 0 0 0 0 0 0 15 0 18 10 0 15 0 4 8 17 0 0
0 9 0 0 3 0 17 7 0 8 0 0 0 12 0 0 0 0 0 0 0 0 0 0 0 0 0 0 0 0 0 0 0 0 0 0 0 0 6 2 0 4 0 0 0 0 0 0 0 0
