100
50
0 0 13 0 0 0 0 0 0 5 0 2 15 0 9 0 0 0 0 0 0 0 11 0 0 0 0 8 0 0 0 0 0 0 11 0 0 12 0 0 0 17 0 15 0 0 0 0 0 0
0 0 2 0 0 0 2 0 17 0 0 16 5 0 0 0 0 0 0 0 0 0 0 0 0 0 0 0 9 12 0 2 0 0 1 0 0 6 0 0 0 6 0 0 0 0 0 0 8 0
13 2 0 0 0 9 0 0 14 16 0 0 0 11 11 15 1 18 9 0 0 0 11 13 0 16 7 13 0 0 0 0 0 10 0 0 0 0 12 3 0 10 0 0 9 0 0 0 0 0
0 0 0 0 0 0 7 0 0 15 0 0 8 1 0 0 0 0 0 0 0 12 0 0 0 3 6 3 14 0 5 0 0 0 0 0 13 0 0 0 0 0 0 14 0 0 0 0 0 15
0 0 0 0 0 0 0 0 0 0 0 0 0 0 3 0 0 0 0 0 0 0 0 15 0 0 3 0 0 0 0 0 0 0 0 9 14 0 9 9 0 2 0 0 0 0 7 0 0 7
0 0 9 0 0 0 11 15 11 0 1 0 9 0 0 0 0 0 9 0 0 0 0 0 0 0 0 0 0 0 0 0 0 2 1 0 0 0 0 0 0 0 0 0 14 0 0 0 9 0
0 2 0 7 0 11 0 0 0 0 0 11 0 0 0 0 0 0 2 0 0 0 0 0 14 0 0 0 0 0 4 0 13 0 0 17 0 0 0 0 1 1 0 3 19 0 0 0 11 2
0 0 0 0 0 15 0 0 0 0 19 0 6 0 0 0 0 0 0 0 0 0 14 2 0 0 0 0 12 0 9 0 9 1 0 0 0 9 0 7 0 0 0 11 0 0 10 0 0 17
0 17 14 0 0 11 0 0 0 17 0 0 0 18 19 0 14 0 0 6 0 0 7 0 0 0 0 0 0 0 6 0 0 0 16 0 0 0 0 0 0 0 0 0 0 0 0 0 0 2
5 0 16 15 0 0 0 0 17 0 0 0 0 0 4 19 3 2 11 9 11 0 0 14 15 8 1 0 0 0 0 0 12 4 0 0 0 0 0 0 0 0 7 6 0 0 0 0 0 0
0 0 0 0 0 1 0 19 0 0 0 0 0 0 0 0 0 0 0 13 0 16 0 0 0 0 2 0 0 0 0 0 0 0 12 0 11 0 3 12 0 0 3 0 0 0 9 0 0 0
2 16 0 0 0 0 11 0 0 0 0 0 0 0 19 15 0 0 0 0 0 0 7 0 0 0 16 11 10 0 0 0 0 0 0 0 0 0 17 0 19 0 1 0 0 0 0 0 10 0
15 5 0 8 0 9 0 6 0 0 0 0 0 0 0 0 0 13 0 4 0 0 0 0 14 0 0 0 8 4 0 0 0 4 0 2 0 0 14 5 0 15 0 0 0 0 15 17 0 0
0 0 11 1 0 0 0 0 18 0 0 0 0 0 3 17 0 3 0 9 9 0 0 0 10 0 0 0 0 16 6 0 1 0 0 12 3 0 0 0 0 0 0 13 0 0 0 14 3 6
9 0 11 0 3 0 0 0 19 4 0 19 0 3 0 0 17 19 0 0 0 0 0 0 0 7 3 0 2 0 0 11 10 0 0 13 0 0 7 15 0 0 0 0 0 8 8 0 10 0
0 0 15 0 0 0 0 0 0 19 0 15 0 17 0 0 16 0 0 0 0 13 0 0 0 10 0 0 4 0 0 2 19 5 0 19 18 0 0 0 0 0 5 0 0 0 0 7 0 16
0 0 1 0 0 0 0 0 14 3 0 0 0 0 17 16 0 0 0 15 9 0 0 0 9 0 0 0 0 0 0 5 0 0 19 0 0 0 0 0 0 11 0 15 0 0 0 0 15 13
0 0 18 0 0 0 0 0 0 2 0 0 13 3 19 0 0 0 0 0 0 0 0 0 0 0 0 0 0 0 14 0 0 0 0 16 10 0 0 0 0 0 19 0 0 19 0 4 0 10
0 0 9 0 0 9 2 0 0 11 0 0 0 0 0 0 0 0 0 0 0 0 0 17 2 0 15 0 17 0 0 0 0 0 13 0 0 0 17 0 0 15 0 0 0 0 0 0 0 0
0 0 0 0 0 0 0 0 6 9 13 0 4 9 0 0 15 0 0 0 1 0 0 0 0 0 0 0 0 0 0 0 0 0 0 0 2 4 9 0 19 4 0 0 0 0 0 0 0 0
0 0 0 0 0 0 0 0 0 11 0 0 0 9 0 0 9 0 0 1 0 0 0 0 0 0 9 0 0 0 0 18 0 0 0 0 3 0 16 0 16 0 9 4 0 0 0 1 0 0
0 0 0 12 0 0 0 0 0 0 16 0 0 0 0 13 0 0 0 0 0 0 1 0 9 7 17 0 10 18 18 0 0 14 0 19 2 9 0 0 3 10 0 9 9 2 13 0 0 0
11 0 11 0 0 0 0 14 7 0 0 7 0 0 0 0 0 0 0 0 0 1 0 0 0 0 0 0 0 5 0 13 0 0 4 0 0 0 0 0 0 0 0 0 9 0 0 0 0 0
0 0 13 0 15 0 0 2 0 14 0 0 0 0 0 0 0 0 17 0 0 0 0 0 0 0 19 0 0 12 0 0 9 0 0 18 6 0 0 0 16 0 0 0 12 0 0 18 5 3
0 0 0 0 0 0 14 0 0 15 0 0 14 10 0 0 9 0 2 0 0 9 0 0 0 0 0 6 11 0 0 0 0 3 17 13 2 0 0 19 0 0 0 0 6 0 0 0 12 0
0 0 16 3 0 0 0 0 0 8 0 0 0 0 7 10 0 0 0 0 0 7 0 0 0 0 8 0 1 0 11 0 0 0 1 6 0 18 18 0 0 0 0 0 0 3 5 0 0 0
0 0 7 6 3 0 0 0 0 1 2 16 0 0 3 0 0 0 15 0 9 17 0 19 0 8 0 9 0 0 14 16 9 0 10 0 0 0 12 0 0 19 0 7 11 9 0 0 0 0
8 0 13 3 0 0 0 0 0 0 0 11 0 0 0 0 0 0 0 0 0 0 0 0 6 0 9 0 0 0 0 0 0 0 0 0 10 5 0 0 0 0 0 0 0 0 0 0 0 3
0 9 0 14 0 0 0 12 0 0 0 10 8 0 2 4 0 0 17 0 0 10 0 0 11 1 0 0 0 0 0 5 0 0 0 0 9 0 0 0 0 0 4 0 0 0 19 18 11 16
0 12 0 0 0 0 0 0 0 0 0 0 4 16 0 0 0 0 0 0 0 18 5 12 0 0 0 0 0 0 5 0 0 0 0 0 0 4 0 0 12 0 0 0 0 0 0 0 0 0
0 0 0 5 0 0 4 9 6 0 0 0 0 6 0 0 0 14 0 0 0 18 0 0 0 11 14 0 0 5 0 0 3 0 0 0 0 14 0 0 13 0 0 0 3 0 0 0 5 0
0 2 0 0 0 0 0 0 0 0 0 0 0 0 11 2 5 0 0 0 18 0 13 0 0 0 16 0 5 0 0 0 0 10 11 0 0 0 0 0 19 0 0 0 8 0 0 0 0 11
0 0 0 0 0 0 13 9 0 12 0 0 0 1 10 19 0 0 0 0 0 0 0 9 0 0 9 0 0 0 3 0 0 6 3 0 0 0 0 0 0 18 0 0 1 0 0 12 0 0
0 0 10 0 0 2 0 1 0 4 0 0 4 0 0 5 0 0 0 0 0 14 0 0 3 0 0 0 0 0 0 10 6 0 0 0 0 0 19 3 0 0 0 0 8 0 4 0 0 4
11 1 0 0 0 1 0 0 16 0 12 0 0 0 0 0 19 0 13 0 0 0 4 0 17 1 10 0 0 0 0 11 3 0 0 9 0 0 0 0 0 0 1 11 0 0 0 8 0 3
0 0 0 0 9 0 17 0 0 0 0 0 2 12 13 19 0 16 0 0 0 19 0 18 13 6 0 0 0 0 0 0 0 0 9 0 0 0 16 14 0 0 10 0 18 0 10 0 0 0
0 0 0 13 14 0 0 0 0 0 11 0 0 3 0 18 0 10 0 2 3 2 0 6 2 0 0 10 9 0 0 0 0 0 0 0 0 0 0 1 0 0 10 0 0 0 0 0 0 0
12 6 0 0 0 0 0 9 0 0 0 0 0 0 0 0 0 0 0 4 0 9 0 0 0 18 0 5 0 4 14 0 0 0 0 0 0 0 0 0 0 0 0 0 0 0 0 0 0 0
0 0 12 0 9 0 0 0 0 0 3 17 14 0 7 0 0 0 17 9 16 0 0 0 0 18 12 0 0 0 0 0 0 19 0 16 0 0 0 0 0 0 0 0 0 0 0 0 0 14
0 0 3 0 9 0 0 7 0 0 12 0 5 0 15 0 0 0 0 0 0 0 0 0 19 0 0 0 0 0 0 0 0 3 0 14 1 0 0 0 7 9 0 0 0 0 1 0 0 2
0 0 0 0 0 0 1 0 0 0 0 19 0 0 0 0 0 0 0 19 16 3 0 16 0 0 0 0 0 12 13 19 0 0 0 0 0 0 0 7 0 2 9 18 11 17 2 19 0 0
17 6 10 0 2 0 1 0 0 0 0 0 15 0 0 0 11 0 15 4 0 10 0 0 0 0 19 0 0 0 0 0 18 0 0 0 0 0 0 9 2 0 0 1 0 0 4 0 0 6
0 0 0 0 0 0 0 0 0 7 3 1 0 0 0 5 0 19 0 0 9 0 0 0 0 0 0 0 4 0 0 0 0 0 1 10 10 0 0 0 9 0 0 0 2 0 0 0 0 0
15 0 0 14 0 0 3 11 0 6 0 0 0 13 0 0 15 0 0 0 4 9 0 0 0 0 7 0 0 0 0 0 0 0 11 0 0 0 0 0 18 1 0 0 0 0 0 0 18 2
0 0 9 0 0 14 19 0 0 0 0 0 0 0 0 0 0 0 0 0 0 9 9 12 6 0 11 0 0 0 3 8 1 8 0 18 0 0 0 0 11 0 2 0 0 2 0 0 0 0
0 0 0 0 0 0 0 0 0 0 0 0 0 0 8 0 0 19 0 0 0 2 0 0 0 3 9 0 0 0 0 0 0 0 0 0 0 0 0 0 17 0 0 0 2 0 0 18 0 0
0 0 0 0 7 0 0 10 0 0 9 0 15 0 8 0 0 0 0 0 0 13 0 0 0 5 0 0 19 0 0 0 0 4 0 10 0 0 0 1 2 4 0 0 0 0 0 0 0 9
0 0 0 0 0 0 0 0 0 0 0 0 17 14 0 7 0 4 0 0 1 0 0 18 0 0 0 0 18 0 0 0 12 0 8 0 0 0 0 0 19 0 0 0 0 18 0 0 0 0
0 8 0 0 0 9 11 0 0 0 0 10 0 3 10 0 15 0 0 0 0 0 0 5 12 0 0 0 11 0 5 0 0 0 0 0 0 0 0 0 0 0 0 18 0 0 0 0 0 0
0 0 0 15 7 0 2 17 2 0 0 0 0 6 0 16 13 10 0 0 0 0 0 3 0 0 0 3 16 0 0 11 0 4 3 0 0 0 14 2 0 6 0 2 0 0 9 0 0 0
