100
75
0 4 0 2 8 2 9 0 0 0 0 2 0 0 0 0 0 0 13 0 0 13 16 0 0 0 0 0 10 0 0 0 0 0 6 0 0 0 0 0 11 3 0 0 19 0 0 0 13 18 0 0 0 0 7 0 0 18 0 0 0 0 0 0 2 8 11 12 0 0 0 0 6 0 17
4 0 0 0 0 0 0 0 5 0 0 0 0 3 0 0 0 0 0 0 4 0 0 0 0 6 0 12 9 8 16 0 6 0 0 0 0 0 6 17 0 0 0 0 0 0 0 0 14 0 14 0 0 0 11 10 7 9 0 0 3 17 0 8 5 0 0 0 0 2 0 0 0 0 0
0 0 0 0 12 0 0 16 0 0 2 0 1 8 0 4 0 0 0 14 12 1 0 0 9 0 13 0 0 0 0 0 0 0 11 0 0 0 0 8 10 0 0 0 0 7 0 0 13 0 0 13 0 4 5 10 0 0 0 0 0 0 0 0 0 0 6 17 0 18 17 3 0 3 0
2 0 0 0 0 0 0 0 0 0 13 0 2 0 2 5 0 0 9 0 0 0 0 0 0 0 9 0 0 3 0 0 0 0 0 0 0 14 0 0 0 2 12 0 0 12 0 0 0 0 12 17 0 0 0 0 0 10 0 0 0 0 0 12 0 0 0 0 0 0 0 0 0 16 0
8 0 12 0 0 0 0 0 0 0 5 0 0 1 0 0 11 0 0 0 0 7 0 0 0 0 0 0 6 0 5 0 0 0 0 0 18 0 0 0 0 0 0 0 0 0 0 17 0 8 0 0 0 0 0 0 0 16 11 0 0 0 0 0 3 16 0 0 0 19 0 2 0 0 0
2 0 0 0 0 0 0 0 7 0 0 4 0 0 6 1 12 0 0 0 0 0 19 0 0 19 0 0 0 0 2 0 0 12 0 15 0 5 0 14 0 0 0 0 0 0 0 0 2 0 0 0 11 0 12 4 0 4 0 0 17 0 0 7 0 1 19 10 0 0 15 3 0 0 7
9 0 0 0 0 0 0 0 10 9 0 0 0 0 0 1 0 7 0 0 9 0 0 0 6 0 0 0 0 0 0 0 0 0 0 0 18 0 0 0 0 14 0 0 0 0 5 0 9 1 3 0 15 0 0 0 2 0 16 2 14 0 0 18 0 0 0 0 0 10 0 1 0 0 0
0 0 16 0 0 0 0 0 0 6 0 0 0 0 0 0 3 0 0 0 0 0 0 0 16 3 5 0 0 14 16 16 0 0 0 9 0 0 0 0 0 0 0 0 0 0 0 18 0 0 0 0 0 0 0 6 6 0 0 0 0 0 0 0 0 0 0 0 0 0 0 0 0 0 0
0 5 0 0 0 7 10 0 0 0 0 0 0 0 0 7 0 0 0 0 0 0 13 0 0 0 0 0 0 0 0 0 0 17 19 0 0 0 0 0 0 0 19 3 17 19 0 4 0 10 0 13 18 0 0 0 0 0 0 12 0 0 17 0 17 0 0 0 11 0 0 0 0 18 0
0 0 0 0 0 0 9 6 0 0 0 0 0 4 2 5 11 9 0 0 0 17 0 0 0 0 5 2 0 0 0 0 0 0 0 5 0 0 0 0 7 0 0 12 0 0 0 0 0 0 12 0 14 0 0 0 0 4 1 0 0 0 0 0 1 0 0 0 0 0 2 0 0 0 11
0 0 2 13 5 0 0 0 0 0 0 18 19 0 7 5 0 7 0 11 0 19 6 0 0 14 0 0 0 1 2 7 19 0 17 0 0 0 0 12 1 0 0 0 0 2 0 0 0 0 0 9 0 0 19 0 0 1 5 19 0 0 0 0 0 0 0 0 0 0 0 0 0 0 0
2 0 0 0 0 4 0 0 0 0 18 0 0 17 0 16 0 0 0 0 0 8 0 16 12 7 0 12 0 16 0 0 0 17 0 0 0 0 0 6 0 0 14 0 0 18 0 6 0 0 0 19 11 16 14 18 0 0 0 19 5 0 8 0 0 0 0 0 0 0 0 0 0 18 0
0 0 1 2 0 0 0 0 0 0 19 0 0 6 0 0 0 0 0 0 0 0 0 17 15 0 0 0 0 0 0 0 0 7 0 0 13 8 1 0 0 14 0 0 19 9 0 0 9 0 0 17 0 19 0 0 0 0 0 19 0 0 0 0 12 0 0 0 0 0 7 0 0 0 0
0 3 8 0 1 0 0 0 0 4 0 17 6 0 0 10 0 0 0 0 14 13 0 7 0 0 0 0 0 13 0 10 11 0 7 1 0 0 0 0 0 0 0 13 0 7 0 0 16 7 1 0 8 0 16 0 0 0 0 0 0 0 0 0 0 0 0 19 0 5 0 12 0 0 0
0 0 0 2 0 6 0 0 0 2 7 0 0 0 0 0 0 3 0 17 0 13 0 1 0 6 0 0 4 5 19 0 13 0 19 0 0 0 0 0 4 1 11 3 0 0 0 1 9 0 13 0 0 0 0 0 0 1 9 0 0 3 0 0 11 0 11 0 0 0 0 12 0 5 0
0 0 4 5 0 1 1 0 7 5 5 16 0 10 0 0 0 0 0 0 0 14 0 18 0 0 0 0 5 0 0 0 0 0 0 0 0 0 0 0 0 5 0 0 15 0 0 7 0 0 19 1 0 0 3 0 5 0 6 0 0 0 16 0 0 0 0 14 11 0 0 10 0 5 0
0 0 0 0 11 12 0 3 0 11 0 0 0 0 0 0 0 0 9 4 0 0 0 0 0 0 0 15 14 0 0 12 0 0 0 0 0 11 7 0 0 0 0 0 1 18 11 0 0 0 0 0 12 0 0 0 18 0 14 0 7 15 0 0 0 0 0 19 0 0 17 14 18 7 0
0 0 0 0 0 0 7 0 0 9 7 0 0 0 3 0 0 0 0 0 0 0 0 2 0 0 0 0 4 0 0 0 0 0 0 11 0 0 0 0 0 0 0 0 0 9 0 0 18 5 0 0 0 0 19 0 18 0 2 0 0 19 19 0 0 0 0 0 0 0 0 0 14 0 12
13 0 0 9 0 0 0 0 0 0 0 0 0 0 0 0 9 0 0 0 1 0 0 19 0 0 0 0 0 0 0 0 0 0 0 0 11 0 0 0 9 0 0 16 0 0 19 17 0 0 0 0 0 0 0 0 0 0 16 0 0 0 0 0 0 0 0 0 0 13 0 0 0 0 13
0 0 14 0 0 0 0 0 0 0 11 0 0 0 17 0 4 0 0 0 0 0 0 0 0 0 0 0 2 14 18 0 0 0 0 8 0 0 0 16 0 0 0 4 0 17 9 0 0 5 0 0 0 0 0 0 0 18 2 0 0 0 0 0 0 4 0 0 0 0 0 0 0 0 17
0 4 12 0 0 0 9 0 0 0 0 0 0 14 0 0 0 0 1 0 0 5 0 0 0 0 0 0 0 0 0 15 0 0 16 0 0 0 0 0 3 0 0 0 11 0 0 7 3 0 0 0 0 0 0 0 0 5 17 0 0 4 19 0 0 0 0 0 0 8 0 0 0 0 0
13 0 1 0 7 0 0 0 0 17 19 8 0 13 13 14 0 0 0 0 5 0 19 0 0 0 0 0 0 0 0 19 0 3 0 0 0 3 0 0 19 0 18 0 0 0 16 0 19 0 0 0 0 8 12 0 0 0 0 10 0 0 12 0 3 11 0 11 0 16 0 0 0 0 0
16 0 0 0 0 19 0 0 13 0 6 0 0 0 0 0 0 0 0 0 0 19 0 19 0 0 10 0 1 0 0 15 0 0 0 14 0 10 0 0 1 0 0 0 0 0 0 0 0 0 0 0 0 0 0 0 0 0 0 8 0 0 0 0 0 17 0 0 0 10 3 0 0 0 13
0 0 0 0 0 0 0 0 0 0 0 16 17 7 1 18 0 2 19 0 0 0 19 0 16 0 12 0 0 0 0 4 0 0 0 0 4 0 15 0 0 0 0 0 0 0 8 19 16 17 0 0 14 0 0 0 3 16 13 0 0 14 3 0 0 0 0 2 0 3 0 0 11 1 19
0 0 9 0 0 0 6 16 0 0 0 12 15 0 0 0 0 0 0 0 0 0 0 16 0 0 0 9 0 0 0 0 0 0 8 0 0 9 17 8 0 2 0 13 0 0 2 0 0 0 0 13 0 15 0 19 0 18 0 0 0 0 0 0 0 11 16 2 10 2 3 0 6 15 0
0 6 0 0 0 19 0 3 0 0 14 7 0 0 6 0 0 0 0 0 0 0 0 0 0 0 0 0 5 0 0 0 0 10 0 0 0 1 0 0 0 0 0 0 8 2 0 0 0 4 0 7 0 2 6 10 2 1 0 16 15 0 0 18 13 0 0 0 0 0 0 0 0 3 0
0 0 13 9 0 0 0 5 0 5 0 0 0 0 0 0 0 0 0 0 0 0 10 12 0 0 0 17 0 0 0 6 18 0 0 0 0 4 2 0 19 0 0 14 15 0 0 0 0 0 0 0 0 16 0 17 0 16 0 0 0 13 15 0 0 0 0 0 0 0 7 0 14 0 1
0 12 0 0 0 0 0 0 0 2 0 12 0 0 0 0 15 0 0 0 0 0 0 0 9 0 17 0 0 0 0 0 0 18 0 0 18 0 0 15 0 0 0 0 1 17 16 0 0 0 0 0 0 0 7 0 0 0 0 3 0 6 0 0 12 0 0 9 0 0 0 0 0 5 19
10 9 0 0 6 0 0 0 0 0 0 0 0 0 4 5 14 4 0 2 0 0 1 0 0 5 0 0 0 0 1 0 0 0 0 3 4 6 10 9 0 9 0 0 16 0 0 0 0 0 13 1 0 5 0 5 0 0 13 0 0 0 0 0 16 0 4 0 0 0 0 0 3 0 15
0 8 0 3 0 0 0 14 0 0 1 16 0 13 5 0 0 0 0 14 0 0 0 0 0 0 0 0 0 0 0 0 0 9 0 0 14 0 0 0 15 0 0 13 0 0 0 0 0 10 0 0 0 0 5 0 0 19 15 5 0 0 0 0 0 15 0 0 0 0 0 0 0 6 0
0 16 0 0 5 2 0 16 0 0 2 0 0 0 19 0 0 0 0 18 0 0 0 0 0 0 0 0 1 0 0 0 0 0 0 0 0 0 9 0 10 13 0 0 10 10 0 0 0 0 16 0 0 10 0 17 0 0 0 0 0 0 0 0 0 0 0 0 0 0 0 0 18 12 0
0 0 0 0 0 0 0 16 0 0 7 0 0 10 0 0 12 0 0 0 15 19 15 4 0 0 6 0 0 0 0 0 0 0 0 0 7 12 0 0 0 0 0 7 0 0 13 0 0 0 0 0 0 0 13 0 0 0 0 19 0 0 0 19 0 0 0 17 0 9 0 0 0 8 0
0 6 0 0 0 0 0 0 0 0 19 0 0 11 13 0 0 0 0 0 0 0 0 0 0 0 18 0 0 0 0 0 0 4 0 11 3 0 0 0 0 11 0 0 0 0 14 3 0 0 0 0 0 0 8 0 0 0 13 0 0 19 0 0 0 0 0 0 0 0 0 0 0 18 16
0 0 0 0 0 12 0 0 17 0 0 17 7 0 0 0 0 0 0 0 0 3 0 0 0 10 0 18 0 9 0 0 4 0 12 10 14 0 0 0 0 0 0 2 0 0 0 0 0 0 0 0 8 0 0 0 0 11 0 0 7 0 0 0 3 0 18 0 0 0 3 17 0 0 0
6 0 11 0 0 0 0 0 19 0 17 0 0 7 19 0 0 0 0 0 16 0 0 0 8 0 0 0 0 0 0 0 0 12 0 15 0 0 2 0 13 0 0 0 0 0 0 0 0 0 7 0 0 4 1 0 0 0 0 0 0 0 0 0 0 10 0 9 0 0 0 0 0 0 11
0 0 0 0 0 15 0 9 0 5 0 0 0 1 0 0 0 11 0 8 0 0 14 0 0 0 0 0 3 0 0 0 11 10 15 0 0 0 0 0 11 0 0 0 0 0 15 0 9 0 2 12 0 0 14 19 17 12 3 0 0 0 0 0 0 3 0 7 0 13 16 9 0 0 0
0 0 0 0 18 0 18 0 0 0 0 0 13 0 0 0 0 0 11 0 0 0 0 4 0 0 0 18 4 14 0 7 3 14 0 0 0 0 16 0 0 0 0 10 0 0 15 0 0 0 4 0 17 0 0 0 0 13 6 0 0 0 0 0 0 0 8 0 3 0 13 15 0 0 6
0 0 0 14 0 5 0 0 0 0 0 0 8 0 0 0 11 0 0 0 0 3 10 0 9 1 4 0 6 0 0 12 0 0 0 0 0 0 5 0 0 10 13 6 0 18 8 0 0 0 0 0 0 0 0 0 1 2 0 0 0 0 0 0 0 0 0 12 0 4 3 7 5 17 0
0 6 0 0 0 0 0 0 0 0 0 0 1 0 0 0 7 0 0 0 0 0 0 15 17 0 2 0 10 0 9 0 0 0 2 0 16 5 0 6 0 17 0 0 0 11 0 0 12 0 0 0 0 12 0 17 12 4 0 0 0 15 0 2 2 0 0 0 0 0 0 0 0 0 7
0 17 8 0 0 14 0 0 0 0 12 6 0 0 0 0 0 0 0 16 0 0 0 0 8 0 0 15 9 0 0 0 0 0 0 0 0 0 6 0 0 0 0 0 0 0 0 0 0 0 4 10 0 0 12 0 0 7 0 0 4 0 0 13 0 0 0 0 0 12 0 18 0 0 0
11 0 10 0 0 0 0 0 0 7 1 0 0 0 4 0 0 0 9 0 3 19 1 0 0 0 19 0 0 15 10 0 0 0 13 11 0 0 0 0 0 0 0 15 0 0 0 0 0 0 0 0 0 0 0 0 0 0 0 0 0 0 6 0 0 0 0 0 0 0 0 0 3 11 0
3 0 0 2 0 0 14 0 0 0 0 0 14 0 1 5 0 0 0 0 0 0 0 0 2 0 0 0 9 0 13 0 11 0 0 0 0 10 17 0 0 0 0 0 0 12 0 0 0 0 0 0 0 0 0 3 0 10 0 0 15 18 0 0 0 0 0 0 0 0 13 0 0 0 0
0 0 0 12 0 0 0 0 19 0 0 14 0 0 11 0 0 0 0 0 0 18 0 0 0 0 0 0 0 0 0 0 0 0 0 0 0 13 0 0 0 0 0 0 0 0 0 0 0 0 11 0 0 19 0 0 16 5 6 0 5 18 0 0 13 7 0 0 0 0 2 5 1 15 0
0 0 0 0 0 0 0 0 3 12 0 0 0 13 3 0 0 0 16 4 0 0 0 0 13 0 14 0 0 13 0 7 0 2 0 0 10 6 0 0 15 0 0 0 0 0 3 1 0 0 15 0 9 0 0 10 0 0 0 0 0 0 0 18 0 14 0 0 0 0 0 14 0 0 0
19 0 0 0 0 0 0 0 17 0 0 0 19 0 0 15 1 0 0 0 11 0 0 0 0 8 15 1 16 0 10 0 0 0 0 0 0 0 0 0 0 0 0 0 0 4 0 0 0 0 19 15 0 0 0 15 0 0 0 0 0 0 0 0 0 0 0 0 0 0 0 0 9 0 0
0 0 7 12 0 0 0 0 19 0 2 18 9 7 0 0 18 9 0 17 0 0 0 0 0 2 0 17 0 0 10 0 0 0 0 0 0 18 11 0 0 12 0 0 4 0 0 19 0 16 0 0 0 0 0 16 0 1 0 0 14 18 19 15 4 0 10 0 0 0 0 0 15 0 0
0 0 0 0 0 0 5 0 0 0 0 0 0 0 0 0 11 0 19 9 0 16 0 8 2 0 0 16 0 0 0 13 14 0 0 15 15 8 0 0 0 0 0 3 0 0 0 0 0 0 1 0 0 0 10 12 0 1 0 0 0 0 0 0 6 0 0 12 0 0 0 0 0 0 0
0 0 0 0 17 0 0 18 4 0 0 6 0 0 1 7 0 0 17 0 7 0 0 19 0 0 0 0 0 0 0 0 3 0 0 0 0 0 0 0 0 0 0 1 0 19 0 0 7 0 12 2 0 0 0 0 0 0 0 18 0 1 19 0 0 7 0 0 16 0 0 0 11 0 0
13 14 13 0 0 2 9 0 0 0 0 0 9 16 9 0 0 18 0 0 3 19 0 16 0 0 0 0 0 0 0 0 0 0 0 9 0 0 12 0 0 0 0 0 0 0 0 7 0 5 0 7 0 0 0 1 0 0 0 0 0 1 0 0 0 0 14 0 0 15 17 0 0 9 3
18 0 0 0 8 0 1 0 10 0 0 0 0 7 0 0 0 5 0 5 0 0 0 17 0 4 0 0 0 10 0 0 0 0 0 0 0 0 0 0 0 0 0 0 0 16 0 0 5 0 8 0 0 5 0 19 0 7 0 0 0 0 6 0 0 2 0 0 0 16 0 1 0 0 4
0 14 0 12 0 0 3 0 0 12 0 0 0 1 13 19 0 0 0 0 0 0 0 0 0 0 0 0 13 0 16 0 0 0 7 2 4 0 0 4 0 0 11 15 19 0 1 12 0 8 0 0 0 0 0 11 0 10 0 0 0 0 0 13 10 0 0 0 2 0 0 7 0 0 0
0 0 13 17 0 0 0 0 13 0 9 19 17 0 0 1 0 0 0 0 0 0 0 0 13 7 0 0 1 0 0 0 0 0 0 12 0 0 0 10 0 0 0 0 15 0 0 2 7 0 0 0 0 0 0 0 1 9 0 0 0 17 17 6 0 0 0 2 0 0 11 0 0 0 9
0 0 0 0 0 11 15 0 18 14 0 11 0 8 0 0 12 0 0 0 0 0 0 14 0 0 0 0 0 0 0 0 0 8 0 0 17 0 0 0 0 0 0 9 0 0 0 0 0 0 0 0 0 0 0 0 0 0 0 0 7 0 0 0 0 0 8 0 5 0 0 0 12 0 0
0 0 4 0 0 0 0 0 0 0 0 16 19 0 0 0 0 0 0 0 0 8 0 0 15 2 16 0 5 0 10 0 0 0 4 0 0 0 12 0 0 0 19 0 0 0 0 0 0 5 0 0 0 0 0 5 0 0 0 0 1 0 0 0 0 0 8 0 0 3 0 0 0 0 0
7 11 5 0 0 12 0 0 0 0 19 14 0 16 0 3 0 19 0 0 0 12 0 0 0 6 0 7 0 5 0 13 8 0 1 14 0 0 0 12 0 0 0 0 0 0 10 0 0 0 0 0 0 0 0 10 0 0 0 4 0 0 0 0 0 6 16 0 0 0 0 0 0 17 0
0 10 10 0 0 4 0 6 0 0 0 18 0 0 0 0 0 0 0 0 0 0 0 0 19 10 17 0 5 0 17 0 0 0 0 19 0 0 17 0 0 3 0 10 15 16 12 0 1 19 11 0 0 5 10 0 0 9 16 13 0 0 0 18 0 0 0 0 0 0 0 1 4 0 13
0 7 0 0 0 0 2 6 0 0 0 0 0 0 0 5 18 18 0 0 0 0 0 3 0 2 0 0 0 0 0 0 0 0 0 17 0 1 12 0 0 0 16 0 0 0 0 0 0 0 0 1 0 0 0 0 0 0 0 0 0 0 0 9 15 0 0 15 0 0 9 13 0 0 18
18 9 0 10 16 4 0 0 0 4 1 0 0 0 1 0 0 0 0 18 5 0 0 16 18 1 16 0 0 19 0 0 0 11 0 12 13 2 4 7 0 10 5 0 0 1 1 0 0 7 10 9 0 0 0 9 0 0 19 0 4 0 0 0 0 0 18 0 0 0 0 4 0 0 0
0 0 0 0 11 0 16 0 0 1 5 0 0 0 9 6 14 2 16 2 17 0 0 13 0 0 0 0 13 15 0 0 13 0 0 3 6 0 0 0 0 0 6 0 0 0 0 0 0 0 0 0 0 0 0 16 0 19 0 0 0 0 11 0 0 0 17 0 0 15 0 0 0 9 0
0 0 0 0 0 0 2 0 12 0 19 19 19 0 0 0 0 0 0 0 0 10 8 0 0 16 0 3 0 5 0 19 0 0 0 0 0 0 0 0 0 0 0 0 0 0 0 18 0 0 0 0 0 0 4 13 0 0 0 0 0 0 5 0 0 1 0 0 7 0 0 0 0 0 0
0 3 0 0 0 17 14 0 0 0 0 5 0 0 0 0 7 0 0 0 0 0 0 0 0 15 0 0 0 0 0 0 0 7 0 0 0 0 0 4 0 15 5 0 0 14 0 0 0 0 0 0 7 1 0 0 0 4 0 0 0 19 0 0 0 0 0 0 0 0 0 0 0 0 13
0 17 0 0 0 0 0 0 0 0 0 0 0 0 3 0 15 19 0 0 4 0 0 14 0 0 13 6 0 0 0 0 19 0 0 0 0 0 15 0 0 18 18 0 0 18 0 1 1 0 0 17 0 0 0 0 0 0 0 0 19 0 0 9 0 0 0 7 6 0 0 0 10 0 16
0 0 0 0 0 0 0 0 17 0 0 8 0 0 0 16 0 19 0 0 19 12 0 3 0 0 15 0 0 0 0 0 0 0 0 0 0 0 0 0 6 0 0 0 0 19 0 19 0 6 0 17 0 0 0 0 0 0 11 5 0 0 0 0 10 0 0 14 0 0 7 0 0 0 0
0 8 0 12 0 7 18 0 0 0 0 0 0 0 0 0 0 0 0 0 0 0 0 0 0 18 0 0 0 0 0 19 0 0 0 0 0 0 2 13 0 0 0 18 0 15 0 0 0 0 13 6 0 0 0 18 9 0 0 0 0 9 0 0 0 15 0 0 0 13 9 14 0 0 0
2 5 0 0 3 0 0 0 17 1 0 0 12 0 11 0 0 0 0 0 0 3 0 0 0 13 0 12 16 0 0 0 0 3 0 0 0 0 2 0 0 0 13 0 0 4 6 0 0 0 10 0 0 0 0 0 15 0 0 0 0 0 10 0 0 0 0 0 0 0 0 0 0 0 0
8 0 0 0 16 1 0 0 0 0 0 0 0 0 0 0 0 0 0 4 0 11 17 0 11 0 0 0 0 15 0 0 0 0 10 3 0 0 0 0 0 0 7 14 0 0 0 7 0 2 0 0 0 0 6 0 0 0 0 1 0 0 0 15 0 0 0 0 0 0 7 0 0 0 0
11 0 6 0 0 19 0 0 0 0 0 0 0 0 11 0 0 0 0 0 0 0 0 0 16 0 0 0 4 0 0 0 0 18 0 0 8 0 0 0 0 0 0 0 0 10 0 0 14 0 0 0 8 8 16 0 0 18 17 0 0 0 0 0 0 0 0 18 15 15 0 0 9 17 0
12 0 17 0 0 10 0 0 0 0 0 0 0 19 0 14 19 0 0 0 0 11 0 2 2 0 0 9 0 0 0 17 0 0 9 7 0 12 0 0 0 0 0 0 0 0 12 0 0 0 0 2 0 0 0 0 15 0 0 0 0 7 14 0 0 0 18 0 0 0 0 0 0 0 0
0 0 0 0 0 0 0 0 11 0 0 0 0 0 0 11 0 0 0 0 0 0 0 0 10 0 0 0 0 0 0 0 0 0 0 0 3 0 0 0 0 0 0 0 0 0 0 16 0 0 2 0 5 0 0 0 0 0 0 7 0 6 0 0 0 0 15 0 0 12 2 0 10 1 0
0 2 18 0 19 0 10 0 0 0 0 0 0 5 0 0 0 0 13 0 8 16 10 3 2 0 0 0 0 0 0 9 0 0 0 13 0 4 0 12 0 0 0 0 0 0 0 0 15 16 0 0 0 3 0 0 0 0 15 0 0 0 0 13 0 0 15 0 12 0 15 0 0 9 0
0 0 17 0 0 15 0 0 0 2 0 0 7 0 0 0 17 0 0 0 0 0 3 0 3 0 7 0 0 0 0 0 0 3 0 16 13 3 0 0 0 13 2 0 0 0 0 0 17 0 0 11 0 0 0 0 9 0 0 0 0 0 7 9 0 7 0 0 2 15 0 0 0 0 9
0 0 3 0 2 3 1 0 0 0 0 0 0 12 12 10 14 0 0 0 0 0 0 0 0 0 0 0 0 0 0 0 0 17 0 9 15 7 0 18 0 0 5 14 0 0 0 0 0 1 7 0 0 0 0 1 13 4 0 0 0 0 0 14 0 0 0 0 0 0 0 0 13 0 0
6 0 0 0 0 0 0 0 0 0 0 0 0 0 0 0 18 14 0 0 0 0 0 11 6 0 14 0 3 0 18 0 0 0 0 0 0 5 0 0 3 0 1 0 9 15 0 11 0 0 0 0 12 0 0 4 0 0 0 0 0 10 0 0 0 0 9 0 10 0 0 13 0 0 0
0 0 3 16 0 0 0 0 18 0 0 18 0 0 5 5 7 0 0 0 0 0 0 1 15 3 0 5 0 6 12 8 18 0 0 0 0 17 0 0 11 0 15 0 0 0 0 0 9 0 0 0 0 0 17 0 0 0 9 0 0 0 0 0 0 0 17 0 1 9 0 0 0 0 5
17 0 0 0 0 7 0 0 0 11 0 0 0 0 0 0 0 12 13 17 0 0 13 19 0 0 1 19 15 0 0 0 16 0 11 0 6 0 7 0 0 0 0 0 0 0 0 0 3 4 0 9 0 0 0 13 18 0 0 0 13 16 0 0 0 0 0 0 0 0 9 0 0 5 0
