75
50
0 11 16 11 14 13 9 1 3 16 2 1 5 6 5 3 9 10 0 2 5 16 17 18 2 6 17 15 14 1 14 15 11 1 11 9 10 0 18 11 8 1 1 9 19 15 6 10 7 5
11 0 7 4 4 9 19 6 3 15 11 10 13 6 19 1 15 15 11 0 5 8 9 9 5 3 0 17 7 13 14 0 16 7 4 1 8 6 18 1 19 2 19 17 2 3 7 10 5 8
16 7 0 17 7 18 13 3 19 2 12 17 9 7 12 4 15 0 0 9 9 9 5 3 12 2 7 9 6 14 1 10 12 4 15 19 6 18 15 3 7 14 3 7 9 5 18 3 17 4
11 4 17 0 18 18 15 14 1 10 15 5 14 14 12 19 3 1 11 14 16 16 15 13 1 19 14 0 1 0 3 6 3 0 13 5 10 15 19 5 18 15 4 13 5 7 16 6 9 18
14 4 7 18 0 9 11 2 15 8 19 16 10 2 15 18 4 2 16 6 1 8 8 12 1 16 14 12 5 4 13 10 0 1 7 8 12 2 18 5 14 13 19 10 17 19 2 2 19 5
13 9 18 18 9 0 19 8 4 4 13 1 2 10 9 10 5 17 4 2 13 8 11 19 13 18 0 15 4 1 13 2 17 8 10 8 17 3 4 13 16 1 10 9 5 2 5 11 3 0
9 19 13 15 11 19 0 9 18 18 17 9 18 14 19 12 2 8 14 13 17 16 14 3 19 6 10 1 2 17 12 6 13 4 13 18 4 10 7 16 8 2 18 8 4 5 4 6 14 13
1 6 3 14 2 8 9 0 15 10 19 1 19 9 15 18 3 16 1 3 18 4 13 7 12 18 7 7 16 0 12 19 9 3 11 18 0 11 14 1 12 6 6 6 4 11 12 14 3 0
3 3 19 1 15 4 18 15 0 16 9 0 15 17 8 6 13 17 15 12 6 10 19 14 14 19 0 7 2 3 8 12 5 3 2 7 7 6 16 6 3 13 12 9 7 11 12 8 14 9
16 15 2 10 8 4 18 10 16 0 18 13 15 9 4 12 19 5 14 14 16 19 4 2 10 16 6 15 11 8 11 10 12 19 12 10 4 17 17 4 8 11 2 17 5 0 2 1 1 16
2 11 12 15 19 13 17 19 9 18 0 13 3 13 16 8 15 17 9 15 10 15 16 14 9 18 15 7 14 18 2 16 10 17 17 11 16 19 1 7 4 18 11 14 6 17 0 10 16 12
1 10 17 5 16 1 9 1 0 13 13 0 4 9 0 6 16 19 4 15 17 10 10 10 7 15 7 15 0 7 13 8 10 0 4 7 12 1 14 17 15 3 5 6 0 11 16 12 6 7
5 13 9 14 10 2 18 19 15 15 3 4 0 6 0 9 9 10 12 11 12 8 5 9 12 8 7 4 7 18 13 4 8 9 19 17 3 16 18 1 10 19 2 11 4 9 12 2 3 12
6 6 7 14 2 10 14 9 17 9 13 9 6 0 13 1 3 2 9 16 2 13 12 13 3 0 8 11 19 0 12 17 0 7 10 19 0 11 2 0 15 9 12 9 9 14 2 17 3 9
5 19 12 12 15 9 19 15 8 4 16 0 0 13 0 17 5 6 3 2 15 3 14 3 9 19 19 9 1 0 5 0 7 9 1 9 12 1 11 18 12 16 7 17 5 15 15 6 13 8
3 1 4 19 18 10 12 18 6 12 8 6 9 1 17 0 17 5 16 2 5 11 2 2 17 4 10 1 1 6 12 10 9 5 8 19 14 15 1 13 5 6 15 9 4 4 15 15 3 0
9 15 15 3 4 5 2 3 13 19 15 16 9 3 5 17 0 15 14 9 18 18 7 11 19 10 6 5 1 15 12 5 14 19 11 4 11 11 1 7 10 2 15 19 6 8 7 5 3 1
10 15 0 1 2 17 8 16 17 5 17 19 10 2 6 5 15 0 17 0 12 10 2 13 1 3 8 2 9 19 9 19 2 14 15 3 9 14 0 7 9 2 16 4 18 19 17 3 7 19
0 11 0 11 16 4 14 1 15 14 9 4 12 9 3 16 14 17 0 6 17 0 6 1 7 11 15 19 8 2 16 5 19 5 8 5 4 3 4 15 12 16 8 8 17 11 18 15 7 12
2 0 9 14 6 2 13 3 12 14 15 15 11 16 2 2 9 0 6 0 5 19 7 2 10 12 8 9 10 14 11 5 0 15 12 13 15 5 6 6 10 2 9 2 6 16 11 19 9 10
5 5 9 16 1 13 17 18 6 16 10 17 12 2 15 5 18 12 17 5 0 6 0 15 16 16 16 13 19 10 3 16 8 12 11 8 10 5 9 10 8 7 9 14 15 7 12 16 16 7
16 8 9 16 8 8 16 4 10 19 15 10 8 13 3 11 18 10 0 19 6 0 18 17 18 0 17 15 18 4 17 9 11 5 0 5 0 2 5 12 3 18 15 7 2 14 12 3 0 17
17 9 5 15 8 11 14 13 19 4 16 10 5 12 14 2 7 2 6 7 0 18 0 9 9 2 15 13 12 11 16 19 3 7 0 11 3 11 3 11 14 8 3 6 4 14 16 0 11 19
18 9 3 13 12 19 3 7 14 2 14 10 9 13 3 2 11 13 1 2 15 17 9 0 12 9 15 13 9 18 0 19 7 14 10 10 8 6 16 9 10 4 7 15 16 11 12 19 14 6
2 5 12 1 1 13 19 12 14 10 9 7 12 3 9 17 19 1 7 10 16 18 9 12 0 17 19 11 9 16 17 5 16 12 10 5 2 6 17 8 14 6 10 17 3 5 14 18 6 8
6 3 2 19 16 18 6 18 19 16 18 15 8 0 19 4 10 3 11 12 16 0 2 9 17 0 8 16 8 3 10 2 18 10 2 4 1 9 17 3 18 14 4 14 13 8 8 6 16 5
17 0 7 14 14 0 10 7 0 6 15 7 7 8 19 10 6 8 15 8 16 17 15 15 19 8 0 17 16 15 10 7 14 15 16 3 6 3 8 13 9 8 3 2 16 18 19 1 6 10
15 17 9 0 12 15 1 7 7 15 7 15 4 11 9 1 5 2 19 9 13 15 13 13 11 16 17 0 0 3 17 1 14 0 16 10 2 16 6 6 5 9 8 6 9 3 1 13 10 19
14 7 6 1 5 4 2 16 2 11 14 0 7 19 1 1 1 9 8 10 19 18 12 9 9 8 16 0 0 1 16 2 9 12 11 13 19 16 9 16 5 12 3 14 17 18 2 4 8 17
1 13 14 0 4 1 17 0 3 8 18 7 18 0 0 6 15 19 2 14 10 4 11 18 16 3 15 3 1 0 3 16 3 8 4 11 16 3 8 13 6 10 10 4 9 7 11 5 3 15
14 14 1 3 13 13 12 12 8 11 2 13 13 12 5 12 12 9 16 11 3 17 16 0 17 10 10 17 16 3 0 17 13 0 9 7 2 6 18 0 2 6 7 7 4 8 7 7 2 18
15 0 10 6 10 2 6 19 12 10 16 8 4 17 0 10 5 19 5 5 16 9 19 19 5 2 7 1 2 16 17 0 6 7 19 16 1 6 18 14 15 18 4 15 5 4 17 6 8 3
11 16 12 3 0 17 13 9 5 12 10 10 8 0 7 9 14 2 19 0 8 11 3 7 16 18 14 14 9 3 13 6 0 6 19 13 14 15 2 4 9 19 12 8 10 2 4 10 19 7
1 7 4 0 1 8 4 3 3 19 17 0 9 7 9 5 19 14 5 15 12 5 7 14 12 10 15 0 12 8 0 7 6 0 13 5 9 9 17 16 17 3 15 9 16 0 15 1 3 18
11 4 15 13 7 10 13 11 2 12 17 4 19 10 1 8 11 15 8 12 11 0 0 10 10 2 16 16 11 4 9 19 19 13 0 14 10 9 5 2 1 13 16 12 7 17 6 8 14 1
9 1 19 5 8 8 18 18 7 10 11 7 17 19 9 19 4 3 5 13 8 5 11 10 5 4 3 10 13 11 7 16 13 5 14 0 17 15 5 11 10 5 8 2 4 10 3 7 18 16
10 8 6 10 12 17 4 0 7 4 16 12 3 0 12 14 11 9 4 15 10 0 3 8 2 1 6 2 19 16 2 1 14 9 10 17 0 11 3 11 5 6 1 9 7 0 7 13 11 10
0 6 18 15 2 3 10 11 6 17 19 1 16 11 1 15 11 14 3 5 5 2 11 6 6 9 3 16 16 3 6 6 15 9 9 15 11 0 10 1 16 2 5 15 2 18 9 15 8 1
18 18 15 19 18 4 7 14 16 17 1 14 18 2 11 1 1 0 4 6 9 5 3 16 17 17 8 6 9 8 18 18 2 17 5 5 3 10 0 10 12 19 19 8 1 10 0 6 0 9
11 1 3 5 5 13 16 1 6 4 7 17 1 0 18 13 7 7 15 6 10 12 11 9 8 3 13 6 16 13 0 14 4 16 2 11 11 1 10 0 9 1 7 6 19 4 19 18 19 11
8 19 7 18 14 16 8 12 3 8 4 15 10 15 12 5 10 9 12 10 8 3 14 10 14 18 9 5 5 6 2 15 9 17 1 10 5 16 12 9 0 17 5 19 10 9 18 17 18 17
1 2 14 15 13 1 2 6 13 11 18 3 19 9 16 6 2 2 16 2 7 18 8 4 6 14 8 9 12 10 6 18 19 3 13 5 6 2 19 1 17 0 5 12 3 19 2 4 19 10
1 19 3 4 19 10 18 6 12 2 11 5 2 12 7 15 15 16 8 9 9 15 3 7 10 4 3 8 3 10 7 4 12 15 16 8 1 5 19 7 5 5 0 19 14 4 8 16 8 1
9 17 7 13 10 9 8 6 9 17 14 6 11 9 17 9 19 4 8 2 14 7 6 15 17 14 2 6 14 4 7 15 8 9 12 2 9 15 8 6 19 12 19 0 8 18 3 2 9 9
19 2 9 5 17 5 4 4 7 5 6 0 4 9 5 4 6 18 17 6 15 2 4 16 3 13 16 9 17 9 4 5 10 16 7 4 7 2 1 19 10 3 14 8 0 6 17 10 19 19
15 3 5 7 19 2 5 11 11 0 17 11 9 14 15 4 8 19 11 16 7 14 14 11 5 8 18 3 18 7 8 4 2 0 17 10 0 18 10 4 9 19 4 18 6 0 12 4 17 15
6 7 18 16 2 5 4 12 12 2 0 16 12 2 15 15 7 17 18 11 12 12 16 12 14 8 19 1 2 11 7 17 4 15 6 3 7 9 0 19 18 2 8 3 17 12 0 5 13 0
10 10 3 6 2 11 6 14 8 1 10 12 2 17 6 15 5 3 15 19 16 3 0 19 18 6 1 13 4 5 7 6 10 1 8 7 13 15 6 18 17 4 16 2 10 4 5 0 0 3
7 5 17 9 19 3 14 3 14 1 16 6 3 3 13 3 3 7 7 9 16 0 11 14 6 16 6 10 8 3 2 8 19 3 14 18 11 8 0 19 18 19 8 9 19 17 13 0 0 3
5 8 4 18 5 0 13 0 9 16 12 7 12 9 8 0 1 19 12 10 7 17 19 6 8 5 10 19 17 15 18 3 7 18 1 16 10 1 9 11 17 10 1 9 19 15 0 3 3 0
