100
75
0 0 0 9 0 0 0 0 6 0 10 12 10 14 0 6 0 0 0 0 0 0 0 8 0 0 0 0 0 0 0 0 2 0 5 13 9 0 0 0 0 0 0 0 0 7 0 0 0 0 0 0 18 0 5 0 0 0 8 0 10 0 0 0 0 0 12 0 0 2 4 11 0 0 0
0 0 0 0 7 3 0 0 0 0 0 0 3 0 0 0 9 0 16 0 0 8 3 0 5 10 0 0 0 0 14 0 9 2 0 13 0 0 0 6 10 16 11 0 19 10 16 19 0 0 13 0 0 0 0 0 7 0 0 14 0 0 13 11 0 0 17 0 0 15 0 5 0 0 0
0 0 0 0 0 0 0 15 0 8 0 0 0 0 1 6 19 0 0 1 0 0 0 0 0 6 11 5 8 0 7 0 0 0 0 0 0 2 0 19 0 17 0 0 0 9 7 0 0 0 0 0 0 0 0 0 0 0 16 0 0 2 0 0 0 0 8 0 0 0 0 1 0 0 19
9 0 0 0 0 0 1 0 0 13 0 14 0 14 0 0 2 6 11 0 0 3 4 0 2 9 2 15 0 0 0 0 0 3 0 9 0 0 3 0 0 0 0 5 0 0 0 9 0 17 18 1 0 0 0 13 8 0 0 0 4 0 0 10 0 11 13 0 16 1 0 15 0 0 0
0 7 0 0 0 11 10 0 0 0 0 6 0 12 0 0 0 0 0 0 1 2 0 0 0 0 0 0 0 0 0 0 0 0 6 0 0 0 0 0 9 0 0 0 0 0 0 0 0 18 8 0 14 12 0 0 0 0 14 0 0 5 7 0 0 0 0 0 17 0 0 15 0 4 0
0 3 0 0 11 0 0 0 0 3 0 0 0 6 0 3 0 0 0 0 3 5 0 0 16 7 0 0 16 4 0 0 0 0 0 0 14 0 0 0 0 0 9 0 0 18 0 0 0 0 0 0 7 9 0 0 0 0 0 15 0 0 0 16 0 17 0 0 0 12 16 0 11 0 0
0 0 0 1 10 0 0 0 0 0 0 0 0 0 5 0 0 0 0 0 0 0 1 0 0 0 7 0 0 6 0 18 10 0 13 11 0 0 0 0 16 0 0 0 0 0 0 0 7 0 0 0 15 0 0 0 13 0 0 0 0 0 0 0 0 0 0 0 0 0 16 0 1 0 16
0 0 15 0 0 0 0 0 0 0 18 0 10 16 0 0 0 0 12 0 0 0 0 0 0 0 0 0 0 0 0 15 8 0 4 0 19 0 0 0 0 0 0 18 0 0 15 0 0 14 0 0 0 1 0 9 0 13 0 0 0 0 0 10 0 15 15 0 11 0 9 0 17 10 0
6 0 0 0 0 0 0 0 0 4 16 0 0 0 10 0 0 9 0 17 0 0 0 0 0 5 0 0 15 0 0 10 0 0 0 0 0 0 0 0 0 0 0 0 0 0 0 0 0 0 0 0 0 0 0 0 0 0 0 0 0 9 0 0 0 3 11 9 0 0 12 0 10 0 0
0 0 8 13 0 3 0 0 4 0 10 0 0 0 10 0 0 0 0 0 0 0 0 0 0 0 19 7 1 0 11 0 0 17 0 0 0 0 0 0 0 0 0 17 0 0 0 0 15 0 0 0 0 0 0 11 1 0 0 0 11 0 2 0 0 0 0 0 0 0 0 11 17 7 0
10 0 0 0 0 0 0 18 16 10 0 2 0 5 0 0 0 0 0 9 0 19 0 17 0 0 8 19 0 0 0 0 0 0 8 5 0 0 7 0 0 0 3 0 0 8 0 6 0 3 0 0 10 0 17 0 0 0 0 4 0 10 7 0 0 0 0 3 0 0 11 8 0 13 0
12 0 0 14 6 0 0 0 0 0 2 0 0 0 0 0 0 0 0 0 0 3 11 0 4 0 0 0 0 8 0 0 9 16 0 12 2 0 18 2 1 0 0 7 0 0 0 0 7 13 15 0 0 0 0 0 0 11 0 0 0 0 0 0 14 0 0 0 3 0 0 13 0 0 0
10 3 0 0 0 0 0 10 0 0 0 0 0 0 0 1 0 0 0 9 0 0 0 0 0 14 0 1 0 5 0 0 0 9 5 11 0 0 0 18 2 0 7 0 0 0 0 0 0 0 0 15 18 0 0 0 0 0 9 0 0 0 0 0 9 0 0 0 15 0 0 0 0 19 0
14 0 0 14 12 6 0 16 0 0 5 0 0 0 0 0 0 0 0 13 0 0 0 0 0 0 0 0 0 0 0 0 0 0 15 0 17 0 0 0 0 18 0 0 0 11 0 0 0 6 12 0 0 0 0 14 11 0 0 0 14 0 12 0 0 0 7 0 18 0 0 0 0 0 0
0 0 1 0 0 0 5 0 10 10 0 0 0 0 0 13 0 0 8 0 0 0 0 0 0 0 15 0 0 0 0 0 0 10 0 0 0 3 0 5 19 17 0 14 0 0 8 0 0 0 19 0 0 0 0 0 0 0 0 8 0 0 0 0 0 0 0 0 0 1 11 16 0 0 0
6 0 6 0 0 3 0 0 0 0 0 0 1 0 13 0 8 0 0 0 0 13 3 0 0 0 4 0 5 18 0 13 0 0 17 2 0 0 0 2 0 0 12 0 0 0 0 0 3 0 0 0 0 0 0 0 0 18 0 0 0 0 0 0 7 0 0 0 0 0 0 0 3 4 15
0 9 19 2 0 0 0 0 0 0 0 0 0 0 0 8 0 0 0 19 0 0 2 0 11 0 0 0 10 5 0 0 0 0 0 0 12 0 10 5 0 0 14 18 2 0 0 0 0 0 0 0 0 0 0 0 6 0 0 10 16 0 0 0 0 13 0 14 14 15 0 0 0 3 0
0 0 0 6 0 0 0 0 9 0 0 0 0 0 0 0 0 0 0 0 0 0 1 13 0 0 2 0 7 0 0 0 2 0 0 0 0 1 0 19 0 10 0 0 0 0 18 0 0 0 0 0 0 0 17 0 0 12 0 8 0 12 0 0 0 0 0 4 0 0 0 0 2 0 0
0 16 0 11 0 0 0 12 0 0 0 0 0 0 8 0 0 0 0 0 0 0 0 0 15 15 0 0 2 0 0 0 3 0 0 0 2 8 1 11 10 16 0 0 0 0 0 0 0 1 0 0 3 0 0 0 12 15 0 0 0 0 0 9 0 0 3 0 0 0 0 0 10 5 0
0 0 1 0 0 0 0 0 17 0 9 0 9 13 0 0 19 0 0 0 0 0 0 0 11 0 13 0 0 0 0 9 10 0 12 0 0 0 0 0 0 9 0 0 13 0 0 0 0 10 0 0 0 12 0 0 6 0 0 0 0 0 0 0 0 10 0 0 0 0 0 18 0 0 0
0 0 0 0 1 3 0 0 0 0 0 0 0 0 0 0 0 0 0 0 0 0 0 14 0 13 0 0 15 0 0 0 12 0 0 1 19 0 0 0 0 0 0 0 8 5 12 13 2 0 0 0 17 0 9 0 0 1 0 0 0 0 0 0 0 0 0 0 0 17 0 17 18 0 0
0 8 0 3 2 5 0 0 0 0 19 3 0 0 0 13 0 0 0 0 0 0 0 0 9 0 4 17 0 18 0 0 12 0 0 10 0 0 3 0 14 0 0 19 7 0 16 0 0 0 0 19 0 0 8 10 10 0 16 3 0 0 7 0 0 12 0 0 12 0 13 0 11 0 8
0 3 0 4 0 0 1 0 0 0 0 11 0 0 0 3 2 1 0 0 0 0 0 4 10 0 0 0 0 0 0 0 12 0 0 0 11 0 0 0 0 0 0 0 0 4 0 14 14 0 0 0 0 0 0 0 8 0 2 0 0 0 5 0 0 0 0 8 0 0 1 15 0 0 0
8 0 0 0 0 0 0 0 0 0 17 0 0 0 0 0 0 13 0 0 14 0 4 0 18 0 0 0 9 0 0 0 11 0 0 0 13 0 15 0 0 7 0 0 0 0 0 0 0 0 0 1 16 0 10 0 0 0 1 0 0 0 14 14 0 0 0 13 0 7 0 0 0 1 0
0 5 0 2 0 16 0 0 0 0 0 4 0 0 0 0 11 0 15 11 0 9 10 18 0 0 1 0 19 1 0 13 0 12 0 10 0 0 19 0 0 0 0 0 0 0 0 0 0 0 0 0 0 5 0 0 13 0 5 5 0 0 6 10 3 0 0 0 0 0 0 0 0 0 0
0 10 6 9 0 7 0 0 5 0 0 0 14 0 0 0 0 0 15 0 13 0 0 0 0 0 0 0 0 0 13 0 0 0 15 0 0 0 0 0 0 18 14 14 0 0 0 8 1 0 0 0 3 16 0 0 0 0 17 0 0 0 0 0 0 0 0 0 0 0 0 0 10 0 16
0 0 11 2 0 0 7 0 0 19 8 0 0 0 15 4 0 2 0 13 0 4 0 0 1 0 0 0 16 9 2 0 0 15 0 0 0 1 0 0 12 0 0 0 12 0 0 0 14 0 0 0 0 0 16 0 0 0 19 0 0 0 0 0 0 0 8 0 18 0 0 0 5 12 18
0 0 5 15 0 0 0 0 0 7 19 0 1 0 0 0 0 0 0 0 0 17 0 0 0 0 0 0 0 14 17 0 13 0 0 4 0 0 0 0 0 0 0 0 0 13 14 0 0 0 0 0 14 0 0 0 1 5 9 0 14 0 11 0 10 0 10 0 0 0 0 0 4 0 0
0 0 8 0 0 16 0 0 15 1 0 0 0 0 0 5 10 7 2 0 15 0 0 9 19 0 16 0 0 0 10 0 2 0 0 0 0 15 0 16 0 9 9 0 0 0 0 0 1 0 0 8 9 0 11 0 11 17 1 0 3 0 0 0 0 0 0 0 0 7 15 0 0 8 10
0 0 0 0 0 4 6 0 0 0 0 8 5 0 0 18 5 0 0 0 0 18 0 0 1 0 9 14 0 0 0 0 19 0 0 0 0 0 0 0 0 0 0 0 0 11 0 0 6 15 0 0 0 13 0 0 0 0 0 0 0 0 0 0 16 13 0 0 0 19 10 0 0 0 3
0 14 7 0 0 0 0 0 0 11 0 0 0 0 0 0 0 0 0 0 0 0 0 0 0 13 2 17 10 0 0 0 0 12 0 0 0 0 17 0 0 4 0 16 0 0 0 11 0 0 0 0 19 0 13 19 0 0 0 0 3 17 0 9 0 12 0 0 0 0 0 0 14 3 5
0 0 0 0 0 0 18 15 10 0 0 0 0 0 0 13 0 0 0 9 0 0 0 0 13 0 0 0 0 0 0 0 0 0 0 0 0 11 0 7 0 0 0 12 0 0 1 0 14 0 0 0 6 15 0 0 0 0 0 0 0 19 0 8 0 0 0 0 1 8 0 0 0 0 0
2 9 0 0 0 0 10 8 0 0 0 9 0 0 0 0 0 2 3 10 12 12 12 11 0 0 0 13 2 19 0 0 0 0 0 0 0 12 0 12 0 0 0 0 0 0 0 19 12 14 0 0 18 0 0 0 0 0 1 9 0 0 0 0 0 0 3 0 0 0 0 0 0 0 0
0 2 0 3 0 0 0 0 0 17 0 16 9 0 10 0 0 0 0 0 0 0 0 0 12 0 15 0 0 0 12 0 0 0 0 0 0 0 0 0 0 0 0 0 0 0 19 0 0 16 0 19 0 0 18 17 0 0 0 0 0 0 0 0 19 0 0 0 15 0 0 0 0 0 0
5 0 0 0 6 0 13 4 0 0 8 0 5 15 0 17 0 0 0 12 0 0 0 0 0 15 0 0 0 0 0 0 0 0 0 0 0 0 17 11 0 0 0 0 7 0 17 0 0 9 0 0 0 0 8 0 0 0 3 3 0 0 0 0 0 0 0 15 0 18 0 7 0 0 0
13 13 0 9 0 0 11 0 0 0 5 12 11 0 0 2 0 0 0 0 1 10 0 0 10 0 0 4 0 0 0 0 0 0 0 0 8 9 12 12 17 0 0 0 0 0 0 0 0 0 0 0 11 0 0 10 17 7 16 0 15 3 19 0 0 0 0 0 0 0 19 0 0 0 0
9 0 0 0 0 14 0 19 0 0 0 2 0 17 0 0 12 0 2 0 19 0 11 13 0 0 0 0 0 0 0 0 0 0 0 8 0 0 0 0 15 0 0 19 15 10 0 0 2 0 0 8 0 0 3 0 0 14 0 4 15 0 17 0 7 2 0 0 0 0 0 0 0 0 0
0 0 2 0 0 0 0 0 0 0 0 0 0 0 3 0 0 1 8 0 0 0 0 0 0 0 1 0 15 0 0 11 12 0 0 9 0 0 0 0 0 4 0 0 0 0 0 0 11 0 0 0 10 0 0 0 17 0 9 0 0 0 12 0 0 0 0 19 0 0 0 0 13 11 0
0 0 0 3 0 0 0 0 0 0 7 18 0 0 0 0 10 0 1 0 0 3 0 15 19 0 0 0 0 0 17 0 0 0 17 12 0 0 0 0 0 2 0 0 0 0 0 0 0 0 11 0 0 0 0 7 0 1 0 0 19 0 0 0 12 0 13 0 18 10 0 19 0 0 4
0 6 19 0 0 0 0 0 0 0 0 2 18 0 5 2 5 19 11 0 0 0 0 0 0 0 0 0 16 0 0 7 12 0 11 12 0 0 0 0 12 0 2 0 0 0 0 0 0 6 0 0 0 2 15 0 13 0 0 0 0 0 0 0 9 0 6 18 0 17 0 0 0 0 0
0 10 0 0 9 0 16 0 0 0 0 1 2 0 19 0 0 0 10 0 0 14 0 0 0 0 12 0 0 0 0 0 0 0 0 17 15 0 0 12 0 2 0 0 0 0 3 0 0 5 5 0 0 19 9 0 9 0 0 8 0 0 7 0 0 0 10 8 13 0 6 19 0 0 0
0 16 17 0 0 0 0 0 0 0 0 0 0 18 17 0 0 10 16 9 0 0 0 7 0 18 0 0 9 0 4 0 0 0 0 0 0 4 2 0 2 0 19 0 4 0 0 2 7 0 0 14 0 3 0 0 0 0 0 0 0 18 0 14 0 0 0 0 14 0 0 2 0 0 0
0 11 0 0 0 9 0 0 0 0 3 0 7 0 0 12 14 0 0 0 0 0 0 0 0 14 0 0 9 0 0 0 0 0 0 0 0 0 0 2 0 19 0 16 0 8 0 0 0 0 0 0 0 0 5 0 0 5 0 0 4 11 0 6 0 11 0 0 18 0 0 0 0 19 0
0 0 0 5 0 0 0 18 0 17 0 7 0 0 14 0 18 0 0 0 0 19 0 0 0 14 0 0 0 0 16 12 0 0 0 0 19 0 0 0 0 0 16 0 19 16 18 0 0 0 6 0 5 15 0 16 0 12 0 0 0 1 0 7 2 0 10 0 0 0 0 0 0 0 0
0 19 0 0 0 0 0 0 0 0 0 0 0 0 0 0 2 0 0 13 8 7 0 0 0 0 12 0 0 0 0 0 0 0 7 0 15 0 0 0 0 4 0 19 0 15 0 0 17 0 0 0 0 0 0 0 0 0 13 7 0 0 2 0 0 0 0 0 10 0 0 19 0 14 0
7 10 9 0 0 18 0 0 0 0 8 0 0 11 0 0 0 0 0 0 5 0 4 0 0 0 0 13 0 11 0 0 0 0 0 0 10 0 0 0 0 0 8 16 15 0 0 6 6 0 7 4 0 0 0 9 0 11 0 0 18 0 18 16 0 0 14 0 11 0 19 15 0 0 0
0 16 7 0 0 0 0 15 0 0 0 0 0 0 8 0 0 18 0 0 12 16 0 0 0 0 0 14 0 0 0 1 0 19 17 0 0 0 0 0 3 0 0 18 0 0 0 0 0 0 0 0 1 0 0 6 3 0 0 6 0 8 0 15 17 4 4 4 4 0 0 0 0 0 0
0 19 0 9 0 0 0 0 0 0 6 0 0 0 0 0 0 0 0 0 13 0 14 0 0 8 0 0 0 0 11 0 19 0 0 0 0 0 0 0 0 2 0 0 0 6 0 0 19 0 0 0 0 13 18 0 15 0 17 0 12 0 0 0 0 0 0 0 0 0 0 0 0 4 0
0 0 0 0 0 0 7 0 0 15 0 7 0 0 0 3 0 0 0 0 2 0 14 0 0 1 14 0 1 6 0 14 12 0 0 0 2 11 0 0 0 7 0 0 17 6 0 19 0 0 0 0 0 0 3 0 16 6 13 10 0 17 0 0 0 0 0 6 15 0 0 0 0 0 0
0 0 0 17 18 0 0 14 0 0 3 13 0 6 0 0 0 0 1 10 0 0 0 0 0 0 0 0 0 15 0 0 14 16 9 0 0 0 0 6 5 0 0 0 0 0 0 0 0 0 0 0 16 0 0 0 0 0 0 14 19 0 0 18 0 0 0 19 0 0 13 0 0 0 0
0 13 0 18 8 0 0 0 0 0 0 15 0 12 19 0 0 0 0 0 0 0 0 0 0 0 0 0 0 0 0 0 0 0 0 0 0 0 11 0 5 0 0 6 0 7 0 0 0 0 0 0 0 0 0 0 0 0 0 12 18 0 11 0 10 0 0 14 19 0 0 0 0 0 8
0 0 0 1 0 0 0 0 0 0 0 0 15 0 0 0 0 0 0 0 0 19 0 1 0 0 0 0 8 0 0 0 0 19 0 0 8 0 0 0 0 14 0 0 0 4 0 0 0 0 0 0 0 14 14 0 0 0 1 0 0 0 10 0 0 0 0 0 3 0 0 0 0 0 0
18 0 0 0 14 7 15 0 0 0 10 0 18 0 0 0 0 0 3 0 17 0 0 16 0 3 0 14 9 0 19 6 18 0 0 11 0 10 0 0 0 0 0 5 0 0 1 0 0 16 0 0 0 0 0 0 0 0 0 0 0 0 0 14 3 0 0 0 0 0 0 0 0 2 0
0 0 0 0 12 9 0 1 0 0 0 0 0 0 0 0 0 0 0 12 0 0 0 0 5 16 0 0 0 13 0 15 0 0 0 0 0 0 0 2 19 3 0 15 0 0 0 13 0 0 0 14 0 0 0 7 0 0 0 0 0 0 0 0 0 0 0 0 0 17 0 7 0 0 0
5 0 0 0 0 0 0 0 0 0 17 0 0 0 0 0 0 17 0 0 9 8 0 10 0 0 16 0 11 0 13 0 0 18 8 0 3 0 0 15 9 0 5 0 0 0 0 18 3 0 0 14 0 0 0 7 0 0 5 0 0 3 0 0 0 16 0 0 0 0 0 0 0 9 0
0 0 0 13 0 0 0 9 0 11 0 0 0 14 0 0 0 0 0 0 0 10 0 0 0 0 0 0 0 0 19 0 0 17 0 10 0 0 7 0 0 0 0 16 0 9 6 0 0 0 0 0 0 7 7 0 0 16 1 0 0 5 0 9 0 5 0 0 18 0 0 0 0 0 0
0 7 0 8 0 0 13 0 0 1 0 0 0 11 0 0 6 0 12 6 0 10 8 0 13 0 0 1 11 0 0 0 0 0 0 17 0 17 0 13 9 0 0 0 0 0 3 15 16 0 0 0 0 0 0 0 0 0 0 0 0 0 0 0 0 0 0 0 0 0 0 0 0 0 5
0 0 0 0 0 0 0 13 0 0 0 11 0 0 0 18 0 12 15 0 1 0 0 0 0 0 0 5 17 0 0 0 0 0 0 7 14 0 1 0 0 0 5 12 0 11 0 0 6 0 0 0 0 0 0 16 0 0 0 0 0 0 0 0 0 0 0 0 7 2 0 0 9 0 0
8 0 16 0 14 0 0 0 0 0 0 0 9 0 0 0 0 0 0 0 0 16 2 1 5 17 19 9 1 0 0 0 1 0 3 16 0 9 0 0 0 0 0 0 13 0 0 17 13 0 0 1 0 0 5 1 0 0 0 0 0 0 0 0 0 0 6 0 0 0 0 9 0 8 3
0 14 0 0 0 15 0 0 0 0 4 0 0 0 8 0 10 8 0 0 0 3 0 0 5 0 0 0 0 0 0 0 9 0 3 0 4 0 0 0 8 0 0 0 7 0 6 0 10 14 12 0 0 0 0 0 0 0 0 0 11 0 0 2 0 0 0 0 0 0 0 0 0 0 0
10 0 0 4 0 0 0 0 0 11 0 0 0 14 0 0 16 0 0 0 0 0 0 0 0 0 0 14 3 0 3 0 0 0 0 15 15 0 19 0 0 0 4 0 0 18 0 12 0 19 18 0 0 0 0 0 0 0 0 11 0 0 0 16 0 0 0 0 0 16 0 1 0 0 16
0 0 2 0 5 0 0 0 9 0 10 0 0 0 0 0 0 12 0 0 0 0 0 0 0 0 0 0 0 0 17 19 0 0 0 3 0 0 0 0 0 18 11 1 0 0 8 0 17 0 0 0 0 0 3 5 0 0 0 0 0 0 0 0 13 0 9 7 0 2 0 1 16 6 0
0 13 0 0 7 0 0 0 0 2 7 0 0 12 0 0 0 0 0 0 0 7 5 14 6 0 0 11 0 0 0 0 0 0 0 19 17 12 0 0 7 0 0 0 2 18 0 0 0 0 11 10 0 0 0 0 0 0 0 0 0 0 0 0 0 0 16 0 0 0 0 0 15 0 0
0 11 0 10 0 16 0 10 0 0 0 0 0 0 0 0 0 0 9 0 0 0 0 14 10 0 0 0 0 0 9 8 0 0 0 0 0 0 0 0 0 14 6 7 0 16 15 0 0 18 0 0 14 0 0 9 0 0 0 2 16 0 0 0 0 0 0 16 13 0 14 15 12 0 15
0 0 0 0 0 0 0 0 0 0 0 14 9 0 0 7 0 0 0 0 0 0 0 0 3 0 0 10 0 16 0 0 0 19 0 0 7 0 12 9 0 0 0 2 0 0 17 0 0 0 10 0 3 0 0 0 0 0 0 0 0 13 0 0 0 0 0 0 0 0 3 0 13 0 13
0 0 0 11 0 17 0 15 3 0 0 0 0 0 0 0 13 0 0 10 0 12 0 0 0 0 0 0 0 13 12 0 0 0 0 0 2 0 0 0 0 0 11 0 0 0 4 0 0 0 0 0 0 0 16 5 0 0 0 0 0 0 0 0 0 0 0 8 0 0 0 0 0 0 14
12 17 8 13 0 0 0 15 11 0 0 0 0 7 0 0 0 0 3 0 0 0 0 0 0 0 8 10 0 0 0 0 3 0 0 0 0 0 13 6 10 0 0 10 0 14 4 0 0 0 0 0 0 0 0 0 0 0 6 0 0 9 16 0 0 0 0 0 0 0 0 14 0 18 0
0 0 0 0 0 0 0 0 9 0 3 0 0 0 0 0 14 4 0 0 0 0 8 13 0 0 0 0 0 0 0 0 0 0 15 0 0 19 0 18 8 0 0 0 0 0 4 0 6 19 14 0 0 0 0 0 0 0 0 0 0 7 0 16 0 8 0 0 0 0 0 0 0 0 0
0 0 0 16 17 0 0 11 0 0 0 3 15 18 0 0 14 0 0 0 0 12 0 0 0 0 18 0 0 0 0 1 0 15 0 0 0 0 18 0 13 14 18 0 10 11 4 0 15 0 19 3 0 0 0 18 0 7 0 0 0 0 0 13 0 0 0 0 0 17 0 0 0 0 0
2 15 0 1 0 12 0 0 0 0 0 0 0 0 1 0 15 0 0 0 17 0 0 7 0 0 0 0 7 19 0 8 0 0 18 0 0 0 10 17 0 0 0 0 0 0 0 0 0 0 0 0 0 17 0 0 0 2 0 0 16 2 0 0 0 0 0 0 17 0 0 0 0 0 0
4 0 0 0 0 16 16 9 12 0 11 0 0 0 11 0 0 0 0 0 0 13 1 0 0 0 0 0 15 10 0 0 0 0 0 19 0 0 0 0 6 0 0 0 0 19 0 0 0 13 0 0 0 0 0 0 0 0 0 0 0 0 0 14 3 0 0 0 0 0 0 15 0 14 0
11 5 1 15 15 0 0 0 0 11 8 13 0 0 16 0 0 0 0 18 17 0 15 0 0 0 0 0 0 0 0 0 0 0 7 0 0 0 19 0 19 2 0 0 19 15 0 0 0 0 0 0 0 7 0 0 0 0 9 0 1 1 0 15 0 0 14 0 0 0 15 0 0 0 0
0 0 0 0 0 11 1 17 10 17 0 0 0 0 0 3 0 2 10 0 18 11 0 0 0 10 5 4 0 0 14 0 0 0 0 0 0 13 0 0 0 0 0 0 0 0 0 0 0 0 0 0 0 0 0 0 0 9 0 0 0 16 15 12 13 0 0 0 0 0 0 0 0 0 0
0 0 0 0 4 0 0 10 0 7 13 0 19 0 0 4 3 0 5 0 0 0 0 1 0 0 12 0 8 0 3 0 0 0 0 0 0 11 0 0 0 0 19 0 14 0 0 4 0 0 0 0 2 0 9 0 0 0 8 0 0 6 0 0 0 0 18 0 0 0 14 0 0 0 0
0 0 19 0 0 0 16 0 0 0 0 0 0 0 0 15 0 0 0 0 0 8 0 0 0 16 18 0 10 3 5 0 0 0 0 0 0 0 4 0 0 0 0 0 0 0 0 0 0 0 8 0 0 0 0 0 5 0 3 0 16 0 0 15 13 14 0 0 0 0 0 0 0 0 0
