100
50
0 7 10 8 12 18 16 18 16 15 9 16 0 10 18 13 13 5 15 9 16 13 12 10 10 14 9 1 15 19 2 0 11 17 0 13 6 4 14 0 19 19 16 12 13 16 15 8 5 0
7 0 9 10 5 10 13 8 1 19 6 4 1 9 18 0 2 15 0 14 5 16 17 7 18 19 9 1 16 17 1 17 8 10 10 6 16 7 8 12 3 14 16 7 16 15 14 3 9 13
10 9 0 14 8 2 16 16 7 15 14 3 5 16 5 17 13 4 17 11 1 10 14 5 11 0 3 3 19 6 0 17 9 10 8 17 8 12 5 0 6 2 1 18 16 1 11 13 2 13
8 10 14 0 5 7 9 3 5 4 12 1 14 6 17 0 15 6 14 15 17 16 12 16 4 14 8 5 8 2 16 15 7 9 5 16 11 1 8 9 2 9 5 0 15 3 13 6 1 19
12 5 8 5 0 9 8 18 10 10 17 8 12 7 10 18 16 6 0 17 0 0 7 8 12 17 10 8 18 17 6 15 5 18 7 0 1 17 5 14 6 6 6 15 15 10 2 1 0 6
18 10 2 7 9 0 10 18 19 14 9 11 12 11 12 4 8 18 9 19 18 3 12 12 1 7 2 19 13 8 14 15 10 13 8 16 16 6 13 0 15 5 15 13 6 3 0 12 8 9
16 13 16 9 8 10 0 10 15 6 16 14 9 14 18 2 6 5 11 9 2 14 1 1 8 3 17 9 3 6 19 5 18 6 15 1 19 5 19 8 6 5 7 6 15 1 19 5 4 7
18 8 16 3 18 18 10 0 17 13 19 10 16 18 10 0 16 11 12 0 0 3 18 17 2 1 5 11 7 5 5 7 16 14 18 13 13 6 14 0 14 4 5 15 8 3 18 1 0 13
16 1 7 5 10 19 15 17 0 8 13 10 13 3 8 17 15 10 14 14 5 0 5 17 12 5 0 1 9 18 18 1 2 17 8 3 16 12 13 2 19 15 6 6 14 6 14 11 3 1
15 19 15 4 10 14 6 13 8 0 7 7 15 9 2 0 7 18 9 10 11 8 15 10 13 19 10 2 11 17 17 5 17 15 13 5 16 17 14 5 18 3 15 15 14 14 7 16 11 6
9 6 14 12 17 9 16 19 13 7 0 18 15 17 16 3 12 5 14 7 9 19 18 3 0 8 11 16 12 8 3 8 4 0 13 11 10 18 13 0 4 7 8 5 17 4 7 13 16 6
16 4 3 1 8 11 14 10 10 7 18 0 15 18 5 0 16 2 4 15 9 10 11 4 18 18 5 10 1 2 14 5 5 17 12 17 8 13 5 16 3 13 8 18 11 10 18 6 19 18
0 1 5 14 12 12 9 16 13 15 15 15 0 17 10 15 3 5 5 13 3 14 16 3 3 10 8 3 11 8 13 8 0 6 13 4 10 18 0 4 18 1 8 4 6 15 6 14 9 2
10 9 16 6 7 11 14 18 3 9 17 18 17 0 6 4 3 9 11 9 19 10 3 17 17 16 12 0 14 18 1 1 14 13 10 11 18 6 10 1 17 1 9 17 6 11 13 18 2 5
18 18 5 17 10 12 18 10 8 2 16 5 10 6 0 11 4 14 7 8 19 13 4 3 7 15 3 11 3 15 12 8 17 19 5 5 6 1 16 4 3 4 11 5 13 16 6 1 7 6
13 0 17 0 18 4 2 0 17 0 3 0 15 4 11 0 7 13 2 2 12 1 17 13 15 7 7 19 4 8 15 16 10 18 10 0 1 12 0 6 2 4 19 1 8 6 12 8 6 3
13 2 13 15 16 8 6 16 15 7 12 16 3 3 4 7 0 14 16 10 15 9 12 5 8 4 9 1 14 13 13 15 10 3 4 5 1 6 15 8 0 0 1 5 2 10 6 6 14 0
5 15 4 6 6 18 5 11 10 18 5 2 5 9 14 13 14 0 15 16 15 9 1 3 10 11 6 15 11 13 0 2 8 3 18 13 17 3 7 8 6 13 4 8 16 1 15 11 15 15
15 0 17 14 0 9 11 12 14 9 14 4 5 11 7 2 16 15 0 11 18 16 2 5 18 5 14 15 8 16 5 12 3 0 11 6 1 1 2 4 13 8 8 4 7 5 14 8 4 15
9 14 11 15 17 19 9 0 14 10 7 15 13 9 8 2 10 16 11 0 9 19 2 3 9 18 9 0 8 2 16 7 12 18 14 17 19 6 18 6 8 13 17 2 17 16 8 5 11 16
16 5 1 17 0 18 2 0 5 11 9 9 3 19 19 12 15 15 18 9 0 13 7 17 1 19 5 18 11 14 15 1 7 0 16 10 10 11 10 18 2 16 14 12 1 11 5 18 4 1
13 16 10 16 0 3 14 3 0 8 19 10 14 10 13 1 9 9 16 19 13 0 17 12 0 5 7 9 3 19 11 17 19 16 3 5 4 13 15 5 19 18 10 10 8 2 11 1 15 17
12 17 14 12 7 12 1 18 5 15 18 11 16 3 4 17 12 1 2 2 7 17 0 5 17 16 17 1 12 16 3 2 11 2 0 7 18 5 10 5 11 8 1 8 3 19 0 2 17 13
10 7 5 16 8 12 1 17 17 10 3 4 3 17 3 13 5 3 5 3 17 12 5 0 17 19 13 6 10 3 18 19 6 0 17 4 4 19 17 5 11 13 1 1 9 9 8 0 12 9
10 18 11 4 12 1 8 2 12 13 0 18 3 17 7 15 8 10 18 9 1 0 17 17 0 9 2 17 18 5 11 17 8 16 4 11 16 3 4 15 7 17 3 4 12 8 13 3 2 2
14 19 0 14 17 7 3 1 5 19 8 18 10 16 15 7 4 11 5 18 19 5 16 19 9 0 14 19 15 0 16 1 3 13 10 8 2 14 7 2 4 10 16 1 1 18 14 7 7 5
9 9 3 8 10 2 17 5 0 10 11 5 8 12 3 7 9 6 14 9 5 7 17 13 2 14 0 5 16 10 12 13 1 13 11 8 7 10 8 14 2 6 0 18 3 14 6 7 13 17
1 1 3 5 8 19 9 11 1 2 16 10 3 0 11 19 1 15 15 0 18 9 1 6 17 19 5 0 15 4 15 13 3 9 3 9 10 5 9 5 1 11 10 6 18 5 19 0 15 6
15 16 19 8 18 13 3 7 9 11 12 1 11 14 3 4 14 11 8 8 11 3 12 10 18 15 16 15 0 6 4 12 9 7 11 17 10 19 2 9 12 1 10 13 13 18 0 14 8 8
19 17 6 2 17 8 6 5 18 17 8 2 8 18 15 8 13 13 16 2 14 19 16 3 5 0 10 4 6 0 15 6 15 1 10 6 13 14 4 3 6 16 18 11 10 12 3 4 17 1
2 1 0 16 6 14 19 5 18 17 3 14 13 1 12 15 13 0 5 16 15 11 3 18 11 16 12 15 4 15 0 8 16 13 14 17 0 12 17 10 0 2 16 0 0 4 13 8 1 6
0 17 17 15 15 15 5 7 1 5 8 5 8 1 8 16 15 2 12 7 1 17 2 19 17 1 13 13 12 6 8 0 18 5 1 3 18 11 11 9 12 12 16 15 3 1 18 1 18 2
11 8 9 7 5 10 18 16 2 17 4 5 0 14 17 10 10 8 3 12 7 19 11 6 8 3 1 3 9 15 16 18 0 14 12 7 19 5 13 0 10 12 6 17 4 18 5 18 19 1
17 10 10 9 18 13 6 14 17 15 0 17 6 13 19 18 3 3 0 18 0 16 2 0 16 13 13 9 7 1 13 5 14 0 13 12 6 18 0 19 10 16 18 2 3 2 13 12 4 10
0 10 8 5 7 8 15 18 8 13 13 12 13 10 5 10 4 18 11 14 16 3 0 17 4 10 11 3 11 10 14 1 12 13 0 13 2 9 6 2 4 1 19 12 19 5 17 1 18 5
13 6 17 16 0 16 1 13 3 5 11 17 4 11 5 0 5 13 6 17 10 5 7 4 11 8 8 9 17 6 17 3 7 12 13 0 14 2 8 18 18 16 11 13 17 9 7 14 5 1
6 16 8 11 1 16 19 13 16 16 10 8 10 18 6 1 1 17 1 19 10 4 18 4 16 2 7 10 10 13 0 18 19 6 2 14 0 0 0 19 18 13 17 9 16 14 18 14 17 0
4 7 12 1 17 6 5 6 12 17 18 13 18 6 1 12 6 3 1 6 11 13 5 19 3 14 10 5 19 14 12 11 5 18 9 2 0 0 13 19 17 8 18 3 6 11 5 1 14 7
14 8 5 8 5 13 19 14 13 14 13 5 0 10 16 0 15 7 2 18 10 15 10 17 4 7 8 9 2 4 17 11 13 0 6 8 0 13 0 16 2 5 0 6 3 14 3 10 15 17
0 12 0 9 14 0 8 0 2 5 0 16 4 1 4 6 8 8 4 6 18 5 5 5 15 2 14 5 9 3 10 9 0 19 2 18 19 19 16 0 11 12 19 9 1 14 11 14 17 3
19 3 6 2 6 15 6 14 19 18 4 3 18 17 3 2 0 6 13 8 2 19 11 11 7 4 2 1 12 6 0 12 10 10 4 18 18 17 2 11 0 7 16 8 18 6 17 7 2 17
19 14 2 9 6 5 5 4 15 3 7 13 1 1 4 4 0 13 8 13 16 18 8 13 17 10 6 11 1 16 2 12 12 16 1 16 13 8 5 12 7 0 19 17 7 12 14 9 15 1
16 16 1 5 6 15 7 5 6 15 8 8 8 9 11 19 1 4 8 17 14 10 1 1 3 16 0 10 10 18 16 16 6 18 19 11 17 18 0 19 16 19 0 18 10 4 9 8 5 1
12 7 18 0 15 13 6 15 6 15 5 18 4 17 5 1 5 8 4 2 12 10 8 1 4 1 18 6 13 11 0 15 17 2 12 13 9 3 6 9 8 17 18 0 18 13 3 19 15 8
13 16 16 15 15 6 15 8 14 14 17 11 6 6 13 8 2 16 7 17 1 8 3 9 12 1 3 18 13 10 0 3 4 3 19 17 16 6 3 1 18 7 10 18 0 9 9 6 17 16
16 15 1 3 10 3 1 3 6 14 4 10 15 11 16 6 10 1 5 16 11 2 19 9 8 18 14 5 18 12 4 1 18 2 5 9 14 11 14 14 6 12 4 13 9 0 16 5 6 16
15 14 11 13 2 0 19 18 14 7 7 18 6 13 6 12 6 15 14 8 5 11 0 8 13 14 6 19 0 3 13 18 5 13 17 7 18 5 3 11 17 14 9 3 9 16 0 8 19 2
8 3 13 6 1 12 5 1 11 16 13 6 14 18 1 8 6 11 8 5 18 1 2 0 3 7 7 0 14 4 8 1 18 12 1 14 14 1 10 14 7 9 8 19 6 5 8 0 4 5
5 9 2 1 0 8 4 0 3 11 16 19 9 2 7 6 14 15 4 11 4 15 17 12 2 7 13 15 8 17 1 18 19 4 18 5 17 14 15 17 2 15 5 15 17 6 19 4 0 5
0 13 13 19 6 9 7 13 1 6 6 18 2 5 6 3 0 15 15 16 1 17 13 9 2 5 17 6 8 1 6 2 1 10 5 1 0 7 17 3 17 1 1 8 16 16 2 5 5 0
