100
50
0 6 15 14 2 9 17 17 3 2 4 2 0 15 19 1 12 9 0 4 3 2 12 11 19 4 14 5 12 13 14 15 15 0 15 16 16 18 10 10 2 9 1 1 7 9 16 12 1 10
6 0 19 7 19 9 9 3 8 13 13 7 14 14 16 14 10 3 1 0 1 2 10 12 9 16 9 17 16 1 7 17 9 18 18 1 10 19 2 16 3 9 18 5 5 5 0 14 7 7
15 19 0 7 7 19 10 1 19 14 18 8 14 5 0 3 0 11 17 12 4 6 2 13 15 7 10 4 3 16 0 14 16 11 5 5 5 9 4 18 5 14 2 4 15 17 12 8 8 17
14 7 7 0 10 19 18 5 0 3 6 2 1 10 0 9 2 10 3 7 10 9 9 7 19 2 7 13 4 15 10 5 5 0 14 16 16 11 0 0 12 17 18 18 3 0 10 1 7 18
2 19 7 10 0 15 13 8 5 3 14 3 16 16 16 16 0 0 11 8 4 7 11 7 3 14 4 16 4 6 15 4 0 3 5 10 17 10 5 12 13 3 9 12 5 19 9 1 9 15
9 9 19 19 15 0 9 6 12 5 1 14 7 9 18 9 18 11 7 12 1 16 6 6 16 11 15 17 5 18 5 13 19 15 10 2 16 2 13 11 18 14 11 13 9 5 15 10 14 19
17 9 10 18 13 9 0 0 16 3 18 0 4 0 16 6 14 3 13 0 9 19 9 18 3 15 8 4 1 4 0 3 4 10 19 11 4 19 2 16 13 8 5 10 14 1 4 7 0 5
17 3 1 5 8 6 0 0 3 0 10 12 18 3 14 8 9 19 5 4 11 16 16 9 2 8 0 19 2 18 12 13 18 11 19 13 15 15 2 15 14 19 16 14 0 8 18 14 16 17
3 8 19 0 5 12 16 3 0 11 3 1 0 11 4 19 4 2 0 14 12 6 8 15 3 14 9 14 6 13 3 9 9 2 8 8 11 15 2 14 6 12 11 8 18 16 7 17 0 17
2 13 14 3 3 5 3 0 11 0 6 10 3 0 9 7 16 2 15 8 19 11 18 6 17 6 13 1 13 3 7 6 11 2 17 4 10 10 9 4 11 18 14 11 15 18 6 8 2 18
4 13 18 6 14 1 18 10 3 6 0 1 8 19 6 11 13 10 6 13 13 5 10 10 19 18 19 12 16 19 4 13 8 13 16 14 19 16 6 6 17 6 15 8 10 8 8 14 12 11
2 7 8 2 3 14 0 12 1 10 1 0 19 17 4 5 14 7 0 4 10 19 10 14 12 3 14 10 5 0 12 14 16 8 12 16 11 7 11 4 12 6 9 13 14 13 10 17 14 19
0 14 14 1 16 7 4 18 0 3 8 19 0 8 13 5 18 0 18 8 11 4 3 18 3 12 2 0 9 15 16 4 2 7 6 3 2 17 4 14 4 1 6 14 4 7 0 16 15 7
15 14 5 10 16 9 0 3 11 0 19 17 8 0 12 8 12 8 12 2 10 15 14 4 11 1 4 11 18 7 2 4 3 3 6 14 19 14 12 4 15 6 16 10 17 5 17 8 16 17
19 16 0 0 16 18 16 14 4 9 6 4 13 12 0 12 15 0 11 13 14 1 15 3 15 10 12 4 16 4 17 18 8 2 0 15 16 17 6 15 10 2 6 3 16 7 7 10 16 8
1 14 3 9 16 9 6 8 19 7 11 5 5 8 12 0 0 14 16 8 17 17 12 14 18 16 4 4 13 16 17 17 9 7 1 5 9 17 0 18 5 7 3 17 2 10 17 17 3 17
12 10 0 2 0 18 14 9 4 16 13 14 18 12 15 0 0 2 14 3 7 16 11 3 8 11 4 17 16 9 11 1 2 13 19 15 19 19 8 10 15 0 11 4 4 15 7 16 6 10
9 3 11 10 0 11 3 19 2 2 10 7 0 8 0 14 2 0 10 16 3 11 16 10 11 12 9 19 18 3 2 8 3 1 11 14 7 10 15 16 12 2 15 2 9 17 10 19 2 4
0 1 17 3 11 7 13 5 0 15 6 0 18 12 11 16 14 10 0 6 14 3 1 6 11 7 12 11 0 7 17 14 6 10 19 6 5 15 17 7 2 12 12 13 12 6 5 12 14 15
4 0 12 7 8 12 0 4 14 8 13 4 8 2 13 8 3 16 6 0 1 18 16 14 11 8 7 8 8 5 5 2 13 2 3 0 13 7 10 13 11 4 11 5 0 4 15 18 18 14
3 1 4 10 4 1 9 11 12 19 13 10 11 10 14 17 7 3 14 1 0 0 15 18 13 7 5 12 11 13 2 17 10 8 17 6 5 1 19 7 14 15 8 9 13 6 10 6 10 14
2 2 6 9 7 16 19 16 6 11 5 19 4 15 1 17 16 11 3 18 0 0 7 15 13 12 7 6 4 5 4 6 6 8 4 12 19 3 9 7 16 6 2 9 3 4 14 3 9 6
12 10 2 9 11 6 9 16 8 18 10 10 3 14 15 12 11 16 1 16 15 7 0 6 5 10 10 7 2 5 7 18 19 19 11 18 15 13 8 15 9 2 4 2 7 11 12 19 0 4
11 12 13 7 7 6 18 9 15 6 10 14 18 4 3 14 3 10 6 14 18 15 6 0 17 9 8 15 16 1 17 18 1 7 19 11 12 3 0 13 18 2 11 12 0 8 5 12 16 0
19 9 15 19 3 16 3 2 3 17 19 12 3 11 15 18 8 11 11 11 13 13 5 17 0 12 5 8 6 13 5 18 4 2 4 7 9 16 14 6 18 19 6 6 0 10 7 6 6 9
4 16 7 2 14 11 15 8 14 6 18 3 12 1 10 16 11 12 7 8 7 12 10 9 12 0 4 0 5 16 12 10 4 11 6 2 12 7 4 19 10 3 5 4 7 5 13 1 10 11
14 9 10 7 4 15 8 0 9 13 19 14 2 4 12 4 4 9 12 7 5 7 10 8 5 4 0 4 13 7 10 10 11 5 16 6 18 15 0 9 5 10 2 17 6 19 6 14 19 3
5 17 4 13 16 17 4 19 14 1 12 10 0 11 4 4 17 19 11 8 12 6 7 15 8 0 4 0 2 13 17 2 8 19 14 2 6 19 1 4 16 7 1 0 2 13 1 3 5 15
12 16 3 4 4 5 1 2 6 13 16 5 9 18 16 13 16 18 0 8 11 4 2 16 6 5 13 2 0 5 11 3 0 8 8 14 16 17 19 9 17 0 13 2 17 18 10 6 5 0
13 1 16 15 6 18 4 18 13 3 19 0 15 7 4 16 9 3 7 5 13 5 5 1 13 16 7 13 5 0 15 9 16 18 2 6 7 0 17 8 11 15 16 7 1 2 14 17 10 18
14 7 0 10 15 5 0 12 3 7 4 12 16 2 17 17 11 2 17 5 2 4 7 17 5 12 10 17 11 15 0 0 6 17 18 14 0 19 8 10 19 2 1 18 10 3 5 18 6 12
15 17 14 5 4 13 3 13 9 6 13 14 4 4 18 17 1 8 14 2 17 6 18 18 18 10 10 2 3 9 0 0 11 11 9 8 6 12 0 0 18 17 3 17 12 6 0 9 17 0
15 9 16 5 0 19 4 18 9 11 8 16 2 3 8 9 2 3 6 13 10 6 19 1 4 4 11 8 0 16 6 11 0 10 10 4 14 15 10 2 17 13 8 16 2 11 2 4 5 9
0 18 11 0 3 15 10 11 2 2 13 8 7 3 2 7 13 1 10 2 8 8 19 7 2 11 5 19 8 18 17 11 10 0 6 8 18 2 16 8 5 18 15 8 8 7 14 2 12 4
15 18 5 14 5 10 19 19 8 17 16 12 6 6 0 1 19 11 19 3 17 4 11 19 4 6 16 14 8 2 18 9 10 6 0 17 12 9 6 4 18 15 17 18 17 11 19 5 16 0
16 1 5 16 10 2 11 13 8 4 14 16 3 14 15 5 15 14 6 0 6 12 18 11 7 2 6 2 14 6 14 8 4 8 17 0 12 14 6 17 2 17 10 19 17 9 3 18 12 6
16 10 5 16 17 16 4 15 11 10 19 11 2 19 16 9 19 7 5 13 5 19 15 12 9 12 18 6 16 7 0 6 14 18 12 12 0 7 14 3 5 10 17 9 19 16 6 0 11 5
18 19 9 11 10 2 19 15 15 10 16 7 17 14 17 17 19 10 15 7 1 3 13 3 16 7 15 19 17 0 19 12 15 2 9 14 7 0 5 6 12 12 6 13 14 1 5 2 3 19
10 2 4 0 5 13 2 2 2 9 6 11 4 12 6 0 8 15 17 10 19 9 8 0 14 4 0 1 19 17 8 0 10 16 6 6 14 5 0 9 2 11 19 19 2 18 0 18 10 4
10 16 18 0 12 11 16 15 14 4 6 4 14 4 15 18 10 16 7 13 7 7 15 13 6 19 9 4 9 8 10 0 2 8 4 17 3 6 9 0 4 14 16 18 8 17 5 13 3 17
2 3 5 12 13 18 13 14 6 11 17 12 4 15 10 5 15 12 2 11 14 16 9 18 18 10 5 16 17 11 19 18 17 5 18 2 5 12 2 4 0 16 15 13 19 9 0 12 13 5
9 9 14 17 3 14 8 19 12 18 6 6 1 6 2 7 0 2 12 4 15 6 2 2 19 3 10 7 0 15 2 17 13 18 15 17 10 12 11 14 16 0 4 3 8 5 17 5 11 8
1 18 2 18 9 11 5 16 11 14 15 9 6 16 6 3 11 15 12 11 8 2 4 11 6 5 2 1 13 16 1 3 8 15 17 10 17 6 19 16 15 4 0 12 6 11 0 0 5 17
1 5 4 18 12 13 10 14 8 11 8 13 14 10 3 17 4 2 13 5 9 9 2 12 6 4 17 0 2 7 18 17 16 8 18 19 9 13 19 18 13 3 12 0 14 16 1 14 3 2
7 5 15 3 5 9 14 0 18 15 10 14 4 17 16 2 4 9 12 0 13 3 7 0 0 7 6 2 17 1 10 12 2 8 17 17 19 14 2 8 19 8 6 14 0 9 12 3 14 3
9 5 17 0 19 5 1 8 16 18 8 13 7 5 7 10 15 17 6 4 6 4 11 8 10 5 19 13 18 2 3 6 11 7 11 9 16 1 18 17 9 5 11 16 9 0 16 3 1 18
16 0 12 10 9 15 4 18 7 6 8 10 0 17 7 17 7 10 5 15 10 14 12 5 7 13 6 1 10 14 5 0 2 14 19 3 6 5 0 5 0 17 0 1 12 16 0 0 18 13
12 14 8 1 1 10 7 14 17 8 14 17 16 8 10 17 16 19 12 18 6 3 19 12 6 1 14 3 6 17 18 9 4 2 5 18 0 2 18 13 12 5 0 14 3 3 0 0 3 8
1 7 8 7 9 14 0 16 0 2 12 14 15 16 16 3 6 2 14 18 10 9 0 16 6 10 19 5 5 10 6 17 5 12 16 12 11 3 10 3 13 11 5 3 14 1 18 3 0 13
10 7 17 18 15 19 5 17 17 18 11 19 7 17 8 17 10 4 15 14 14 6 4 0 9 11 3 15 0 18 12 0 9 4 0 6 5 19 4 17 5 8 17 2 3 18 13 8 13 0
