75
50
0 10 12 19 16 12 11 11 10 13 13 0 6 0 13 13 19 19 13 7 3 11 9 6 5 19 18 4 2 19 5 8 14 13 17 11 15 10 7 8 17 3 3 3 10 2 9 16 19 5
10 0 17 10 16 10 2 16 14 7 4 4 8 14 0 18 7 7 3 16 17 8 6 5 10 19 11 12 17 11 3 12 13 10 1 12 1 13 4 15 13 5 13 7 18 7 13 16 0 7
12 17 0 19 15 18 3 2 4 16 10 15 2 14 3 13 4 19 11 9 4 6 6 19 1 14 1 3 19 2 4 7 15 16 14 3 14 13 4 10 9 12 3 14 1 4 9 19 18 9
19 10 19 0 9 13 18 12 9 1 15 4 16 9 7 18 10 0 12 6 8 2 18 11 2 9 5 6 6 15 4 9 14 13 10 2 15 16 6 1 17 15 19 7 1 7 18 5 10 11
16 16 15 9 0 12 2 2 8 19 12 2 9 0 3 5 16 11 19 12 0 1 4 17 8 13 12 13 7 6 10 4 4 13 14 8 18 5 6 18 15 5 19 4 6 17 4 3 6 7
12 10 18 13 12 0 12 14 4 12 12 9 2 13 1 14 11 7 17 11 3 9 10 11 7 9 3 9 19 15 0 8 9 10 12 1 11 14 3 8 1 0 10 18 1 11 8 17 14 0
11 2 3 18 2 12 0 0 7 5 7 10 1 16 10 12 16 16 10 6 6 7 16 5 0 11 15 7 15 18 10 10 14 0 4 17 12 12 7 11 15 13 6 9 7 7 10 8 15 2
11 16 2 12 2 14 0 0 11 1 16 2 11 8 6 7 1 6 17 16 2 2 5 4 17 16 8 3 6 0 10 0 9 13 7 4 10 1 18 1 14 4 2 4 19 0 19 1 7 6
10 14 4 9 8 4 7 11 0 2 2 16 4 1 12 0 6 11 2 7 18 14 2 9 19 10 19 18 16 9 18 13 13 16 18 6 0 16 16 5 0 19 14 12 1 13 2 10 4 19
13 7 16 1 19 12 5 1 2 0 19 8 0 1 13 10 18 17 8 11 15 9 4 7 11 6 7 18 14 10 2 14 3 14 1 4 2 19 1 18 6 2 13 15 7 17 18 0 8 16
13 4 10 15 12 12 7 16 2 19 0 18 14 9 7 12 13 10 10 15 15 0 6 16 13 1 2 8 0 4 0 2 8 0 0 13 4 1 6 11 18 16 14 18 14 0 6 7 19 1
0 4 15 4 2 9 10 2 16 8 18 0 2 11 9 3 7 0 17 6 8 10 13 13 14 13 12 19 15 9 2 3 17 16 19 12 7 13 6 11 0 14 18 5 6 18 4 10 16 18
6 8 2 16 9 2 1 11 4 0 14 2 0 19 15 10 1 3 15 17 19 14 6 5 6 1 5 3 14 1 1 16 14 13 19 0 11 15 13 0 14 16 6 5 17 19 10 16 3 16
0 14 14 9 0 13 16 8 1 1 9 11 19 0 17 18 9 18 5 0 12 6 18 8 11 10 19 1 16 13 11 6 12 11 13 8 18 12 18 16 0 5 6 12 8 12 10 19 3 17
13 0 3 7 3 1 10 6 12 13 7 9 15 17 0 16 18 18 16 6 17 3 17 8 17 14 7 6 11 4 2 6 2 6 13 2 8 7 5 3 14 13 8 19 5 8 17 6 14 6
13 18 13 18 5 14 12 7 0 10 12 3 10 18 16 0 17 4 15 4 4 19 6 3 2 12 12 14 10 7 19 10 2 17 18 7 16 1 1 3 4 5 15 18 4 15 19 15 15 4
19 7 4 10 16 11 16 1 6 18 13 7 1 9 18 17 0 11 16 18 15 0 0 8 10 19 18 0 11 10 4 12 4 17 9 6 0 9 7 12 16 13 9 18 0 12 9 17 19 5
19 7 19 0 11 7 16 6 11 17 10 0 3 18 18 4 11 0 9 0 10 9 16 19 7 12 14 14 0 15 8 9 15 16 7 8 6 11 6 7 10 4 4 14 2 18 8 2 14 16
13 3 11 12 19 17 10 17 2 8 10 17 15 5 16 15 16 9 0 17 1 10 17 16 12 11 1 14 6 8 5 11 13 6 0 18 6 13 6 2 11 14 12 4 11 15 9 0 6 2
7 16 9 6 12 11 6 16 7 11 15 6 17 0 6 4 18 0 17 0 18 12 17 13 15 11 2 1 2 13 14 1 17 8 9 12 13 12 17 15 18 15 2 11 0 18 1 6 4 12
3 17 4 8 0 3 6 2 18 15 15 8 19 12 17 4 15 10 1 18 0 0 2 6 9 14 2 10 8 3 14 8 0 13 18 18 4 17 6 3 14 8 5 15 1 6 18 3 9 8
11 8 6 2 1 9 7 2 14 9 0 10 14 6 3 19 0 9 10 12 0 0 1 12 6 19 17 13 14 8 0 13 12 17 17 14 13 5 12 4 15 7 15 11 13 3 15 19 0 7
9 6 6 18 4 10 16 5 2 4 6 13 6 18 17 6 0 16 17 17 2 1 0 6 0 17 8 2 1 8 13 19 0 11 18 3 7 7 8 12 0 17 10 6 2 3 13 1 1 15
6 5 19 11 17 11 5 4 9 7 16 13 5 8 8 3 8 19 16 13 6 12 6 0 4 16 5 12 14 19 17 3 5 19 3 5 10 15 8 8 12 18 8 18 13 7 1 7 1 1
5 10 1 2 8 7 0 17 19 11 13 14 6 11 17 2 10 7 12 15 9 6 0 4 0 19 14 17 15 4 11 10 3 18 0 17 4 1 0 10 3 4 18 3 14 19 11 9 10 9
19 19 14 9 13 9 11 16 10 6 1 13 1 10 14 12 19 12 11 11 14 19 17 16 19 0 10 9 3 2 4 0 4 19 16 17 2 17 18 4 16 11 3 5 2 14 6 17 17 0
18 11 1 5 12 3 15 8 19 7 2 12 5 19 7 12 18 14 1 2 2 17 8 5 14 10 0 7 5 2 3 11 12 3 15 17 0 12 18 14 11 19 17 8 1 5 18 1 4 18
4 12 3 6 13 9 7 3 18 18 8 19 3 1 6 14 0 14 14 1 10 13 2 12 17 9 7 0 4 15 16 14 16 5 10 0 11 1 2 10 17 10 12 6 17 18 0 6 10 9
2 17 19 6 7 19 15 6 16 14 0 15 14 16 11 10 11 0 6 2 8 14 1 14 15 3 5 4 0 2 12 13 16 18 17 7 4 18 0 6 7 0 16 9 15 8 1 6 9 4
19 11 2 15 6 15 18 0 9 10 4 9 1 13 4 7 10 15 8 13 3 8 8 19 4 2 2 15 2 0 17 15 3 19 16 16 17 14 10 1 10 11 16 16 5 6 3 8 14 2
5 3 4 4 10 0 10 10 18 2 0 2 1 11 2 19 4 8 5 14 14 0 13 17 11 4 3 16 12 17 0 11 2 9 17 1 1 6 19 1 1 12 8 14 9 0 18 11 0 3
8 12 7 9 4 8 10 0 13 14 2 3 16 6 6 10 12 9 11 1 8 13 19 3 10 0 11 14 13 15 11 0 11 3 8 1 11 0 2 0 6 9 7 17 11 6 10 17 2 19
14 13 15 14 4 9 14 9 13 3 8 17 14 12 2 2 4 15 13 17 0 12 0 5 3 4 12 16 16 3 2 11 0 17 19 15 14 18 7 12 17 10 0 2 6 4 0 12 12 9
13 10 16 13 13 10 0 13 16 14 0 16 13 11 6 17 17 16 6 8 13 17 11 19 18 19 3 5 18 19 9 3 17 0 17 9 3 11 7 10 0 10 3 10 7 9 9 18 19 10
17 1 14 10 14 12 4 7 18 1 0 19 19 13 13 18 9 7 0 9 18 17 18 3 0 16 15 10 17 16 17 8 19 17 0 16 2 3 10 5 0 0 1 8 17 10 17 17 0 4
11 12 3 2 8 1 17 4 6 4 13 12 0 8 2 7 6 8 18 12 18 14 3 5 17 17 17 0 7 16 1 1 15 9 16 0 19 5 3 8 7 10 1 17 0 19 11 4 5 4
15 1 14 15 18 11 12 10 0 2 4 7 11 18 8 16 0 6 6 13 4 13 7 10 4 2 0 11 4 17 1 11 14 3 2 19 0 12 17 18 3 11 2 11 8 0 14 11 9 9
10 13 13 16 5 14 12 1 16 19 1 13 15 12 7 1 9 11 13 12 17 5 7 15 1 17 12 1 18 14 6 0 18 11 3 5 12 0 4 10 14 14 5 13 1 19 17 9 7 18
7 4 4 6 6 3 7 18 16 1 6 6 13 18 5 1 7 6 6 17 6 12 8 8 0 18 18 2 0 10 19 2 7 7 10 3 17 4 0 2 11 16 4 12 17 15 12 12 11 15
8 15 10 1 18 8 11 1 5 18 11 11 0 16 3 3 12 7 2 15 3 4 12 8 10 4 14 10 6 1 1 0 12 10 5 8 18 10 2 0 11 7 13 6 2 9 11 5 5 13
17 13 9 17 15 1 15 14 0 6 18 0 14 0 14 4 16 10 11 18 14 15 0 12 3 16 11 17 7 10 1 6 17 0 0 7 3 14 11 11 0 10 11 10 13 5 5 9 9 7
3 5 12 15 5 0 13 4 19 2 16 14 16 5 13 5 13 4 14 15 8 7 17 18 4 11 19 10 0 11 12 9 10 10 0 10 11 14 16 7 10 0 4 3 9 13 16 13 16 3
3 13 3 19 19 10 6 2 14 13 14 18 6 6 8 15 9 4 12 2 5 15 10 8 18 3 17 12 16 16 8 7 0 3 1 1 2 5 4 13 11 4 0 11 6 16 2 18 11 7
3 7 14 7 4 18 9 4 12 15 18 5 5 12 19 18 18 14 4 11 15 11 6 18 3 5 8 6 9 16 14 17 2 10 8 17 11 13 12 6 10 3 11 0 8 3 5 10 0 5
10 18 1 1 6 1 7 19 1 7 14 6 17 8 5 4 0 2 11 0 1 13 2 13 14 2 1 17 15 5 9 11 6 7 17 0 8 1 17 2 13 9 6 8 0 8 18 16 5 0
2 7 4 7 17 11 7 0 13 17 0 18 19 12 8 15 12 18 15 18 6 3 3 7 19 14 5 18 8 6 0 6 4 9 10 19 0 19 15 9 5 13 16 3 8 0 8 16 16 8
9 13 9 18 4 8 10 19 2 18 6 4 10 10 17 19 9 8 9 1 18 15 13 1 11 6 18 0 1 3 18 10 0 9 17 11 14 17 12 11 5 16 2 5 18 8 0 1 3 6
16 16 19 5 3 17 8 1 10 0 7 10 16 19 6 15 17 2 0 6 3 19 1 7 9 17 1 6 6 8 11 17 12 18 17 4 11 9 12 5 9 13 18 10 16 16 1 0 13 1
19 0 18 10 6 14 15 7 4 8 19 16 3 3 14 15 19 14 6 4 9 0 1 1 10 17 4 10 9 14 0 2 12 19 0 5 9 7 11 5 9 16 11 0 5 16 3 13 0 9
5 7 9 11 7 0 2 6 19 16 1 18 16 17 6 4 5 16 2 12 8 7 15 1 9 0 18 9 4 2 3 19 9 10 4 4 9 18 15 13 7 3 7 5 0 8 6 1 9 0
