75
75
0 4 3 4 5 0 0 0 0 16 4 2 0 0 0 15 0 0 0 15 11 0 0 0 0 0 0 0 16 0 0 11 0 0 0 0 0 0 0 0 0 0 0 17 0 0 1 3 6 0 7 0 0 0 0 0 17 8 0 0 4 14 0 18 16 0 0 5 0 0 9 0 0 13 0
4 0 0 0 13 12 0 17 0 0 0 17 16 0 0 0 0 16 0 0 0 16 0 0 0 16 11 0 5 0 0 0 5 0 0 0 0 0 0 0 0 0 0 0 0 0 0 0 0 15 0 0 0 6 0 0 0 0 0 0 0 0 0 0 0 0 0 2 0 0 0 0 0 0 0
3 0 0 9 0 10 0 0 0 4 0 0 0 17 0 0 0 0 0 8 0 0 18 0 2 17 0 0 0 0 0 0 0 0 0 6 0 7 0 15 0 2 0 14 1 0 0 17 3 0 0 0 0 0 0 0 12 0 0 0 0 0 0 0 0 0 0 0 1 0 0 0 0 0 0
4 0 9 0 0 0 0 0 0 0 0 0 0 0 0 0 0 4 0 1 0 13 11 0 19 9 0 0 0 6 0 0 12 14 9 0 0 0 0 0 8 0 2 0 0 0 0 0 0 0 0 0 0 0 4 0 0 17 0 0 0 0 0 0 0 0 0 4 0 0 0 0 15 9 0
5 13 0 0 0 0 0 0 0 17 0 0 0 13 0 1 0 0 0 4 0 0 12 0 0 0 0 0 0 2 0 0 3 0 0 18 0 16 0 4 0 17 12 1 0 0 0 0 0 0 0 0 0 0 2 0 0 17 7 0 0 0 0 0 0 0 0 0 0 0 0 0 0 1 0
0 12 10 0 0 0 0 0 0 0 3 3 0 0 6 0 16 0 0 0 0 2 0 0 0 0 19 19 0 18 0 0 0 0 0 0 0 12 9 0 0 0 0 0 2 0 0 0 0 0 0 4 15 0 4 0 0 0 0 0 0 17 0 0 0 13 0 13 3 0 10 0 0 0 0
0 0 0 0 0 0 0 0 0 0 1 0 0 0 13 0 0 0 0 0 0 12 0 0 0 3 0 2 2 14 0 18 6 5 0 12 0 10 0 19 0 0 0 0 0 0 0 9 0 5 0 0 0 0 10 0 0 0 0 0 0 16 0 0 0 6 0 0 7 0 0 0 0 0 0
0 17 0 0 0 0 0 0 0 0 0 0 0 0 0 11 7 0 0 0 0 0 0 17 0 0 2 0 11 0 0 0 10 0 0 0 0 0 0 0 0 0 0 0 18 0 0 0 0 0 3 0 0 14 0 0 0 16 0 0 13 0 0 0 12 19 0 0 0 7 0 14 0 15 0
0 0 0 0 0 0 0 0 0 0 3 0 0 0 0 1 0 7 0 0 0 0 0 17 0 0 5 0 0 9 15 0 10 0 0 0 0 0 16 0 0 6 0 0 0 0 0 0 0 9 0 0 0 10 0 0 9 13 0 0 0 0 7 19 4 0 0 15 0 0 0 0 0 0 11
16 0 4 0 17 0 0 0 0 0 0 0 15 0 0 5 11 6 0 0 0 0 0 0 0 10 0 0 0 0 0 18 0 0 0 0 0 0 0 0 0 0 0 0 9 0 0 0 0 0 11 0 0 0 10 0 12 18 0 0 13 19 0 0 4 0 7 0 0 6 0 0 0 17 0
4 0 0 0 0 3 1 0 3 0 0 0 0 0 5 0 11 8 12 0 0 12 0 0 0 9 0 2 16 2 13 0 0 0 13 14 0 0 0 0 0 0 0 0 10 3 14 0 0 0 0 0 8 0 0 18 0 0 0 15 0 0 0 0 17 14 0 0 0 8 0 0 0 0 0
2 17 0 0 0 3 0 0 0 0 0 0 1 0 0 16 0 0 7 12 0 0 1 18 0 0 0 0 14 0 0 0 0 0 0 0 6 0 2 10 0 0 0 0 0 0 18 0 0 0 0 0 4 13 6 0 1 0 0 0 0 0 17 0 14 4 0 0 2 0 0 0 16 0 0
0 16 0 0 0 0 0 0 0 15 0 1 0 0 0 0 0 5 0 0 12 0 14 0 0 5 0 0 3 10 16 0 0 0 0 19 0 6 5 0 12 0 0 5 0 0 11 0 0 0 0 0 0 0 8 0 0 0 14 13 0 0 4 0 13 0 9 0 19 16 0 0 2 0 10
0 0 17 0 13 0 0 0 0 0 0 0 0 0 3 0 0 0 0 0 0 11 0 0 0 0 0 0 10 10 1 17 0 0 0 0 0 0 0 0 8 0 0 0 0 6 0 0 0 0 0 10 0 0 0 0 0 12 2 0 0 0 0 0 0 6 1 7 14 0 0 0 0 0 0
0 0 0 0 0 6 13 0 0 0 5 0 0 3 0 0 19 0 1 17 0 0 0 0 0 0 9 0 0 0 0 0 0 0 0 0 0 0 0 17 0 17 0 0 0 0 0 1 13 17 13 0 2 0 19 0 0 6 17 0 0 0 0 9 0 0 18 0 0 7 0 10 5 0 12
15 0 0 0 1 0 0 11 1 5 0 16 0 0 0 0 6 0 0 5 0 0 0 16 0 11 7 0 0 4 12 0 0 0 0 13 0 13 0 0 0 0 0 0 13 0 0 11 0 0 19 0 6 0 0 0 0 0 0 0 19 10 15 0 10 0 0 3 0 0 0 9 0 0 0
0 0 0 0 0 16 0 7 0 11 11 0 0 0 19 6 0 0 0 0 10 0 11 17 5 0 0 0 0 0 0 0 0 0 0 0 0 0 6 0 0 12 7 0 2 17 3 0 0 5 0 17 14 0 0 8 0 0 0 0 0 0 0 0 0 0 13 0 0 0 0 0 0 0 0
0 16 0 4 0 0 0 0 7 6 8 0 5 0 0 0 0 0 0 0 13 0 0 0 0 6 6 0 0 0 0 0 0 8 0 0 0 0 0 10 0 0 0 0 1 10 0 0 0 7 0 3 0 0 0 8 17 12 3 0 0 0 11 12 17 0 0 6 0 0 0 0 3 11 14
0 0 0 0 0 0 0 0 0 0 12 7 0 0 1 0 0 0 0 9 1 0 0 0 0 10 0 0 13 0 14 0 0 0 0 3 0 0 0 8 0 15 0 0 0 12 0 0 0 0 0 12 8 0 0 0 0 0 15 0 0 4 0 0 5 0 0 0 0 0 4 0 6 0 0
15 0 8 1 4 0 0 0 0 0 0 12 0 0 17 5 0 0 9 0 7 0 0 0 0 10 11 0 0 0 0 0 0 0 5 0 0 19 0 0 0 0 0 0 0 0 0 0 10 0 8 0 17 0 0 0 0 0 0 0 0 0 0 0 0 0 11 0 0 0 0 0 0 0 0
11 0 0 0 0 0 0 0 0 0 0 0 12 0 0 0 10 13 1 7 0 0 0 0 0 0 13 0 19 0 0 0 13 1 8 0 0 0 0 0 0 0 0 0 0 18 0 0 0 0 8 0 0 0 3 0 19 7 0 0 0 0 0 0 0 0 0 19 0 0 0 0 0 0 15
0 16 0 13 0 2 12 0 0 0 12 0 0 11 0 0 0 0 0 0 0 0 11 0 0 0 5 0 15 0 0 0 14 0 0 0 4 0 6 0 9 9 0 19 13 9 0 0 0 0 0 0 0 8 0 0 11 0 0 0 0 0 3 0 0 15 0 0 0 0 0 8 0 18 0
0 0 18 11 12 0 0 0 0 0 0 1 14 0 0 0 11 0 0 0 0 11 0 0 0 9 3 0 0 14 14 0 0 5 0 0 18 0 0 0 0 0 0 0 0 0 0 0 0 0 14 0 0 0 0 0 0 0 0 0 8 9 0 7 0 0 0 0 0 0 0 0 6 0 0
0 0 0 0 0 0 0 17 17 0 0 18 0 0 0 16 17 0 0 0 0 0 0 0 0 0 0 0 6 0 0 0 0 0 10 15 3 0 0 16 0 8 16 0 0 0 0 0 10 0 14 0 0 16 0 0 9 0 0 0 0 0 11 0 0 0 0 0 0 0 0 0 0 0 7
0 0 2 19 0 0 0 0 0 0 0 0 0 0 0 0 5 0 0 0 0 0 0 0 0 0 0 0 0 0 4 0 11 10 0 0 0 17 0 0 0 0 0 0 0 0 0 3 0 0 0 14 1 6 0 12 0 0 0 0 18 7 1 0 0 12 0 0 7 10 5 0 11 2 0
0 16 17 9 0 0 3 0 0 10 9 0 5 0 0 11 0 6 10 10 0 0 9 0 0 0 0 0 0 11 0 0 0 0 0 15 16 3 0 7 0 1 15 0 0 1 0 0 0 0 3 0 13 0 0 0 0 0 0 0 0 0 0 0 0 0 0 0 0 0 11 0 6 0 0
0 11 0 0 0 19 0 2 5 0 0 0 0 0 9 7 0 6 0 11 13 5 3 0 0 0 0 0 0 0 0 14 0 0 0 0 16 0 0 0 0 0 17 0 0 0 0 13 0 0 0 0 0 0 14 0 0 0 8 2 18 9 0 0 0 0 0 0 0 17 0 0 0 12 0
0 0 0 0 0 19 2 0 0 0 2 0 0 0 0 0 0 0 0 0 0 0 0 0 0 0 0 0 0 0 0 0 10 0 9 0 0 0 0 0 0 17 0 0 11 0 0 0 0 0 0 0 0 0 0 4 0 0 0 0 8 0 0 8 0 6 0 16 0 0 0 0 0 3 0
16 5 0 0 0 0 2 11 0 0 16 14 3 10 0 0 0 0 13 0 19 15 0 6 0 0 0 0 0 10 0 10 0 17 0 0 0 0 15 0 0 0 0 0 0 0 0 17 0 0 2 0 15 16 9 0 0 0 0 0 0 0 11 0 18 0 18 14 0 1 0 0 17 0 16
0 0 0 6 2 18 14 0 9 0 2 0 10 10 0 4 0 0 0 0 0 0 14 0 0 11 0 0 10 0 0 0 7 0 0 10 0 0 0 5 0 0 0 0 0 0 17 0 0 0 0 1 0 0 0 0 0 0 0 0 0 12 0 17 0 0 0 0 0 0 0 0 0 0 1
0 0 0 0 0 0 0 0 15 0 13 0 16 1 0 12 0 0 14 0 0 0 14 0 4 0 0 0 0 0 0 0 0 0 0 0 0 11 0 12 16 0 6 0 0 0 0 6 4 0 0 12 0 11 0 19 0 0 0 8 10 0 7 2 1 6 0 0 10 0 0 0 0 0 0
11 0 0 0 0 0 18 0 0 18 0 0 0 17 0 0 0 0 0 0 0 0 0 0 0 0 14 0 10 0 0 0 12 0 0 0 0 0 11 0 0 0 0 0 0 0 0 0 0 4 5 1 10 0 8 0 9 14 8 0 17 18 0 0 5 0 0 13 0 0 10 0 0 13 0
0 5 0 12 3 0 6 10 10 0 0 0 0 0 0 0 0 0 0 0 13 14 0 0 11 0 0 10 0 7 0 12 0 13 0 0 16 0 0 0 12 7 0 2 18 15 0 4 6 9 7 0 8 18 16 0 0 0 0 0 0 17 0 0 0 0 18 0 0 2 14 15 0 0 17
0 0 0 14 0 0 5 0 0 0 0 0 0 0 0 0 0 8 0 0 1 0 5 0 10 0 0 0 17 0 0 0 13 0 0 0 4 0 0 13 0 0 11 0 0 8 3 0 4 0 0 15 0 0 0 0 0 0 12 0 4 0 0 0 0 0 0 0 0 4 16 0 0 0 0
0 0 0 9 0 0 0 0 0 0 13 0 0 0 0 0 0 0 0 5 8 0 0 10 0 0 0 9 0 0 0 0 0 0 0 0 0 0 0 4 0 0 0 0 18 0 0 0 0 0 13 13 0 0 0 0 0 0 0 0 0 0 0 19 7 0 0 0 0 0 15 0 0 0 13
0 0 6 0 18 0 12 0 0 0 14 0 19 0 0 13 0 0 3 0 0 0 0 15 0 15 0 0 0 10 0 0 0 0 0 0 19 0 0 0 0 7 0 0 0 0 0 0 0 0 0 0 0 0 0 0 0 0 5 0 0 0 0 17 16 0 0 9 0 0 0 0 0 0 1
0 0 0 0 0 0 0 0 0 0 0 6 0 0 0 0 0 0 0 0 0 4 18 3 0 16 16 0 0 0 0 0 16 4 0 19 0 9 0 0 0 0 12 0 2 0 14 0 0 16 6 9 0 19 0 0 11 2 0 3 17 0 8 0 0 0 0 0 0 0 0 0 0 0 1
0 0 7 0 16 12 10 0 0 0 0 0 6 0 0 13 0 0 0 19 0 0 0 0 17 3 0 0 0 0 11 0 0 0 0 0 9 0 0 0 0 0 0 0 0 0 0 0 19 0 0 0 14 8 8 0 16 0 0 4 0 0 0 0 8 7 17 0 0 6 0 0 0 0 0
0 0 0 0 0 9 0 0 16 0 0 2 5 0 0 0 6 0 0 0 0 6 0 0 0 0 0 0 15 0 0 11 0 0 0 0 0 0 0 2 12 0 0 0 0 0 0 4 0 14 0 0 13 0 0 17 0 5 0 0 0 0 10 0 0 0 6 1 0 0 0 0 0 18 0
0 0 15 0 4 0 19 0 0 0 0 10 0 0 17 0 0 10 8 0 0 0 0 16 0 7 0 0 0 5 12 0 0 13 4 0 0 0 2 0 2 0 0 0 11 0 0 0 5 0 0 0 0 0 5 0 0 0 0 0 0 12 0 0 3 0 0 0 0 0 2 3 0 0 0
0 0 0 8 0 0 0 0 0 0 0 0 12 8 0 0 0 0 0 0 0 9 0 0 0 0 0 0 0 0 16 0 12 0 0 0 0 0 12 2 0 0 0 0 0 0 0 2 0 16 11 6 0 0 0 0 0 0 3 0 6 0 0 0 0 0 4 0 0 0 0 0 0 10 18
0 0 2 0 17 0 0 0 6 0 0 0 0 0 17 0 12 0 15 0 0 9 0 8 0 1 0 17 0 0 0 0 7 0 0 7 0 0 0 0 0 0 0 7 0 0 0 0 13 0 19 0 0 0 0 0 0 15 13 0 0 7 0 0 0 13 0 0 7 0 0 0 0 0 0
0 0 0 2 12 0 0 0 0 0 0 0 0 0 0 0 7 0 0 0 0 0 0 16 0 15 17 0 0 0 6 0 0 11 0 0 12 0 0 0 0 0 0 0 16 6 19 7 0 6 0 0 0 0 15 0 11 0 8 19 0 14 0 15 0 4 0 0 0 0 4 0 0 0 0
17 0 14 0 1 0 0 0 0 0 0 0 5 0 0 0 0 0 0 0 0 19 0 0 0 0 0 0 0 0 0 0 2 0 0 0 0 0 0 0 0 7 0 0 16 0 0 0 0 0 0 0 0 0 0 19 3 0 0 16 5 0 13 0 12 4 0 0 0 0 0 0 0 0 9
0 0 1 0 0 2 0 18 0 9 10 0 0 0 0 13 2 1 0 0 0 13 0 0 0 0 0 11 0 0 0 0 18 0 18 0 2 0 0 11 0 0 16 16 0 0 0 0 0 11 0 0 0 11 0 0 0 15 0 0 0 0 18 19 0 0 0 0 0 0 0 0 2 0 0
0 0 0 0 0 0 0 0 0 0 3 0 0 6 0 0 17 10 12 0 18 9 0 0 0 1 0 0 0 0 0 0 15 8 0 0 0 0 0 0 0 0 6 0 0 0 0 0 0 0 17 0 12 0 0 17 0 0 0 0 0 11 0 0 2 5 0 0 0 0 9 0 2 0 0
1 0 0 0 0 0 0 0 0 0 14 18 11 0 0 0 3 0 0 0 0 0 0 0 0 0 0 0 0 17 0 0 0 3 0 0 14 0 0 0 0 0 19 0 0 0 0 0 17 14 9 0 0 12 11 0 0 0 10 7 0 0 12 0 17 0 0 0 0 12 0 0 0 0 0
3 0 17 0 0 0 9 0 0 0 0 0 0 0 1 11 0 0 0 0 0 0 0 0 3 0 13 0 17 0 6 0 4 0 0 0 0 0 4 0 2 0 7 0 0 0 0 0 0 0 0 0 0 2 0 0 18 0 0 0 0 0 0 15 0 0 0 0 0 0 0 0 0 7 0
6 0 3 0 0 0 0 0 0 0 0 0 0 0 13 0 0 0 0 10 0 0 0 10 0 0 0 0 0 0 4 0 6 4 0 0 0 19 0 5 0 13 0 0 0 0 17 0 0 0 0 0 0 0 0 0 0 0 0 0 0 0 14 7 6 0 1 0 0 16 19 0 0 14 0
0 15 0 0 0 0 5 0 9 0 0 0 0 0 17 0 5 7 0 0 0 0 0 0 0 0 0 0 0 0 0 4 9 0 0 0 16 0 14 0 16 0 6 0 11 0 14 0 0 0 0 0 0 0 13 0 0 0 9 6 0 0 0 0 0 0 0 0 0 0 0 0 0 16 10
7 0 0 0 0 0 0 3 0 11 0 0 0 0 13 19 0 0 0 8 8 0 14 14 0 3 0 0 2 0 0 5 7 0 13 0 6 0 0 0 11 19 0 0 0 17 9 0 0 0 0 0 17 0 0 12 0 0 0 0 0 0 16 0 16 0 19 11 13 0 0 15 14 18 5
0 0 0 0 0 4 0 0 0 0 0 0 0 10 0 0 17 3 12 0 0 0 0 0 14 0 0 0 0 1 12 1 0 15 13 0 9 0 0 0 6 0 0 0 0 0 0 0 0 0 0 0 0 0 10 18 0 0 2 13 0 17 4 0 0 0 0 0 0 18 0 0 1 0 0
0 0 0 0 0 15 0 0 0 0 8 4 0 0 2 6 14 0 8 17 0 0 0 0 1 13 0 0 15 0 0 10 8 0 0 0 0 14 13 0 0 0 0 0 0 12 0 0 0 0 17 0 0 0 15 0 5 14 0 11 9 0 0 0 0 0 0 0 0 0 0 0 0 0 0
0 6 0 0 0 0 0 14 10 0 0 13 0 0 0 0 0 0 0 0 0 8 0 16 6 0 0 0 16 0 11 0 18 0 0 0 19 8 0 0 0 0 0 0 11 0 12 2 0 0 0 0 0 0 0 0 0 0 0 13 0 0 0 0 0 0 10 19 0 0 11 0 0 0 0
0 0 0 4 2 4 10 0 0 10 0 6 8 0 19 0 0 0 0 0 3 0 0 0 0 0 14 0 9 0 0 8 16 0 0 0 0 8 0 5 0 0 15 0 0 0 11 0 0 13 0 10 15 0 0 0 0 0 0 0 0 0 0 0 0 0 0 0 3 5 0 0 0 0 0
0 0 0 0 0 0 0 0 0 0 18 0 0 0 0 0 8 8 0 0 0 0 0 0 12 0 0 4 0 0 19 0 0 0 0 0 0 0 17 0 0 0 0 19 0 17 0 0 0 0 12 18 0 0 0 0 0 17 2 0 0 0 0 0 0 18 6 0 0 0 7 0 3 0 0
17 0 12 0 0 0 0 0 9 12 0 1 0 0 0 0 0 17 0 0 19 11 0 9 0 0 0 0 0 0 0 9 0 0 0 0 11 16 0 0 0 0 11 3 0 0 0 18 0 0 0 0 5 0 0 0 0 0 0 0 0 0 0 0 0 3 0 0 0 0 0 0 2 0 0
8 0 0 17 17 0 0 16 13 18 0 0 0 12 6 0 0 12 0 0 7 0 0 0 0 0 0 0 0 0 0 14 0 0 0 0 2 0 5 0 0 15 0 0 15 0 0 0 0 0 0 0 14 0 0 17 0 0 0 0 0 18 6 0 0 0 4 0 0 0 0 0 4 0 0
0 0 0 0 7 0 0 0 0 0 0 0 14 2 17 0 0 3 15 0 0 0 0 0 0 0 8 0 0 0 0 8 0 12 0 5 0 0 0 0 3 13 8 0 0 0 10 0 0 9 0 2 0 0 0 2 0 0 0 7 0 0 12 18 0 0 0 5 0 1 0 14 0 0 13
0 0 0 0 0 0 0 0 0 0 15 0 13 0 0 0 0 0 0 0 0 0 0 0 0 0 2 0 0 0 8 0 0 0 0 0 3 4 0 0 0 0 19 16 0 0 7 0 0 6 0 13 11 13 0 0 0 0 7 0 0 0 2 0 0 8 0 0 16 7 13 0 0 0 10
4 0 0 0 0 0 0 13 0 13 0 0 0 0 0 19 0 0 0 0 0 0 8 0 18 0 18 8 0 0 10 17 0 4 0 0 17 0 0 0 6 0 0 5 0 0 0 0 0 0 0 0 9 0 0 0 0 0 0 0 0 0 11 0 0 0 0 0 0 19 0 0 0 0 0
14 0 0 0 0 17 16 0 0 19 0 0 0 0 0 10 0 0 4 0 0 0 9 0 7 0 9 0 0 12 0 18 17 0 0 0 0 0 0 12 0 7 14 0 0 11 0 0 0 0 0 17 0 0 0 0 0 18 0 0 0 0 0 0 4 2 0 0 0 2 17 0 0 0 0
0 0 0 0 0 0 0 0 7 0 0 17 4 0 0 15 0 11 0 0 0 3 0 11 1 0 0 0 11 0 7 0 0 0 0 0 8 0 10 0 0 0 0 13 18 0 12 0 14 0 16 4 0 0 0 0 0 6 12 2 11 0 0 18 0 0 9 0 18 0 8 0 0 0 0
18 0 0 0 0 0 0 0 19 0 0 0 0 0 9 0 0 12 0 0 0 0 7 0 0 0 0 8 0 17 2 0 0 0 19 17 0 0 0 0 0 0 15 0 19 0 0 15 7 0 0 0 0 0 0 0 0 0 18 0 0 0 18 0 0 0 11 0 1 11 0 0 18 0 7
16 0 0 0 0 0 0 12 4 4 17 14 13 0 0 10 0 17 5 0 0 0 0 0 0 0 0 0 18 0 1 5 0 0 7 16 0 8 0 3 0 0 0 12 0 2 17 0 6 0 16 0 0 0 0 0 0 0 0 0 0 4 0 0 0 5 0 0 3 5 0 10 6 0 19
0 0 0 0 0 13 6 19 0 0 14 4 0 6 0 0 0 0 0 0 0 15 0 0 12 0 0 6 0 0 6 0 0 0 0 0 0 7 0 0 0 13 4 4 0 5 0 0 0 0 0 0 0 0 0 18 3 0 0 8 0 2 0 0 5 0 0 0 7 0 0 0 0 0 13
0 0 0 0 0 0 0 0 0 7 0 0 9 1 18 0 13 0 0 11 0 0 0 0 0 0 0 0 18 0 0 0 18 0 0 0 0 17 6 0 4 0 0 0 0 0 0 0 1 0 19 0 0 10 0 6 0 4 0 0 0 0 9 11 0 0 0 8 0 14 7 0 4 17 0
5 2 0 4 0 13 0 0 15 0 0 0 0 7 0 3 0 6 0 0 19 0 0 0 0 0 0 16 14 0 0 13 0 0 0 9 0 0 1 0 0 0 0 0 0 0 0 0 0 0 11 0 0 19 0 0 0 0 5 0 0 0 0 0 0 0 8 0 0 0 8 0 0 0 0
0 0 1 0 0 3 7 0 0 0 0 2 19 14 0 0 0 0 0 0 0 0 0 0 7 0 0 0 0 0 10 0 0 0 0 0 0 0 0 0 0 7 0 0 0 0 0 0 0 0 13 0 0 0 3 0 0 0 0 16 0 0 18 1 3 7 0 0 0 1 0 0 0 0 0
0 0 0 0 0 0 0 7 0 6 8 0 16 0 7 0 0 0 0 0 0 0 0 0 10 0 17 0 1 0 0 0 2 4 0 0 0 6 0 0 0 0 0 0 0 0 12 0 16 0 0 18 0 0 5 0 0 0 1 7 19 2 0 11 5 0 14 0 1 0 0 5 0 4 0
9 0 0 0 0 10 0 0 0 0 0 0 0 0 0 0 0 0 4 0 0 0 0 0 5 11 0 0 0 0 0 10 14 16 15 0 0 0 0 2 0 0 4 0 0 9 0 0 19 0 0 0 0 11 0 7 0 0 0 13 0 17 8 0 0 0 7 8 0 0 0 0 0 0 6
0 0 0 0 0 0 0 14 0 0 0 0 0 0 10 9 0 0 0 0 0 8 0 0 0 0 0 0 0 0 0 0 15 0 0 0 0 0 0 3 0 0 0 0 0 0 0 0 0 0 15 0 0 0 0 0 0 0 14 0 0 0 0 0 10 0 0 0 0 5 0 0 0 0 0
0 0 0 15 0 0 0 0 0 0 0 16 2 0 5 0 0 3 6 0 0 0 6 0 11 6 0 0 17 0 0 0 0 0 0 0 0 0 0 0 0 0 0 0 2 2 0 0 0 0 14 1 0 0 0 3 2 4 0 0 0 0 0 18 6 0 4 0 0 0 0 0 0 0 0
13 0 0 9 1 0 0 15 0 17 0 0 0 0 0 0 0 11 0 0 0 18 0 0 2 0 12 3 0 0 0 13 0 0 0 0 0 0 18 0 10 0 0 0 0 0 0 7 14 16 18 0 0 0 0 0 0 0 0 0 0 0 0 0 0 0 17 0 0 4 0 0 0 0 0
0 0 0 0 0 0 0 0 11 0 0 0 10 0 12 0 0 14 0 0 15 0 0 7 0 0 0 0 16 1 0 0 17 0 13 1 1 0 0 0 18 0 0 9 0 0 0 0 0 10 5 0 0 0 0 0 0 0 13 10 0 0 0 7 19 13 0 0 0 0 6 0 0 0 0
