75
50
0 10 1 19 12 16 18 8 6 15 6 8 7 11 8 11 11 8 17 3 12 15 1 3 12 3 17 1 3 15 9 18 1 15 11 16 10 2 8 2 15 4 2 1 0 4 13 2 12 19
10 0 2 11 14 8 17 13 16 9 4 5 5 0 0 6 4 13 4 4 0 1 16 9 5 14 2 6 11 8 12 14 8 5 2 19 13 13 8 16 2 3 17 4 11 4 12 16 12 11
1 2 0 15 12 9 3 2 16 8 18 3 13 10 15 6 2 2 13 18 9 5 12 9 6 2 16 16 9 17 6 2 19 10 15 4 17 13 9 5 12 14 18 3 11 3 0 0 1 2
19 11 15 0 8 6 6 3 18 7 6 5 10 11 8 6 15 12 0 16 14 19 1 4 6 6 3 7 9 7 4 13 10 3 3 17 0 19 6 19 18 3 13 6 11 0 4 17 8 4
12 14 12 8 0 16 19 18 18 17 15 13 13 13 2 3 18 5 4 3 0 7 9 1 11 5 7 6 6 4 16 7 0 12 14 4 3 16 7 2 11 16 10 3 11 13 2 11 8 17
16 8 9 6 16 0 10 1 16 6 6 3 19 1 2 10 7 18 17 18 12 14 6 11 6 15 4 14 5 3 18 14 14 15 18 8 8 11 10 17 9 13 16 7 17 18 16 16 10 11
18 17 3 6 19 10 0 3 1 3 16 0 3 14 15 7 11 7 19 6 12 10 5 8 18 16 11 16 18 0 18 7 4 3 15 2 13 9 17 18 12 7 0 17 10 7 18 10 15 9
8 13 2 3 18 1 3 0 11 18 8 8 13 15 5 2 9 10 15 13 3 3 11 3 9 11 18 16 2 4 13 11 14 15 0 5 8 15 18 7 4 15 5 15 4 14 2 9 5 0
6 16 16 18 18 16 1 11 0 17 8 12 9 4 5 3 1 6 8 1 18 6 6 6 10 13 6 8 8 16 3 6 11 9 17 9 17 19 10 7 16 5 11 17 15 6 14 19 1 9
15 9 8 7 17 6 3 18 17 0 7 8 19 16 16 8 17 2 19 3 9 10 12 14 7 2 7 3 15 1 17 10 6 17 16 14 8 3 9 16 0 1 9 1 19 8 11 7 4 12
6 4 18 6 15 6 16 8 8 7 0 17 11 11 17 0 16 6 18 15 9 13 19 14 15 15 4 18 8 17 1 4 19 11 1 7 12 5 14 11 7 2 0 4 5 8 4 11 3 18
8 5 3 5 13 3 0 8 12 8 17 0 18 9 10 11 4 18 9 16 3 12 15 7 19 2 3 4 1 19 8 16 17 6 11 4 16 10 3 6 17 7 11 9 6 12 9 10 14 18
7 5 13 10 13 19 3 13 9 19 11 18 0 16 14 0 11 19 1 0 18 0 10 6 12 0 12 1 13 14 0 8 10 4 19 8 18 13 12 5 0 18 19 4 9 0 17 11 13 17
11 0 10 11 13 1 14 15 4 16 11 9 16 0 17 18 18 19 10 16 17 14 18 15 17 6 1 13 9 5 18 10 11 18 8 14 2 0 8 6 5 16 19 13 8 14 3 12 6 19
8 0 15 8 2 2 15 5 5 16 17 10 14 17 0 13 13 18 17 11 9 14 19 17 16 7 15 17 0 7 12 2 8 3 8 9 6 0 10 17 13 16 11 16 3 16 3 10 17 4
11 6 6 6 3 10 7 2 3 8 0 11 0 18 13 0 1 17 11 6 11 10 16 13 0 14 18 4 0 13 7 2 10 4 12 15 12 8 4 6 12 7 18 11 18 16 0 10 15 7
11 4 2 15 18 7 11 9 1 17 16 4 11 18 13 1 0 7 7 6 4 9 7 12 4 6 11 0 9 11 5 10 15 11 2 13 2 18 12 6 1 11 13 17 19 9 15 15 6 16
8 13 2 12 5 18 7 10 6 2 6 18 19 19 18 17 7 0 7 14 3 12 9 13 1 4 4 7 6 9 12 16 16 2 3 7 13 0 18 11 4 6 18 14 7 16 7 7 12 18
17 4 13 0 4 17 19 15 8 19 18 9 1 10 17 11 7 7 0 6 1 18 15 2 9 1 18 5 11 15 17 16 18 13 8 7 18 1 4 6 9 5 4 11 11 13 18 12 2 1
3 4 18 16 3 18 6 13 1 3 15 16 0 16 11 6 6 14 6 0 3 11 19 5 14 17 2 14 3 9 19 14 19 2 11 17 12 5 8 11 0 2 0 18 2 18 14 16 9 7
12 0 9 14 0 12 12 3 18 9 9 3 18 17 9 11 4 3 1 3 0 16 19 16 1 1 8 12 15 14 10 4 9 19 14 18 7 4 11 4 1 1 14 16 16 6 10 16 18 5
15 1 5 19 7 14 10 3 6 10 13 12 0 14 14 10 9 12 18 11 16 0 9 9 8 3 7 17 15 3 0 15 4 11 16 2 10 3 12 1 11 14 18 4 13 1 14 15 0 8
1 16 12 1 9 6 5 11 6 12 19 15 10 18 19 16 7 9 15 19 19 9 0 12 4 1 7 18 16 14 7 6 11 0 2 4 4 14 10 1 11 18 0 16 5 16 3 17 9 14
3 9 9 4 1 11 8 3 6 14 14 7 6 15 17 13 12 13 2 5 16 9 12 0 1 13 16 16 3 14 9 13 15 4 10 14 1 3 12 13 14 7 0 19 9 12 9 19 3 12
12 5 6 6 11 6 18 9 10 7 15 19 12 17 16 0 4 1 9 14 1 8 4 1 0 19 7 0 4 17 14 11 0 11 8 5 3 3 4 19 4 5 8 13 12 15 0 0 10 2
3 14 2 6 5 15 16 11 13 2 15 2 0 6 7 14 6 4 1 17 1 3 1 13 19 0 9 18 7 10 10 10 9 3 19 19 7 13 3 5 5 2 7 4 1 8 13 2 8 19
17 2 16 3 7 4 11 18 6 7 4 3 12 1 15 18 11 4 18 2 8 7 7 16 7 9 0 14 0 11 9 16 14 3 11 6 1 10 16 1 7 8 9 18 13 3 0 2 11 0
1 6 16 7 6 14 16 16 8 3 18 4 1 13 17 4 0 7 5 14 12 17 18 16 0 18 14 0 13 2 15 5 15 19 8 19 1 17 18 2 15 14 10 15 12 14 2 7 10 7
3 11 9 9 6 5 18 2 8 15 8 1 13 9 0 0 9 6 11 3 15 15 16 3 4 7 0 13 0 17 15 10 0 10 18 13 12 9 7 16 12 14 16 18 7 18 13 10 7 19
15 8 17 7 4 3 0 4 16 1 17 19 14 5 7 13 11 9 15 9 14 3 14 14 17 10 11 2 17 0 1 15 0 4 19 13 16 2 18 2 9 12 5 16 11 3 15 16 10 14
9 12 6 4 16 18 18 13 3 17 1 8 0 18 12 7 5 12 17 19 10 0 7 9 14 10 9 15 15 1 0 19 12 9 5 5 5 13 19 4 13 7 12 0 5 7 4 0 2 2
18 14 2 13 7 14 7 11 6 10 4 16 8 10 2 2 10 16 16 14 4 15 6 13 11 10 16 5 10 15 19 0 6 3 8 1 11 16 19 8 2 3 0 19 8 1 1 3 4 18
1 8 19 10 0 14 4 14 11 6 19 17 10 11 8 10 15 16 18 19 9 4 11 15 0 9 14 15 0 0 12 6 0 3 14 6 4 0 2 14 4 3 6 7 16 17 5 7 1 10
15 5 10 3 12 15 3 15 9 17 11 6 4 18 3 4 11 2 13 2 19 11 0 4 11 3 3 19 10 4 9 3 3 0 8 5 13 16 10 6 14 7 19 14 19 15 10 19 12 2
11 2 15 3 14 18 15 0 17 16 1 11 19 8 8 12 2 3 8 11 14 16 2 10 8 19 11 8 18 19 5 8 14 8 0 16 8 10 16 18 2 16 15 2 18 2 4 16 1 4
16 19 4 17 4 8 2 5 9 14 7 4 8 14 9 15 13 7 7 17 18 2 4 14 5 19 6 19 13 13 5 1 6 5 16 0 17 19 4 4 10 0 7 5 4 2 15 14 12 1
10 13 17 0 3 8 13 8 17 8 12 16 18 2 6 12 2 13 18 12 7 10 4 1 3 7 1 1 12 16 5 11 4 13 8 17 0 9 6 0 6 9 1 0 3 0 1 11 0 19
2 13 13 19 16 11 9 15 19 3 5 10 13 0 0 8 18 0 1 5 4 3 14 3 3 13 10 17 9 2 13 16 0 16 10 19 9 0 18 8 18 17 15 4 18 7 19 10 6 4
8 8 9 6 7 10 17 18 10 9 14 3 12 8 10 4 12 18 4 8 11 12 10 12 4 3 16 18 7 18 19 19 2 10 16 4 6 18 0 4 5 10 4 13 10 19 7 10 4 19
2 16 5 19 2 17 18 7 7 16 11 6 5 6 17 6 6 11 6 11 4 1 1 13 19 5 1 2 16 2 4 8 14 6 18 4 0 8 4 0 2 6 3 10 13 3 10 11 16 6
15 2 12 18 11 9 12 4 16 0 7 17 0 5 13 12 1 4 9 0 1 11 11 14 4 5 7 15 12 9 13 2 4 14 2 10 6 18 5 2 0 19 0 11 19 6 11 7 16 3
4 3 14 3 16 13 7 15 5 1 2 7 18 16 16 7 11 6 5 2 1 14 18 7 5 2 8 14 14 12 7 3 3 7 16 0 9 17 10 6 19 0 10 5 9 12 8 15 12 3
2 17 18 13 10 16 0 5 11 9 0 11 19 19 11 18 13 18 4 0 14 18 0 0 8 7 9 10 16 5 12 0 6 19 15 7 1 15 4 3 0 10 0 9 19 17 0 5 4 12
1 4 3 6 3 7 17 15 17 1 4 9 4 13 16 11 17 14 11 18 16 4 16 19 13 4 18 15 18 16 0 19 7 14 2 5 0 4 13 10 11 5 9 0 15 6 8 2 1 4
0 11 11 11 11 17 10 4 15 19 5 6 9 8 3 18 19 7 11 2 16 13 5 9 12 1 13 12 7 11 5 8 16 19 18 4 3 18 10 13 19 9 19 15 0 0 6 15 8 7
4 4 3 0 13 18 7 14 6 8 8 12 0 14 16 16 9 16 13 18 6 1 16 12 15 8 3 14 18 3 7 1 17 15 2 2 0 7 19 3 6 12 17 6 0 0 12 5 19 15
13 12 0 4 2 16 18 2 14 11 4 9 17 3 3 0 15 7 18 14 10 14 3 9 0 13 0 2 13 15 4 1 5 10 4 15 1 19 7 10 11 8 0 8 6 12 0 16 5 6
2 16 0 17 11 16 10 9 19 7 11 10 11 12 10 10 15 7 12 16 16 15 17 19 0 2 2 7 10 16 0 3 7 19 16 14 11 10 10 11 7 15 5 2 15 5 16 0 9 19
12 12 1 8 8 10 15 5 1 4 3 14 13 6 17 15 6 12 2 9 18 0 9 3 10 8 11 10 7 10 2 4 1 12 1 12 0 6 4 16 16 12 4 1 8 19 5 9 0 5
19 11 2 4 17 11 9 0 9 12 18 18 17 19 4 7 16 18 1 7 5 8 14 12 2 19 0 7 19 14 2 18 10 2 4 1 19 4 19 6 3 3 12 4 7 15 6 19 5 0
