50
50
0 13 8 9 4 4 16 6 17 18 14 18 7 19 7 3 5 4 11 2 11 1 5 7 17 19 11 1 0 15 8 10 6 1 11 19 2 18 10 11 5 15 0 5 7 7 12 1 7 14
13 0 4 3 8 1 8 1 18 19 9 14 0 6 1 12 19 1 6 7 8 0 12 10 11 5 1 12 12 0 17 12 0 14 15 10 13 13 9 0 9 17 17 9 6 18 3 10 17 3
8 4 0 18 4 11 18 11 4 16 0 18 10 1 11 1 0 11 2 12 11 5 5 10 4 14 13 8 15 5 0 18 16 10 18 10 3 13 6 8 19 14 8 5 19 19 5 11 2 2
9 3 18 0 16 7 13 9 13 11 2 6 12 10 10 3 2 4 12 12 16 8 4 0 8 11 17 6 16 13 14 11 16 10 15 11 3 19 16 1 0 2 8 9 0 6 13 12 15 3
4 8 4 16 0 19 9 10 1 3 19 8 14 19 11 14 5 16 2 9 4 11 4 11 12 2 8 3 16 15 11 0 17 18 7 8 13 8 3 10 8 18 4 3 18 18 16 10 7 4
4 1 11 7 19 0 4 15 14 16 9 4 3 7 19 14 19 19 1 14 17 5 9 18 5 1 3 9 19 9 1 4 12 16 16 19 3 13 12 18 5 8 3 10 1 11 19 3 8 14
16 8 18 13 9 4 0 10 19 13 4 13 3 15 16 3 13 17 6 8 6 0 7 13 8 6 15 2 7 2 18 2 19 5 19 6 19 4 0 14 1 17 3 12 13 16 6 12 18 8
6 1 11 9 10 15 10 0 1 4 4 14 0 13 14 8 5 18 7 1 18 2 19 15 0 17 12 19 15 5 11 3 16 2 2 14 11 1 5 3 4 6 18 9 9 19 16 1 0 13
17 18 4 13 1 14 19 1 0 5 2 16 10 8 0 13 0 18 1 0 5 17 16 7 1 13 8 14 14 14 1 8 10 11 12 4 3 14 11 15 14 1 17 2 12 17 19 0 9 3
18 19 16 11 3 16 13 4 5 0 16 15 8 8 14 15 11 5 7 12 17 19 2 11 8 8 16 8 10 15 2 12 12 16 0 13 18 6 4 6 14 1 5 0 6 18 11 15 8 13
14 9 0 2 19 9 4 4 2 16 0 17 9 6 16 5 6 7 3 0 10 4 2 17 5 7 3 8 8 11 6 10 3 18 15 17 12 19 7 19 0 3 0 8 5 8 14 19 5 9
18 14 18 6 8 4 13 14 16 15 17 0 2 15 10 0 3 18 16 16 16 17 0 18 19 7 1 1 14 15 1 2 1 7 14 11 4 8 7 12 10 14 12 4 0 6 14 5 18 8
7 0 10 12 14 3 3 0 10 8 9 2 0 5 2 3 12 0 6 6 9 15 5 15 19 8 6 9 3 11 16 7 1 14 6 7 2 14 13 17 10 0 2 3 6 8 16 9 11 7
19 6 1 10 19 7 15 13 8 8 6 15 5 0 0 15 4 12 13 11 0 14 18 16 7 4 15 1 15 2 2 10 3 18 0 0 17 14 5 5 1 19 1 3 13 2 12 11 1 8
7 1 11 10 11 19 16 14 0 14 16 10 2 0 0 5 9 10 17 19 8 3 4 10 7 16 1 11 11 7 7 0 14 7 7 10 8 4 6 2 3 5 3 14 6 3 7 12 10 6
3 12 1 3 14 14 3 8 13 15 5 0 3 15 5 0 4 13 8 3 6 6 14 11 13 18 9 14 4 15 17 8 16 15 1 9 15 19 17 1 18 14 19 9 17 2 9 4 12 18
5 19 0 2 5 19 13 5 0 11 6 3 12 4 9 4 0 9 18 9 14 3 8 0 8 10 9 5 2 15 12 16 10 0 13 3 19 4 14 5 11 14 3 14 11 5 1 5 17 17
4 1 11 4 16 19 17 18 18 5 7 18 0 12 10 13 9 0 13 9 10 2 1 10 0 3 6 10 18 3 13 1 9 19 10 8 12 5 15 0 10 15 7 13 10 6 3 17 13 19
11 6 2 12 2 1 6 7 1 7 3 16 6 13 17 8 18 13 0 16 11 2 13 5 17 1 5 0 19 16 12 4 3 0 15 12 4 14 2 15 9 13 0 10 7 9 16 13 2 7
2 7 12 12 9 14 8 1 0 12 0 16 6 11 19 3 9 9 16 0 17 3 4 7 18 19 13 9 18 2 5 10 18 17 5 3 2 4 14 12 6 3 3 7 17 17 9 1 19 2
11 8 11 16 4 17 6 18 5 17 10 16 9 0 8 6 14 10 11 17 0 0 8 19 6 18 2 16 0 12 13 2 9 3 3 16 4 3 16 11 13 8 11 9 0 19 7 11 1 8
1 0 5 8 11 5 0 2 17 19 4 17 15 14 3 6 3 2 2 3 0 0 15 19 1 16 1 12 7 8 16 5 14 9 6 7 1 7 7 18 10 5 17 14 14 10 10 6 15 10
5 12 5 4 4 9 7 19 16 2 2 0 5 18 4 14 8 1 13 4 8 15 0 13 9 6 9 19 12 10 12 7 8 0 4 13 4 12 8 19 0 2 7 7 8 13 3 17 19 15
7 10 10 0 11 18 13 15 7 11 17 18 15 16 10 11 0 10 5 7 19 19 13 0 1 15 19 16 11 5 12 1 15 14 12 1 0 8 9 2 14 14 19 15 16 19 17 12 6 16
17 11 4 8 12 5 8 0 1 8 5 19 19 7 7 13 8 0 17 18 6 1 9 1 0 16 19 9 14 3 0 16 3 15 15 13 1 18 5 18 3 13 11 5 18 17 13 16 8 19
19 5 14 11 2 1 6 17 13 8 7 7 8 4 16 18 10 3 1 19 18 16 6 15 16 0 16 19 10 2 4 0 15 17 18 9 13 13 2 0 10 2 5 10 3 5 7 3 5 17
11 1 13 17 8 3 15 12 8 16 3 1 6 15 1 9 9 6 5 13 2 1 9 19 19 16 0 18 17 8 4 12 3 13 18 7 9 1 3 3 8 14 1 11 18 16 6 16 4 17
1 12 8 6 3 9 2 19 14 8 8 1 9 1 11 14 5 10 0 9 16 12 19 16 9 19 18 0 7 18 15 18 7 19 16 9 4 16 16 0 0 16 16 12 16 19 2 12 12 18
0 12 15 16 16 19 7 15 14 10 8 14 3 15 11 4 2 18 19 18 0 7 12 11 14 10 17 7 0 13 11 10 0 14 3 6 5 2 9 2 2 5 1 10 6 4 9 9 8 4
15 0 5 13 15 9 2 5 14 15 11 15 11 2 7 15 15 3 16 2 12 8 10 5 3 2 8 18 13 0 12 12 4 17 17 12 5 9 18 13 14 19 14 9 3 12 17 5 9 9
8 17 0 14 11 1 18 11 1 2 6 1 16 2 7 17 12 13 12 5 13 16 12 12 0 4 4 15 11 12 0 16 4 14 0 16 3 6 16 14 17 1 8 9 1 1 19 6 2 11
10 12 18 11 0 4 2 3 8 12 10 2 7 10 0 8 16 1 4 10 2 5 7 1 16 0 12 18 10 12 16 0 10 5 9 8 10 16 4 16 1 8 3 9 2 7 13 3 11 0
6 0 16 16 17 12 19 16 10 12 3 1 1 3 14 16 10 9 3 18 9 14 8 15 3 15 3 7 0 4 4 10 0 10 7 7 18 3 15 17 9 12 7 15 10 0 0 4 18 2
1 14 10 10 18 16 5 2 11 16 18 7 14 18 7 15 0 19 0 17 3 9 0 14 15 17 13 19 14 17 14 5 10 0 10 10 17 14 10 3 19 7 12 19 14 12 1 15 16 7
11 15 18 15 7 16 19 2 12 0 15 14 6 0 7 1 13 10 15 5 3 6 4 12 15 18 18 16 3 17 0 9 7 10 0 15 13 3 1 12 11 7 5 15 0 3 5 2 2 11
19 10 10 11 8 19 6 14 4 13 17 11 7 0 10 9 3 8 12 3 16 7 13 1 13 9 7 9 6 12 16 8 7 10 15 0 6 15 19 2 19 19 0 9 17 6 19 13 16 14
2 13 3 3 13 3 19 11 3 18 12 4 2 17 8 15 19 12 4 2 4 1 4 0 1 13 9 4 5 5 3 10 18 17 13 6 0 10 0 0 13 12 7 19 4 2 6 0 16 10
18 13 13 19 8 13 4 1 14 6 19 8 14 14 4 19 4 5 14 4 3 7 12 8 18 13 1 16 2 9 6 16 3 14 3 15 10 0 19 17 11 19 15 3 16 2 4 1 18 14
10 9 6 16 3 12 0 5 11 4 7 7 13 5 6 17 14 15 2 14 16 7 8 9 5 2 3 16 9 18 16 4 15 10 1 19 0 19 0 12 17 8 1 7 5 4 8 15 2 0
11 0 8 1 10 18 14 3 15 6 19 12 17 5 2 1 5 0 15 12 11 18 19 2 18 0 3 0 2 13 14 16 17 3 12 2 0 17 12 0 3 12 17 11 8 12 2 7 18 1
5 9 19 0 8 5 1 4 14 14 0 10 10 1 3 18 11 10 9 6 13 10 0 14 3 10 8 0 2 14 17 1 9 19 11 19 13 11 17 3 0 9 17 8 16 3 7 9 19 11
15 17 14 2 18 8 17 6 1 1 3 14 0 19 5 14 14 15 13 3 8 5 2 14 13 2 14 16 5 19 1 8 12 7 7 19 12 19 8 12 9 0 6 1 19 4 11 1 10 19
0 17 8 8 4 3 3 18 17 5 0 12 2 1 3 19 3 7 0 3 11 17 7 19 11 5 1 16 1 14 8 3 7 12 5 0 7 15 1 17 17 6 0 13 19 13 11 8 13 6
5 9 5 9 3 10 12 9 2 0 8 4 3 3 14 9 14 13 10 7 9 14 7 15 5 10 11 12 10 9 9 9 15 19 15 9 19 3 7 11 8 1 13 0 17 10 11 9 10 2
7 6 19 0 18 1 13 9 12 6 5 0 6 13 6 17 11 10 7 17 0 14 8 16 18 3 18 16 6 3 1 2 10 14 0 17 4 16 5 8 16 19 19 17 0 1 12 0 3 12
7 18 19 6 18 11 16 19 17 18 8 6 8 2 3 2 5 6 9 17 19 10 13 19 17 5 16 19 4 12 1 7 0 12 3 6 2 2 4 12 3 4 13 10 1 0 1 9 5 0
12 3 5 13 16 19 6 16 19 11 14 14 16 12 7 9 1 3 16 9 7 10 3 17 13 7 6 2 9 17 19 13 0 1 5 19 6 4 8 2 7 11 11 11 12 1 0 14 8 8
1 10 11 12 10 3 12 1 0 15 19 5 9 11 12 4 5 17 13 1 11 6 17 12 16 3 16 12 9 5 6 3 4 15 2 13 0 1 15 7 9 1 8 9 0 9 14 0 19 16
7 17 2 15 7 8 18 0 9 8 5 18 11 1 10 12 17 13 2 19 1 15 19 6 8 5 4 12 8 9 2 11 18 16 2 16 16 18 2 18 19 10 13 10 3 5 8 19 0 4
14 3 2 3 4 14 8 13 3 13 9 8 7 8 6 18 17 19 7 2 8 10 15 16 19 17 17 18 4 9 11 0 2 7 11 14 10 14 0 1 11 19 6 2 12 0 8 16 4 0
