100
50
0 5 3 10 3 19 1 17 11 1 11 2 9 1 3 5 0 13 0 8 1 9 4 12 3 7 13 0 8 13 12 13 18 13 12 18 16 16 15 6 13 7 4 17 16 18 5 19 4 19
5 0 13 2 17 0 10 17 1 12 2 1 4 1 14 17 1 15 11 13 7 3 6 16 14 2 1 6 8 19 11 8 2 6 5 5 7 6 9 9 8 17 18 14 0 6 14 11 9 17
3 13 0 19 19 18 15 3 12 15 0 6 4 16 13 8 13 9 4 2 12 11 19 19 12 19 6 15 13 4 3 19 1 13 10 3 3 14 9 13 7 7 14 15 16 1 4 3 16 11
10 2 19 0 13 9 18 14 9 1 12 17 1 11 13 6 13 2 5 1 6 17 13 6 19 15 12 2 6 11 6 11 9 13 13 2 0 18 19 3 11 5 15 11 12 0 16 5 1 18
3 17 19 13 0 2 9 6 11 9 5 15 0 5 0 7 9 14 12 3 4 4 4 14 14 17 15 0 12 18 4 2 8 13 16 1 2 5 5 10 9 4 9 10 2 11 10 0 2 17
19 0 18 9 2 0 19 10 6 7 7 9 15 17 0 8 18 2 3 9 10 3 3 19 10 18 18 3 8 16 18 16 8 18 14 13 19 7 4 1 7 0 1 8 16 13 2 19 6 17
1 10 15 18 9 19 0 14 18 2 15 0 13 19 1 12 14 15 1 3 9 14 4 15 19 13 4 2 13 7 16 11 12 3 5 8 9 15 9 12 10 11 17 0 19 2 9 17 14 18
17 17 3 14 6 10 14 0 5 4 4 19 0 16 15 6 1 15 2 14 4 12 12 15 13 9 4 5 19 6 18 19 2 13 2 0 12 14 10 13 6 17 14 6 11 12 2 7 12 10
11 1 12 9 11 6 18 5 0 7 2 18 6 1 16 8 1 4 7 4 8 18 16 11 3 3 0 8 13 18 8 11 6 15 15 16 12 19 0 4 7 4 16 6 14 8 15 15 3 6
1 12 15 1 9 7 2 4 7 0 18 13 16 18 16 10 5 5 1 19 12 8 2 5 16 15 16 5 16 5 1 8 5 17 13 16 3 11 19 4 10 14 10 7 8 2 10 4 18 17
11 2 0 12 5 7 15 4 2 18 0 9 19 3 10 4 6 19 16 7 7 7 16 18 18 7 18 7 0 0 2 13 11 9 15 18 6 4 13 15 4 12 19 18 12 2 16 13 1 4
2 1 6 17 15 9 0 19 18 13 9 0 5 3 10 6 4 10 14 2 2 6 7 6 1 2 1 2 15 5 14 15 15 1 3 7 0 8 2 13 14 4 0 18 16 1 16 15 8 8
9 4 4 1 0 15 13 0 6 16 19 5 0 9 16 0 0 13 12 8 18 4 7 12 1 1 0 8 15 14 12 1 2 3 17 8 17 19 3 5 2 18 10 8 2 15 7 9 19 11
1 1 16 11 5 17 19 16 1 18 3 3 9 0 9 2 1 13 8 5 4 11 0 7 9 3 0 16 14 1 16 14 16 19 18 13 19 16 10 16 9 8 10 9 14 18 0 6 3 0
3 14 13 13 0 0 1 15 16 16 10 10 16 9 0 8 1 5 15 19 14 1 17 8 17 4 9 19 10 0 5 17 12 4 1 11 12 16 16 10 0 11 10 4 15 13 4 12 4 10
5 17 8 6 7 8 12 6 8 10 4 6 0 2 8 0 6 1 11 3 15 7 3 7 16 18 17 11 18 11 0 11 0 12 6 8 17 11 19 9 18 16 7 0 9 4 0 19 6 17
0 1 13 13 9 18 14 1 1 5 6 4 0 1 1 6 0 18 5 10 13 5 15 4 15 8 2 11 8 11 1 1 19 15 5 8 19 10 15 11 7 17 4 9 14 3 5 14 2 10
13 15 9 2 14 2 15 15 4 5 19 10 13 13 5 1 18 0 10 9 14 5 15 7 14 10 5 16 11 8 17 15 13 15 4 1 14 14 13 7 16 4 15 7 9 17 18 12 14 0
0 11 4 5 12 3 1 2 7 1 16 14 12 8 15 11 5 10 0 0 17 14 18 6 9 16 10 3 4 1 4 19 5 13 6 16 0 3 16 17 3 15 1 1 6 17 17 16 2 19
8 13 2 1 3 9 3 14 4 19 7 2 8 5 19 3 10 9 0 0 15 16 9 11 10 1 8 10 5 0 3 0 5 1 18 13 16 4 2 14 15 7 11 16 10 13 19 14 19 7
1 7 12 6 4 10 9 4 8 12 7 2 18 4 14 15 13 14 17 15 0 3 7 11 8 11 10 17 9 1 10 12 0 0 15 17 10 0 3 5 18 18 1 17 12 11 15 14 2 13
9 3 11 17 4 3 14 12 18 8 7 6 4 11 1 7 5 5 14 16 3 0 4 0 7 0 8 3 7 13 3 15 13 7 7 11 19 9 12 17 14 1 11 8 7 14 19 2 19 2
4 6 19 13 4 3 4 12 16 2 16 7 7 0 17 3 15 15 18 9 7 4 0 11 14 2 10 18 4 13 9 10 16 19 14 18 19 15 15 19 13 1 14 7 11 10 15 0 16 0
12 16 19 6 14 19 15 15 11 5 18 6 12 7 8 7 4 7 6 11 11 0 11 0 10 9 13 18 4 16 6 19 12 2 12 4 6 10 6 9 3 15 15 12 17 5 14 7 8 12
3 14 12 19 14 10 19 13 3 16 18 1 1 9 17 16 15 14 9 10 8 7 14 10 0 5 8 15 11 6 6 3 9 3 17 13 9 10 14 4 3 10 8 6 2 12 17 9 9 16
7 2 19 15 17 18 13 9 3 15 7 2 1 3 4 18 8 10 16 1 11 0 2 9 5 0 12 6 3 5 5 18 8 9 14 12 15 4 6 1 1 19 1 12 4 5 0 0 18 9
13 1 6 12 15 18 4 4 0 16 18 1 0 0 9 17 2 5 10 8 10 8 10 13 8 12 0 17 2 0 13 5 8 7 13 18 19 19 11 9 13 19 1 9 17 10 3 12 12 17
0 6 15 2 0 3 2 5 8 5 7 2 8 16 19 11 11 16 3 10 17 3 18 18 15 6 17 0 19 19 7 4 13 3 11 16 19 10 11 18 2 17 15 17 0 4 3 6 11 3
8 8 13 6 12 8 13 19 13 16 0 15 15 14 10 18 8 11 4 5 9 7 4 4 11 3 2 19 0 14 1 18 7 8 4 15 0 17 3 9 4 7 10 19 0 1 0 13 7 10
13 19 4 11 18 16 7 6 18 5 0 5 14 1 0 11 11 8 1 0 1 13 13 16 6 5 0 19 14 0 1 18 1 4 9 3 1 17 9 7 10 13 2 11 16 4 7 4 1 5
12 11 3 6 4 18 16 18 8 1 2 14 12 16 5 0 1 17 4 3 10 3 9 6 6 5 13 7 1 1 0 4 13 10 13 13 4 16 10 2 0 15 16 1 5 17 9 13 15 2
13 8 19 11 2 16 11 19 11 8 13 15 1 14 17 11 1 15 19 0 12 15 10 19 3 18 5 4 18 18 4 0 1 9 9 10 2 9 13 14 4 7 12 7 7 0 13 13 14 17
18 2 1 9 8 8 12 2 6 5 11 15 2 16 12 0 19 13 5 5 0 13 16 12 9 8 8 13 7 1 13 1 0 14 4 14 12 10 17 17 6 17 5 4 7 19 0 0 0 10
13 6 13 13 13 18 3 13 15 17 9 1 3 19 4 12 15 15 13 1 0 7 19 2 3 9 7 3 8 4 10 9 14 0 14 13 6 13 8 2 8 6 4 2 1 12 1 18 15 12
12 5 10 13 16 14 5 2 15 13 15 3 17 18 1 6 5 4 6 18 15 7 14 12 17 14 13 11 4 9 13 9 4 14 0 15 17 1 2 19 12 8 12 14 1 2 6 8 16 19
18 5 3 2 1 13 8 0 16 16 18 7 8 13 11 8 8 1 16 13 17 11 18 4 13 12 18 16 15 3 13 10 14 13 15 0 12 10 11 8 4 6 12 10 2 7 14 18 4 1
16 7 3 0 2 19 9 12 12 3 6 0 17 19 12 17 19 14 0 16 10 19 19 6 9 15 19 19 0 1 4 2 12 6 17 12 0 6 15 4 14 13 0 3 2 10 16 8 10 11
16 6 14 18 5 7 15 14 19 11 4 8 19 16 16 11 10 14 3 4 0 9 15 10 10 4 19 10 17 17 16 9 10 13 1 10 6 0 18 12 10 3 1 13 17 9 9 16 11 4
15 9 9 19 5 4 9 10 0 19 13 2 3 10 16 19 15 13 16 2 3 12 15 6 14 6 11 11 3 9 10 13 17 8 2 11 15 18 0 0 18 7 13 10 3 16 18 16 16 6
6 9 13 3 10 1 12 13 4 4 15 13 5 16 10 9 11 7 17 14 5 17 19 9 4 1 9 18 9 7 2 14 17 2 19 8 4 12 0 0 9 10 1 6 18 1 16 2 9 0
13 8 7 11 9 7 10 6 7 10 4 14 2 9 0 18 7 16 3 15 18 14 13 3 3 1 13 2 4 10 0 4 6 8 12 4 14 10 18 9 0 17 8 18 6 6 15 12 17 11
7 17 7 5 4 0 11 17 4 14 12 4 18 8 11 16 17 4 15 7 18 1 1 15 10 19 19 17 7 13 15 7 17 6 8 6 13 3 7 10 17 0 2 16 4 6 17 13 5 16
4 18 14 15 9 1 17 14 16 10 19 0 10 10 10 7 4 15 1 11 1 11 14 15 8 1 1 15 10 2 16 12 5 4 12 12 0 1 13 1 8 2 0 7 15 0 4 12 7 12
17 14 15 11 10 8 0 6 6 7 18 18 8 9 4 0 9 7 1 16 17 8 7 12 6 12 9 17 19 11 1 7 4 2 14 10 3 13 10 6 18 16 7 0 19 11 12 3 13 12
16 0 16 12 2 16 19 11 14 8 12 16 2 14 15 9 14 9 6 10 12 7 11 17 2 4 17 0 0 16 5 7 7 1 1 2 2 17 3 18 6 4 15 19 0 14 9 0 6 15
18 6 1 0 11 13 2 12 8 2 2 1 15 18 13 4 3 17 17 13 11 14 10 5 12 5 10 4 1 4 17 0 19 12 2 7 10 9 16 1 6 6 0 11 14 0 13 6 3 18
5 14 4 16 10 2 9 2 15 10 16 16 7 0 4 0 5 18 17 19 15 19 15 14 17 0 3 3 0 7 9 13 0 1 6 14 16 9 18 16 15 17 4 12 9 13 0 7 8 15
19 11 3 5 0 19 17 7 15 4 13 15 9 6 12 19 14 12 16 14 14 2 0 7 9 0 12 6 13 4 13 13 0 18 8 18 8 16 16 2 12 13 12 3 0 6 7 0 18 17
4 9 16 1 2 6 14 12 3 18 1 8 19 3 4 6 2 14 2 19 2 19 16 8 9 18 12 11 7 1 15 14 0 15 16 4 10 11 16 9 17 5 7 13 6 3 8 18 0 9
19 17 11 18 17 17 18 10 6 17 4 8 11 0 10 17 10 0 19 7 13 2 0 12 16 9 17 3 10 5 2 17 10 12 19 1 11 4 6 0 11 16 12 12 15 18 15 17 9 0
