75
75
0 0 0 0 0 14 0 11 0 0 10 0 15 0 0 2 0 0 0 0 0 0 0 0 0 0 0 0 19 10 0 0 0 0 11 11 0 8 0 8 0 0 0 0 0 0 0 0 0 9 3 0 0 0 0 10 0 0 0 0 0 0 0 0 0 0 0 0 0 19 0 0 0 0 0
0 0 0 18 19 18 0 0 0 0 0 17 0 0 13 0 10 0 0 3 0 3 0 0 0 0 12 0 0 0 0 0 0 0 0 0 0 0 6 0 0 7 0 0 0 0 8 0 0 0 12 0 0 0 0 0 0 0 0 0 7 0 0 0 0 0 0 0 0 0 2 19 0 1 0
0 0 0 0 0 16 0 0 0 0 0 0 4 0 0 6 0 7 4 0 16 0 8 0 9 0 7 0 0 0 0 0 0 0 9 8 1 0 0 0 12 16 0 0 0 0 10 0 3 0 0 3 10 19 0 0 0 0 4 0 0 6 0 0 0 0 0 0 0 0 0 0 0 0 0
0 18 0 0 0 0 9 0 0 0 0 0 0 0 0 19 0 0 0 14 0 1 19 0 0 0 0 0 5 0 10 6 0 18 0 0 11 0 0 0 0 15 0 0 6 0 19 13 0 0 0 13 0 18 0 0 0 13 0 0 0 0 0 0 0 0 12 0 18 0 0 0 0 0 0
0 19 0 0 0 12 0 0 0 0 5 0 0 8 0 0 3 0 9 15 0 8 0 0 8 9 16 0 0 0 0 4 0 16 0 10 14 0 19 0 0 0 10 0 0 0 0 0 13 4 7 0 0 19 0 8 19 0 0 0 0 6 1 0 13 0 0 15 9 0 0 17 2 0 11
14 18 16 0 12 0 0 3 0 0 0 16 12 0 9 17 0 0 0 0 0 0 11 0 0 1 18 0 16 0 7 0 14 0 0 0 11 0 4 0 14 0 0 0 0 10 8 0 9 3 4 0 15 0 13 0 0 0 10 0 11 19 0 0 19 0 0 0 5 0 0 0 0 7 0
0 0 0 9 0 0 0 0 0 0 0 0 0 0 18 15 0 0 4 0 0 0 0 0 0 0 17 19 0 0 12 0 0 13 0 0 0 0 0 0 0 9 19 18 0 0 0 14 8 3 0 0 0 0 19 0 0 17 0 0 0 0 7 0 8 0 0 0 0 0 0 0 0 7 0
11 0 0 0 0 3 0 0 8 17 2 9 0 0 8 0 0 0 0 0 0 0 0 0 0 0 9 4 0 15 0 0 0 0 0 0 0 0 12 0 0 5 0 0 0 0 0 0 0 0 0 0 5 0 0 9 0 12 1 0 4 12 0 0 0 6 0 0 0 0 8 6 0 7 0
0 0 0 0 0 0 0 8 0 0 0 0 0 0 0 0 0 0 0 0 14 10 0 16 0 13 0 0 0 3 0 0 0 0 0 0 0 0 0 0 0 0 15 0 0 0 0 0 0 0 14 0 0 0 0 3 0 13 12 0 16 0 0 0 0 9 0 0 0 0 0 0 0 0 0
0 0 0 0 0 0 0 17 0 0 0 0 0 0 0 19 0 0 0 0 9 0 4 0 0 0 0 0 10 0 0 0 0 15 0 0 16 0 19 0 13 0 0 0 0 0 0 0 0 0 0 0 0 0 0 0 0 10 0 0 0 0 0 14 0 0 10 0 0 0 0 0 0 17 0
10 0 0 0 5 0 0 2 0 0 0 0 19 0 0 17 0 0 0 0 0 0 0 0 8 0 0 0 13 0 0 0 0 0 3 10 0 4 0 15 0 0 0 0 0 0 13 0 8 0 0 0 0 3 0 12 0 0 0 19 0 0 0 0 0 0 0 0 0 0 0 15 0 0 0
0 17 0 0 0 16 0 9 0 0 0 0 0 0 0 0 0 6 0 0 0 0 0 0 0 7 0 0 10 0 0 4 16 0 0 0 19 0 0 0 17 19 0 0 0 9 3 0 0 0 0 16 0 0 0 0 2 0 0 0 1 15 4 19 8 0 0 0 1 0 0 0 0 10 6
15 0 4 0 0 12 0 0 0 0 19 0 0 0 0 19 11 0 0 0 12 0 0 0 11 0 0 0 13 0 13 0 0 6 0 19 0 0 0 8 0 19 0 18 0 0 19 4 0 0 8 0 0 0 11 0 0 0 15 0 0 0 11 11 0 0 0 0 0 0 0 0 9 0 0
0 0 0 0 8 0 0 0 0 0 0 0 0 0 0 0 0 0 6 0 0 0 0 0 0 1 10 17 0 0 18 16 0 8 0 0 0 1 0 0 0 13 19 0 2 16 5 0 0 0 14 0 0 0 13 0 0 2 0 9 19 0 0 0 0 10 0 0 0 13 0 0 0 0 0
0 13 0 0 0 9 18 8 0 0 0 0 0 0 0 0 9 8 0 0 0 0 13 14 8 0 0 0 11 9 0 0 0 0 18 0 0 0 17 13 0 0 15 2 0 0 0 2 15 0 0 0 0 9 0 0 19 0 0 0 0 0 0 0 12 17 0 0 6 0 0 0 0 0 0
2 0 6 19 0 17 15 0 0 19 17 0 19 0 0 0 0 0 0 19 14 0 0 1 0 0 0 0 0 0 9 0 0 0 0 0 0 0 0 0 0 0 12 0 0 0 0 6 10 0 0 10 0 0 0 0 0 15 0 0 0 0 0 0 0 0 16 0 0 0 0 0 0 0 0
0 10 0 0 3 0 0 0 0 0 0 0 11 0 9 0 0 18 0 0 0 0 0 0 0 0 0 1 0 0 0 8 10 0 0 0 0 15 0 0 0 0 16 0 3 0 8 0 0 0 0 0 0 0 0 0 17 0 0 7 0 0 0 0 0 13 0 0 0 0 0 0 15 0 0
0 0 7 0 0 0 0 0 0 0 0 6 0 0 8 0 18 0 7 0 0 0 1 0 0 15 0 0 0 0 7 4 0 0 0 0 10 0 3 0 0 0 0 0 0 0 0 0 1 0 0 0 6 0 0 0 0 0 0 15 0 8 0 8 0 12 17 0 14 0 0 0 0 0 0
0 0 4 0 9 0 4 0 0 0 0 0 0 6 0 0 0 7 0 0 3 6 0 6 0 9 0 18 16 0 17 10 0 0 0 5 0 0 0 0 4 16 0 0 0 10 0 0 0 16 0 0 0 0 0 0 0 0 0 0 0 8 0 0 0 2 0 7 0 0 6 0 0 0 0
0 3 0 14 15 0 0 0 0 0 0 0 0 0 0 19 0 0 0 0 0 13 0 16 3 0 0 0 0 0 0 5 0 0 10 0 0 0 0 0 11 0 0 16 0 13 0 0 0 0 0 0 2 0 0 5 0 0 4 19 0 0 0 9 2 0 2 0 17 0 0 0 0 0 2
0 0 16 0 0 0 0 0 14 9 0 0 12 0 0 14 0 0 3 0 0 0 0 0 4 0 0 18 0 0 0 19 0 0 0 0 0 0 0 0 0 17 0 0 0 0 14 0 0 0 11 9 0 0 0 10 6 0 3 0 0 0 0 0 0 0 14 0 14 0 0 0 0 5 0
0 3 0 1 8 0 0 0 10 0 0 0 0 0 0 0 0 0 6 13 0 0 0 0 0 0 0 1 10 0 15 0 0 0 0 0 0 0 0 19 0 0 1 0 0 1 12 0 0 0 5 0 0 0 0 19 13 0 0 0 0 0 8 0 0 0 0 0 7 0 0 0 19 0 0
0 0 8 19 0 11 0 0 0 4 0 0 0 0 13 0 0 1 0 0 0 0 0 0 0 0 0 0 0 0 0 0 0 6 0 0 0 0 0 17 0 0 18 0 0 0 0 2 12 0 19 10 8 14 0 0 0 7 0 5 19 0 14 0 0 0 0 19 0 0 0 0 0 10 14
0 0 0 0 0 0 0 0 16 0 0 0 0 0 14 1 0 0 6 16 0 0 0 0 10 0 0 11 0 0 0 0 12 0 0 0 18 0 0 0 8 0 9 14 0 0 0 0 0 0 0 0 0 0 0 0 0 0 0 0 12 0 4 0 0 4 0 0 2 10 0 0 0 0 0
0 0 9 0 8 0 0 0 0 0 8 0 11 0 8 0 0 0 0 3 4 0 0 10 0 0 6 11 7 0 0 0 0 0 8 0 0 0 1 4 0 10 0 13 18 0 0 0 13 0 15 0 0 0 13 0 19 0 0 0 0 0 0 12 0 0 0 1 13 4 0 0 0 11 9
0 0 0 0 9 1 0 0 13 0 0 7 0 1 0 0 0 15 9 0 0 0 0 0 0 0 4 0 0 3 0 0 0 9 0 0 0 0 0 0 0 0 0 0 10 11 14 0 19 1 0 0 0 0 8 0 0 0 4 0 0 0 7 0 15 0 3 0 0 0 0 0 0 0 0
0 12 7 0 16 18 17 9 0 0 0 0 0 10 0 0 0 0 0 0 0 0 0 0 6 4 0 0 0 3 14 10 6 5 14 0 0 19 12 0 0 19 18 0 0 18 14 0 0 19 0 0 0 0 8 0 7 17 0 0 0 0 0 0 1 0 0 0 0 2 0 18 0 4 0
0 0 0 0 0 0 19 4 0 0 0 0 0 17 0 0 1 0 18 0 18 1 0 11 11 0 0 0 0 1 15 8 0 15 0 0 0 11 0 0 0 0 12 0 0 0 0 0 0 0 1 0 0 17 0 5 0 0 0 0 0 8 0 0 0 0 0 0 0 0 12 6 0 0 0
19 0 0 5 0 16 0 0 0 10 13 10 13 0 11 0 0 0 16 0 0 10 0 0 7 0 0 0 0 0 3 0 0 15 0 2 14 13 0 0 0 0 3 0 0 0 0 0 0 0 0 0 17 0 13 5 0 0 17 2 0 0 4 0 19 0 0 18 5 0 0 17 0 6 0
10 0 0 0 0 0 0 15 3 0 0 0 0 0 9 0 0 0 0 0 0 0 0 0 0 3 3 1 0 0 0 0 4 0 0 10 0 0 0 14 0 0 0 0 0 4 0 3 0 0 0 0 0 0 0 0 0 19 0 0 0 12 15 0 2 0 0 0 0 0 0 13 0 0 14
0 0 0 10 0 7 12 0 0 0 0 0 13 18 0 9 0 7 17 0 0 15 0 0 0 0 14 15 3 0 0 0 0 0 0 17 15 0 0 10 0 4 15 0 0 0 0 0 4 0 11 0 0 0 10 0 0 0 0 0 0 0 0 0 0 11 0 14 6 0 0 0 0 0 3
0 0 0 6 4 0 0 0 0 0 0 4 0 16 0 0 8 4 10 5 19 0 0 0 0 0 10 8 0 0 0 0 0 19 11 18 12 9 0 0 19 0 0 4 0 0 7 0 10 12 0 0 6 0 0 0 12 0 0 0 0 13 0 0 12 3 0 0 0 0 0 4 16 0 0
0 0 0 0 0 14 0 0 0 0 0 16 0 0 0 0 10 0 0 0 0 0 0 12 0 0 6 0 0 4 0 0 0 0 9 0 12 0 1 19 0 0 3 0 0 0 0 0 3 5 0 0 0 0 0 0 0 0 0 17 0 0 0 0 0 0 0 13 0 0 0 0 0 16 0
0 0 0 18 16 0 13 0 0 15 0 0 6 8 0 0 0 0 0 0 0 0 6 0 0 9 5 15 15 0 0 19 0 0 17 0 0 0 0 0 0 3 1 0 0 19 18 0 0 0 0 0 0 0 10 12 0 0 0 0 0 19 0 0 0 0 0 11 0 0 0 1 0 0 0
11 0 9 0 0 0 0 0 0 0 3 0 0 0 18 0 0 0 0 10 0 0 0 0 8 0 14 0 0 0 0 11 9 17 0 0 0 0 1 0 0 0 1 0 0 0 19 0 0 0 0 0 0 0 13 0 0 0 0 6 0 11 0 0 0 16 0 0 15 19 0 0 19 0 0
11 0 8 0 10 0 0 0 0 0 10 0 19 0 0 0 0 0 5 0 0 0 0 0 0 0 0 0 2 10 17 18 0 0 0 0 0 0 0 0 11 13 0 0 0 0 0 0 14 0 0 0 0 5 0 0 0 0 0 0 0 0 0 0 0 6 0 3 0 0 0 15 19 0 0
0 0 1 11 14 11 0 0 0 16 0 19 0 0 0 0 0 10 0 0 0 0 0 18 0 0 0 0 14 0 15 12 12 0 0 0 0 3 0 6 12 18 0 0 0 8 9 13 8 0 0 0 0 0 18 12 0 0 0 0 0 0 14 0 14 8 18 5 8 0 0 7 14 0 18
8 0 0 0 0 0 0 0 0 0 4 0 0 1 0 0 15 0 0 0 0 0 0 0 0 0 19 11 13 0 0 9 0 0 0 0 3 0 11 0 0 15 0 0 15 0 0 19 0 0 0 0 0 19 0 15 18 18 0 0 0 0 19 0 11 0 2 7 15 0 0 0 0 0 18
0 6 0 0 19 4 0 12 0 19 0 0 0 0 17 0 0 3 0 0 0 0 0 0 1 0 12 0 0 0 0 0 1 0 1 0 0 11 0 0 0 3 0 18 0 0 0 11 0 0 0 0 0 0 14 0 15 0 9 0 0 0 0 0 0 12 0 0 16 0 0 0 0 0 0
8 0 0 0 0 0 0 0 0 0 15 0 8 0 13 0 0 0 0 0 0 19 17 0 4 0 0 0 0 14 10 0 19 0 0 0 6 0 0 0 0 0 8 0 0 0 0 0 0 0 0 12 0 0 0 7 0 0 0 0 0 0 0 0 0 10 6 0 5 5 0 10 0 0 0
0 0 12 0 0 14 0 0 0 13 0 17 0 0 0 0 0 0 4 11 0 0 0 8 0 0 0 0 0 0 0 19 0 0 0 11 12 0 0 0 0 0 0 0 0 0 0 0 0 0 1 0 0 0 0 0 2 0 3 0 0 0 0 0 0 0 19 0 0 0 0 0 0 0 0
0 7 16 15 0 0 9 5 0 0 0 19 19 13 0 0 0 0 16 0 17 0 0 0 10 0 19 0 0 0 4 0 0 3 0 13 18 15 3 0 0 0 1 0 0 2 0 0 0 0 0 0 0 0 0 0 0 0 0 0 0 19 0 9 0 0 0 11 7 8 0 8 0 4 0
0 0 0 0 10 0 19 0 15 0 0 0 0 19 15 12 16 0 0 0 0 1 18 9 0 0 18 12 3 0 15 0 3 1 1 0 0 0 0 8 0 1 0 18 0 1 0 16 0 0 0 0 0 0 0 0 0 0 12 0 0 1 0 0 14 0 0 0 0 4 0 0 0 0 0
0 0 0 0 0 0 18 0 0 0 0 0 18 0 2 0 0 0 0 16 0 0 0 14 13 0 0 0 0 0 0 4 0 0 0 0 0 0 18 0 0 0 18 0 0 5 12 0 6 0 0 0 0 0 0 0 0 17 0 0 0 0 14 0 0 0 0 0 9 0 2 0 14 0 0
0 0 0 6 0 0 0 0 0 0 0 0 0 2 0 0 3 0 0 0 0 0 0 0 18 10 0 0 0 0 0 0 0 0 0 0 0 15 0 0 0 0 0 0 0 0 0 0 0 0 0 0 0 17 0 14 0 0 17 1 0 16 13 0 0 0 14 0 0 0 0 0 0 0 7
0 0 0 0 0 10 0 0 0 0 0 9 0 16 0 0 0 0 10 13 0 1 0 0 0 11 18 0 0 4 0 0 0 19 0 0 8 0 0 0 0 2 1 5 0 0 0 0 0 0 0 0 0 0 0 0 5 0 0 0 0 7 0 18 14 0 12 11 10 14 0 0 8 0 13
0 8 10 19 0 8 0 0 0 0 13 3 19 5 0 0 8 0 0 0 14 12 0 0 0 14 14 0 0 0 0 7 0 18 19 0 9 0 0 0 0 0 0 12 0 0 0 0 0 0 17 17 0 7 0 2 5 0 0 0 0 0 0 0 0 4 0 0 0 5 0 0 0 0 12
0 0 0 13 0 0 14 0 0 0 0 0 4 0 2 6 0 0 0 0 0 0 2 0 0 0 0 0 0 3 0 0 0 0 0 0 13 19 11 0 0 0 16 0 0 0 0 0 0 0 0 0 0 0 0 13 0 1 0 0 0 0 0 0 0 16 0 0 0 0 0 0 10 0 0
0 0 3 0 13 9 8 0 0 0 8 0 0 0 15 10 0 1 0 0 0 0 12 0 13 19 0 0 0 0 4 10 3 0 0 14 8 0 0 0 0 0 0 6 0 0 0 0 0 4 10 0 0 0 3 0 0 9 0 16 0 0 16 19 19 0 0 0 17 17 0 0 0 14 4
9 0 0 0 4 3 3 0 0 0 0 0 0 0 0 0 0 0 16 0 0 0 0 0 0 1 19 0 0 0 0 12 5 0 0 0 0 0 0 0 0 0 0 0 0 0 0 0 4 0 15 0 1 1 0 0 0 0 0 0 1 0 0 0 4 0 19 18 15 0 0 0 10 0 0
3 12 0 0 7 4 0 0 14 0 0 0 8 14 0 0 0 0 0 0 11 5 19 0 15 0 0 1 0 0 11 0 0 0 0 0 0 0 0 0 1 0 0 0 0 0 17 0 10 15 0 4 0 4 0 0 0 0 6 0 0 0 11 0 15 9 0 0 0 0 0 0 0 0 0
0 0 3 13 0 0 0 0 0 0 0 16 0 0 0 10 0 0 0 0 9 0 10 0 0 0 0 0 0 0 0 0 0 0 0 0 0 0 0 12 0 0 0 0 0 0 17 0 0 0 4 0 18 0 12 0 4 0 7 0 0 0 15 0 0 0 0 7 18 2 0 0 0 0 0
0 0 10 0 0 15 0 5 0 0 0 0 0 0 0 0 0 6 0 2 0 0 8 0 0 0 0 0 17 0 0 6 0 0 0 0 0 0 0 0 0 0 0 0 0 0 0 0 0 1 0 18 0 0 17 0 0 2 15 0 5 0 0 0 2 14 5 0 6 9 0 0 13 0 0
0 0 19 18 19 0 0 0 0 0 3 0 0 0 9 0 0 0 0 0 0 0 14 0 0 0 0 17 0 0 0 0 0 0 0 5 0 19 0 0 0 0 0 0 17 0 7 0 0 1 4 0 0 0 0 0 15 14 0 9 0 0 7 0 7 0 0 0 0 0 11 8 11 0 0
0 0 0 0 0 13 19 0 0 0 0 0 11 13 0 0 0 0 0 0 0 0 0 0 13 8 8 0 13 0 10 0 0 10 13 0 18 0 14 0 0 0 0 0 0 0 0 0 3 0 0 12 17 0 0 0 1 0 0 0 0 15 0 0 0 0 0 0 9 0 0 0 18 0 0
10 0 0 0 8 0 0 9 3 0 12 0 0 0 0 0 0 0 0 5 10 19 0 0 0 0 0 5 5 0 0 0 0 12 0 0 12 15 0 7 0 0 0 0 14 0 2 13 0 0 0 0 0 0 0 0 0 0 0 0 0 7 3 0 0 0 0 0 0 7 10 0 0 0 0
0 0 0 0 19 0 0 0 0 0 0 2 0 0 19 0 17 0 0 0 6 13 0 0 19 0 7 0 0 0 0 12 0 0 0 0 0 18 15 0 2 0 0 0 0 5 5 0 0 0 0 4 0 15 1 0 0 0 0 8 0 6 0 15 0 3 0 0 0 0 0 8 0 0 16
0 0 0 13 0 0 17 12 13 10 0 0 0 2 0 15 0 0 0 0 0 0 7 0 0 0 17 0 0 19 0 0 0 0 0 0 0 18 0 0 0 0 0 17 0 0 0 1 9 0 0 0 2 14 0 0 0 0 0 8 9 0 0 0 0 1 6 0 0 0 0 7 0 0 0
0 0 4 0 0 10 0 1 12 0 0 0 15 0 0 0 0 0 0 4 3 0 0 0 0 4 0 0 17 0 0 0 0 0 0 0 0 0 9 0 3 0 12 0 17 0 0 0 0 0 6 7 15 0 0 0 0 0 0 9 0 15 0 0 12 5 0 9 0 0 0 0 0 0 0
0 0 0 0 0 0 0 0 0 0 19 0 0 9 0 0 7 15 0 19 0 0 5 0 0 0 0 0 2 0 0 0 17 0 6 0 0 0 0 0 0 0 0 0 1 0 0 0 16 0 0 0 0 9 0 0 8 8 9 0 0 0 0 0 0 0 0 14 0 0 0 19 0 0 0
0 7 0 0 0 11 0 4 16 0 0 1 0 19 0 0 0 0 0 0 0 0 19 12 0 0 0 0 0 0 0 0 0 0 0 0 0 0 0 0 0 0 0 0 0 0 0 0 0 1 0 0 5 0 0 0 0 9 0 0 0 0 0 15 0 0 0 0 4 0 3 0 1 0 0
0 0 6 0 6 19 0 12 0 0 0 15 0 0 0 0 0 8 8 0 0 0 0 0 0 0 0 8 0 12 0 13 0 19 11 0 0 0 0 0 0 19 1 0 16 7 0 0 0 0 0 0 0 0 15 7 6 0 15 0 0 0 12 0 0 14 0 17 0 0 15 18 0 0 0
0 0 0 0 1 0 7 0 0 0 0 4 11 0 0 0 0 0 0 0 0 8 14 4 0 7 0 0 4 15 0 0 0 0 0 0 14 19 0 0 0 0 0 14 13 0 0 0 16 0 11 15 0 7 0 3 0 0 0 0 0 12 0 0 0 5 0 1 0 7 0 0 0 0 0
0 0 0 0 0 0 0 0 0 14 0 19 11 0 0 0 0 8 0 9 0 0 0 0 12 0 0 0 0 0 0 0 0 0 0 0 0 0 0 0 0 9 0 0 0 18 0 0 19 0 0 0 0 0 0 0 15 0 0 0 15 0 0 0 0 0 0 9 2 0 0 0 0 12 17
0 0 0 0 13 19 8 0 0 0 0 8 0 0 12 0 0 0 0 2 0 0 0 0 0 15 1 0 19 2 0 12 0 0 0 0 14 11 0 0 0 0 14 0 0 14 0 0 19 4 15 0 2 7 0 0 0 0 12 0 0 0 0 0 0 0 0 0 0 0 19 8 0 0 0
0 0 0 0 0 0 0 6 9 0 0 0 0 10 17 0 13 12 2 0 0 0 0 4 0 0 0 0 0 0 11 3 0 0 16 6 8 0 12 10 0 0 0 0 0 0 4 16 0 0 9 0 14 0 0 0 3 1 5 0 0 14 5 0 0 0 0 0 0 0 0 0 7 0 0
0 0 0 12 0 0 0 0 0 10 0 0 0 0 0 16 0 17 0 2 14 0 0 0 0 3 0 0 0 0 0 0 0 0 0 0 18 2 0 6 19 0 0 0 14 12 0 0 0 19 0 0 5 0 0 0 0 6 0 0 0 0 0 0 0 0 0 0 15 0 0 0 0 0 17
0 0 0 0 15 0 0 0 0 0 0 0 0 0 0 0 0 0 7 0 0 0 19 0 1 0 0 0 18 0 14 0 13 11 0 3 5 7 0 0 0 11 0 0 0 11 0 0 0 18 0 7 0 0 0 0 0 0 9 14 0 17 1 9 0 0 0 0 14 0 16 0 0 18 0
0 0 0 18 9 5 0 0 0 0 0 1 0 0 6 0 0 14 0 17 14 7 0 2 13 0 0 0 5 0 6 0 0 0 15 0 8 15 16 5 0 7 0 9 0 10 0 0 17 15 0 18 6 0 9 0 0 0 0 0 4 0 0 2 0 0 15 14 0 0 0 0 0 0 0
19 0 0 0 0 0 0 0 0 0 0 0 0 13 0 0 0 0 0 0 0 0 0 10 4 0 2 0 0 0 0 0 0 0 19 0 0 0 0 5 0 8 4 0 0 14 5 0 17 0 0 2 9 0 0 7 0 0 0 0 0 0 7 0 0 0 0 0 0 0 10 0 0 7 0
0 2 0 0 0 0 0 8 0 0 0 0 0 0 0 0 0 0 6 0 0 0 0 0 0 0 0 12 0 0 0 0 0 0 0 0 0 0 0 0 0 0 0 2 0 0 0 0 0 0 0 0 0 11 0 10 0 0 0 0 3 15 0 0 19 0 0 16 0 10 0 0 0 16 0
0 19 0 0 17 0 0 6 0 0 15 0 0 0 0 0 0 0 0 0 0 0 0 0 0 0 18 6 17 13 0 4 0 1 0 15 7 0 0 10 0 8 0 0 0 0 0 0 0 0 0 0 0 8 0 0 8 7 0 19 0 18 0 0 8 0 0 0 0 0 0 0 0 0 12
0 0 0 0 2 0 0 0 0 0 0 0 9 0 0 0 15 0 0 0 0 19 0 0 0 0 0 0 0 0 0 16 0 0 19 19 14 0 0 0 0 0 0 14 0 8 0 10 0 10 0 0 13 11 18 0 0 0 0 0 1 0 0 0 0 7 0 0 0 0 0 0 0 0 0
0 1 0 0 0 7 7 7 0 17 0 10 0 0 0 0 0 0 0 0 5 0 10 0 11 0 4 0 6 0 0 0 16 0 0 0 0 0 0 0 0 4 0 0 0 0 0 0 14 0 0 0 0 0 0 0 0 0 0 0 0 0 0 12 0 0 0 18 0 7 16 0 0 0 7
0 0 0 0 11 0 0 0 0 0 0 6 0 0 0 0 0 0 0 2 0 0 14 0 9 0 0 0 0 14 3 0 0 0 0 0 18 18 0 0 0 0 0 0 7 13 12 0 4 0 0 0 0 0 0 0 16 0 0 0 0 0 0 17 0 0 17 0 0 0 0 12 0 7 0
