75
50
0 3 14 5 10 7 4 10 15 2 5 11 0 6 14 11 10 18 15 8 16 16 10 6 13 16 16 1 19 0 5 13 9 7 14 18 2 8 6 18 12 17 19 13 10 6 7 10 9 3
3 0 14 18 9 7 5 18 13 10 1 12 16 8 11 3 4 3 6 5 12 0 0 16 6 13 8 11 14 14 14 11 2 16 1 2 13 16 4 11 14 14 0 2 4 1 16 12 13 6
14 14 0 3 14 12 16 9 6 9 14 9 18 8 14 16 17 13 4 8 8 14 0 10 11 5 0 7 5 14 9 18 18 1 12 13 0 12 15 14 3 16 18 3 7 3 19 14 1 14
5 18 3 0 5 2 11 3 19 15 0 5 14 15 16 16 19 9 13 2 10 3 5 13 19 18 8 10 7 18 19 5 4 15 0 10 4 1 15 15 10 9 7 16 6 7 5 16 18 3
10 9 14 5 0 14 3 19 13 7 10 7 13 12 16 4 11 11 16 2 4 6 8 2 15 1 16 0 15 9 15 2 12 6 16 4 13 8 6 7 1 14 16 4 8 10 1 10 3 6
7 7 12 2 14 0 5 4 0 11 16 4 4 13 5 13 13 13 17 18 9 19 13 11 11 16 9 11 19 0 10 7 14 10 1 17 10 18 6 5 6 10 18 3 11 3 19 11 19 19
4 5 16 11 3 5 0 19 13 14 3 1 11 9 14 2 10 2 14 5 18 5 16 14 12 12 0 1 5 5 10 13 18 2 4 2 5 5 10 3 19 0 14 9 15 0 12 0 6 19
10 18 9 3 19 4 19 0 2 12 8 3 3 18 6 7 12 16 4 3 10 0 19 16 14 9 7 15 4 0 0 8 10 4 0 6 16 8 7 17 18 9 12 1 2 18 8 12 11 3
15 13 6 19 13 0 13 2 0 3 8 6 2 13 10 4 5 16 2 15 5 8 13 8 5 10 10 8 8 0 2 16 1 13 17 1 16 11 18 18 14 4 19 1 2 10 14 0 13 14
2 10 9 15 7 11 14 12 3 0 10 17 14 12 7 6 19 10 14 16 11 4 12 12 5 17 16 14 1 14 0 7 5 1 13 18 7 18 3 14 18 18 5 9 13 4 14 19 9 14
5 1 14 0 10 16 3 8 8 10 0 2 16 17 0 14 9 12 15 4 2 19 0 5 2 8 5 14 5 1 9 18 11 4 12 15 10 6 3 17 9 4 7 7 17 2 18 14 4 18
11 12 9 5 7 4 1 3 6 17 2 0 10 11 11 4 8 15 9 7 14 12 5 1 14 18 3 7 1 2 17 8 8 4 3 0 4 0 18 7 14 9 10 13 1 0 2 16 9 7
0 16 18 14 13 4 11 3 2 14 16 10 0 18 8 15 10 18 1 2 10 13 17 1 15 6 19 6 10 6 1 19 10 13 3 14 10 0 10 6 9 12 18 3 7 3 9 5 6 19
6 8 8 15 12 13 9 18 13 12 17 11 18 0 10 15 10 3 19 5 18 19 11 17 0 8 17 10 12 10 12 16 19 17 19 3 6 1 0 3 9 2 19 6 8 3 5 0 11 15
14 11 14 16 16 5 14 6 10 7 0 11 8 10 0 16 1 9 14 18 12 4 0 5 12 1 9 2 8 0 13 5 8 9 13 11 14 18 7 0 12 6 11 0 4 11 17 10 6 10
11 3 16 16 4 13 2 7 4 6 14 4 15 15 16 0 5 3 3 9 7 4 15 13 14 7 12 10 6 8 13 14 12 1 6 13 11 9 0 15 17 7 18 15 1 19 4 6 2 18
10 4 17 19 11 13 10 12 5 19 9 8 10 10 1 5 0 6 8 5 8 14 1 18 16 14 0 2 3 18 3 4 14 19 3 11 18 19 0 17 18 0 11 12 1 14 11 3 19 12
18 3 13 9 11 13 2 16 16 10 12 15 18 3 9 3 6 0 6 10 4 7 6 2 0 15 1 6 4 15 11 19 3 9 18 19 11 2 19 4 11 9 18 7 18 6 19 10 19 19
15 6 4 13 16 17 14 4 2 14 15 9 1 19 14 3 8 6 0 14 0 13 1 15 8 17 3 12 10 8 16 17 6 3 19 0 19 19 15 6 13 3 9 0 15 0 3 18 0 17
8 5 8 2 2 18 5 3 15 16 4 7 2 5 18 9 5 10 14 0 15 11 3 4 1 2 7 1 15 1 8 17 7 2 10 6 19 1 6 16 1 11 0 14 18 10 18 5 18 10
16 12 8 10 4 9 18 10 5 11 2 14 10 18 12 7 8 4 0 15 0 8 18 15 18 17 13 16 7 12 0 4 1 19 9 7 14 6 5 0 3 0 18 13 15 12 2 19 2 2
16 0 14 3 6 19 5 0 8 4 19 12 13 19 4 4 14 7 13 11 8 0 5 16 12 1 9 2 5 19 6 13 9 1 6 11 3 12 13 17 10 17 2 10 3 5 2 15 16 5
10 0 0 5 8 13 16 19 13 12 0 5 17 11 0 15 1 6 1 3 18 5 0 18 5 4 0 17 2 1 19 15 18 19 8 18 15 0 0 19 0 15 16 13 4 19 2 3 14 18
6 16 10 13 2 11 14 16 8 12 5 1 1 17 5 13 18 2 15 4 15 16 18 0 19 15 5 2 13 4 17 7 5 11 15 8 10 11 19 9 17 6 12 3 1 6 0 12 1 2
13 6 11 19 15 11 12 14 5 5 2 14 15 0 12 14 16 0 8 1 18 12 5 19 0 17 17 1 12 6 11 7 4 14 3 4 5 11 11 6 4 9 3 8 7 11 8 13 8 3
16 13 5 18 1 16 12 9 10 17 8 18 6 8 1 7 14 15 17 2 17 1 4 15 17 0 7 11 18 9 16 7 18 12 3 18 18 7 12 1 16 8 13 10 19 17 1 19 0 0
16 8 0 8 16 9 0 7 10 16 5 3 19 17 9 12 0 1 3 7 13 9 0 5 17 7 0 19 8 9 12 8 18 17 10 16 7 18 13 0 7 12 5 10 14 7 17 10 7 0
1 11 7 10 0 11 1 15 8 14 14 7 6 10 2 10 2 6 12 1 16 2 17 2 1 11 19 0 4 9 11 3 1 11 19 7 0 13 15 2 4 3 13 5 4 3 2 3 17 12
19 14 5 7 15 19 5 4 8 1 5 1 10 12 8 6 3 4 10 15 7 5 2 13 12 18 8 4 0 16 12 5 15 17 5 6 7 17 14 10 13 0 11 4 18 9 3 12 15 4
0 14 14 18 9 0 5 0 0 14 1 2 6 10 0 8 18 15 8 1 12 19 1 4 6 9 9 9 16 0 14 10 18 19 11 18 4 15 19 11 11 18 18 3 4 5 16 15 0 10
5 14 9 19 15 10 10 0 2 0 9 17 1 12 13 13 3 11 16 8 0 6 19 17 11 16 12 11 12 14 0 10 7 19 5 19 4 16 12 13 3 3 16 13 10 7 8 13 16 7
13 11 18 5 2 7 13 8 16 7 18 8 19 16 5 14 4 19 17 17 4 13 15 7 7 7 8 3 5 10 10 0 18 8 14 11 0 7 15 1 3 13 14 1 1 8 17 17 0 1
9 2 18 4 12 14 18 10 1 5 11 8 10 19 8 12 14 3 6 7 1 9 18 5 4 18 18 1 15 18 7 18 0 5 3 15 8 17 18 3 17 19 15 14 1 4 6 10 7 2
7 16 1 15 6 10 2 4 13 1 4 4 13 17 9 1 19 9 3 2 19 1 19 11 14 12 17 11 17 19 19 8 5 0 10 0 8 3 11 2 19 0 7 3 10 3 11 6 4 19
14 1 12 0 16 1 4 0 17 13 12 3 3 19 13 6 3 18 19 10 9 6 8 15 3 3 10 19 5 11 5 14 3 10 0 5 6 14 3 15 9 14 12 14 13 17 13 19 11 3
18 2 13 10 4 17 2 6 1 18 15 0 14 3 11 13 11 19 0 6 7 11 18 8 4 18 16 7 6 18 19 11 15 0 5 0 15 12 18 13 14 8 10 6 7 5 11 4 12 12
2 13 0 4 13 10 5 16 16 7 10 4 10 6 14 11 18 11 19 19 14 3 15 10 5 18 7 0 7 4 4 0 8 8 6 15 0 1 3 10 5 10 19 19 16 8 0 16 18 8
8 16 12 1 8 18 5 8 11 18 6 0 0 1 18 9 19 2 19 1 6 12 0 11 11 7 18 13 17 15 16 7 17 3 14 12 1 0 12 3 8 13 12 18 2 3 2 17 15 14
6 4 15 15 6 6 10 7 18 3 3 18 10 0 7 0 0 19 15 6 5 13 0 19 11 12 13 15 14 19 12 15 18 11 3 18 3 12 0 19 18 2 3 3 4 14 9 5 10 4
18 11 14 15 7 5 3 17 18 14 17 7 6 3 0 15 17 4 6 16 0 17 19 9 6 1 0 2 10 11 13 1 3 2 15 13 10 3 19 0 6 19 16 15 0 1 14 7 8 6
12 14 3 10 1 6 19 18 14 18 9 14 9 9 12 17 18 11 13 1 3 10 0 17 4 16 7 4 13 11 3 3 17 19 9 14 5 8 18 6 0 19 8 7 0 11 17 19 14 13
17 14 16 9 14 10 0 9 4 18 4 9 12 2 6 7 0 9 3 11 0 17 15 6 9 8 12 3 0 18 3 13 19 0 14 8 10 13 2 19 19 0 18 4 2 15 2 8 13 13
19 0 18 7 16 18 14 12 19 5 7 10 18 19 11 18 11 18 9 0 18 2 16 12 3 13 5 13 11 18 16 14 15 7 12 10 19 12 3 16 8 18 0 15 17 16 2 8 16 13
13 2 3 16 4 3 9 1 1 9 7 13 3 6 0 15 12 7 0 14 13 10 13 3 8 10 10 5 4 3 13 1 14 3 14 6 19 18 3 15 7 4 15 0 17 1 17 10 8 9
10 4 7 6 8 11 15 2 2 13 17 1 7 8 4 1 1 18 15 18 15 3 4 1 7 19 14 4 18 4 10 1 1 10 13 7 16 2 4 0 0 2 17 17 0 8 7 8 9 12
6 1 3 7 10 3 0 18 10 4 2 0 3 3 11 19 14 6 0 10 12 5 19 6 11 17 7 3 9 5 7 8 4 3 17 5 8 3 14 1 11 15 16 1 8 0 4 4 4 11
7 16 19 5 1 19 12 8 14 14 18 2 9 5 17 4 11 19 3 18 2 2 2 0 8 1 17 2 3 16 8 17 6 11 13 11 0 2 9 14 17 2 2 17 7 4 0 10 12 13
10 12 14 16 10 11 0 12 0 19 14 16 5 0 10 6 3 10 18 5 19 15 3 12 13 19 10 3 12 15 13 17 10 6 19 4 16 17 5 7 19 8 8 10 8 4 10 0 12 1
9 13 1 18 3 19 6 11 13 9 4 9 6 11 6 2 19 19 0 18 2 16 14 1 8 0 7 17 15 0 16 0 7 4 11 12 18 15 10 8 14 13 16 8 9 4 12 12 0 3
3 6 14 3 6 19 19 3 14 14 18 7 19 15 10 18 12 19 17 10 2 5 18 2 3 0 0 12 4 10 7 1 2 19 3 12 8 14 4 6 13 13 13 9 12 11 13 1 3 0
