100
50
0 0 0 0 0 0 0 0 18 0 3 11 1 0 0 0 11 0 0 0 10 0 9 0 0 0 0 0 0 5 13 0 0 14 0 0 0 0 0 17 0 0 0 0 0 0 0 0 14 18
0 0 6 0 14 0 13 0 0 7 13 0 0 0 3 0 0 8 0 0 10 0 13 2 0 0 9 0 17 0 0 0 12 5 0 0 1 0 2 0 3 0 0 0 0 0 0 0 0 0
0 6 0 0 7 0 10 0 6 0 0 0 0 10 0 0 10 0 0 0 0 0 0 0 0 0 0 0 1 6 17 0 0 0 6 0 0 17 7 19 0 0 0 0 0 0 7 0 0 0
0 0 0 0 8 12 0 0 0 0 0 5 0 0 3 19 5 0 0 0 0 0 5 5 0 0 0 0 4 0 6 2 12 0 0 0 0 0 4 0 0 0 6 11 6 0 0 0 0 0
0 14 7 8 0 0 0 16 0 0 6 14 0 0 0 8 0 0 3 0 0 0 8 0 6 0 0 0 0 0 0 0 11 0 19 2 0 0 0 0 0 13 0 0 0 0 0 0 0 0
0 0 0 12 0 0 4 0 0 15 0 11 0 0 0 0 0 0 6 0 0 0 0 4 0 0 0 0 0 19 0 0 0 0 19 9 0 0 0 0 18 0 0 0 0 0 0 19 0 0
0 13 10 0 0 4 0 0 0 7 0 0 0 0 12 14 0 11 0 0 0 9 14 0 0 0 0 0 0 0 0 18 0 0 0 0 0 11 0 11 15 0 0 0 0 0 0 0 0 0
0 0 0 0 16 0 0 0 0 0 0 0 0 0 0 0 14 0 17 0 0 18 16 0 0 0 4 0 0 7 0 0 0 0 17 18 0 14 0 2 0 4 0 0 0 9 0 12 0 0
18 0 6 0 0 0 0 0 0 0 0 0 0 0 0 0 0 0 0 0 3 0 0 0 0 0 0 12 0 0 0 0 0 0 0 5 0 0 0 0 13 11 3 0 10 16 11 0 13 19
0 7 0 0 0 15 7 0 0 0 16 0 0 0 0 0 0 7 0 0 0 5 0 5 14 0 0 0 0 0 9 8 0 0 0 0 0 0 0 0 0 1 0 0 5 13 0 0 0 0
3 13 0 0 6 0 0 0 0 16 0 17 0 0 0 0 0 0 0 0 0 9 0 0 0 0 0 7 0 1 0 0 0 0 0 0 15 0 0 0 0 16 0 7 8 0 0 0 0 2
11 0 0 5 14 11 0 0 0 0 17 0 18 0 0 0 0 0 0 10 0 0 0 11 5 0 0 8 0 0 0 11 0 0 0 0 0 0 0 0 6 0 0 0 12 0 0 0 5 0
1 0 0 0 0 0 0 0 0 0 0 18 0 0 7 0 0 0 0 0 0 0 0 0 16 0 0 0 3 0 1 2 4 0 0 0 0 0 0 18 0 0 0 3 0 11 0 0 0 3
0 0 10 0 0 0 0 0 0 0 0 0 0 0 1 0 0 0 0 0 0 0 0 0 0 0 0 0 0 0 0 4 0 0 0 0 0 0 0 0 0 0 0 6 0 10 0 0 0 0
0 3 0 3 0 0 12 0 0 0 0 0 7 1 0 0 0 0 17 0 19 17 6 0 0 16 0 0 0 0 6 0 0 11 15 0 0 0 9 0 2 12 3 8 0 0 0 0 0 0
0 0 0 19 8 0 14 0 0 0 0 0 0 0 0 0 17 9 1 0 0 0 11 0 18 0 0 0 0 0 0 16 0 0 0 0 0 13 12 0 0 7 0 0 11 0 0 0 0 0
11 0 10 5 0 0 0 14 0 0 0 0 0 0 0 17 0 0 0 10 0 0 0 0 0 0 18 0 0 0 0 15 0 0 8 0 0 0 0 0 0 0 5 0 2 0 6 0 3 0
0 8 0 0 0 0 11 0 0 7 0 0 0 0 0 9 0 0 0 0 0 0 1 0 13 0 15 0 4 0 0 0 0 8 10 0 0 0 14 3 0 0 3 6 0 6 0 0 15 0
0 0 0 0 3 6 0 17 0 0 0 0 0 0 17 1 0 0 0 0 0 0 0 0 0 19 0 0 9 0 0 0 0 0 0 3 0 0 0 9 0 7 0 0 0 0 13 0 0 4
0 0 0 0 0 0 0 0 0 0 0 10 0 0 0 0 10 0 0 0 18 0 0 0 0 0 0 0 4 9 0 9 0 6 9 0 0 0 0 0 0 0 0 0 0 0 10 0 0 9
10 10 0 0 0 0 0 0 3 0 0 0 0 0 19 0 0 0 0 18 0 0 0 0 0 0 0 14 13 19 0 0 0 0 0 2 0 0 0 0 3 0 0 4 0 0 9 0 0 0
0 0 0 0 0 0 9 18 0 5 9 0 0 0 17 0 0 0 0 0 0 0 0 19 0 13 0 0 4 0 0 17 0 0 0 0 0 0 0 0 8 0 0 0 14 2 0 19 0 0
9 13 0 5 8 0 14 16 0 0 0 0 0 0 6 11 0 1 0 0 0 0 0 0 0 0 0 0 0 0 0 0 0 0 0 0 1 7 12 0 0 1 0 6 0 12 16 0 0 0
0 2 0 5 0 4 0 0 0 5 0 11 0 0 0 0 0 0 0 0 0 19 0 0 0 0 0 0 0 12 0 0 1 0 0 0 7 0 0 7 0 0 0 0 0 0 0 2 0 0
0 0 0 0 6 0 0 0 0 14 0 5 16 0 0 18 0 13 0 0 0 0 0 0 0 4 0 0 6 0 0 0 0 14 0 0 12 0 0 0 0 0 0 0 16 15 0 0 0 0
0 0 0 0 0 0 0 0 0 0 0 0 0 0 16 0 0 0 19 0 0 13 0 0 4 0 0 0 13 4 0 10 9 0 11 0 0 18 0 0 0 0 0 0 0 1 0 0 11 0
0 9 0 0 0 0 0 4 0 0 0 0 0 0 0 0 18 15 0 0 0 0 0 0 0 0 0 0 0 13 0 16 0 0 0 16 0 0 0 2 0 10 0 0 0 15 0 0 0 14
0 0 0 0 0 0 0 0 12 0 7 8 0 0 0 0 0 0 0 0 14 0 0 0 0 0 0 0 17 0 0 0 0 0 4 0 0 0 0 0 0 0 0 0 19 6 0 0 0 0
0 17 1 4 0 0 0 0 0 0 0 0 3 0 0 0 0 4 9 4 13 4 0 0 6 13 0 17 0 0 0 0 0 0 2 13 8 0 0 0 5 13 13 0 13 0 0 19 0 0
5 0 6 0 0 19 0 7 0 0 1 0 0 0 0 0 0 0 0 9 19 0 0 12 0 4 13 0 0 0 0 2 0 0 0 0 0 0 0 7 0 0 0 6 0 0 0 0 0 0
13 0 17 6 0 0 0 0 0 9 0 0 1 0 6 0 0 0 0 0 0 0 0 0 0 0 0 0 0 0 0 11 0 8 0 0 0 0 13 2 0 0 0 0 0 0 0 0 0 18
0 0 0 2 0 0 18 0 0 8 0 11 2 4 0 16 15 0 0 9 0 17 0 0 0 10 16 0 0 2 11 0 0 0 0 0 14 0 0 17 16 0 0 0 0 16 0 12 0 0
0 12 0 12 11 0 0 0 0 0 0 0 4 0 0 0 0 0 0 0 0 0 0 1 0 9 0 0 0 0 0 0 0 0 0 8 18 4 0 0 0 1 0 0 2 0 2 0 0 0
14 5 0 0 0 0 0 0 0 0 0 0 0 0 11 0 0 8 0 6 0 0 0 0 14 0 0 0 0 0 8 0 0 0 0 0 0 0 17 0 0 0 0 0 3 0 15 0 0 0
0 0 6 0 19 19 0 17 0 0 0 0 0 0 15 0 8 10 0 9 0 0 0 0 0 11 0 4 2 0 0 0 0 0 0 0 0 0 0 0 12 0 0 0 8 0 11 0 0 0
0 0 0 0 2 9 0 18 5 0 0 0 0 0 0 0 0 0 3 0 2 0 0 0 0 0 16 0 13 0 0 0 8 0 0 0 12 11 4 6 7 12 7 0 0 19 0 0 0 0
0 1 0 0 0 0 0 0 0 0 15 0 0 0 0 0 0 0 0 0 0 0 1 7 12 0 0 0 8 0 0 14 18 0 0 12 0 6 0 0 0 0 0 0 0 11 15 0 9 0
0 0 17 0 0 0 11 14 0 0 0 0 0 0 0 13 0 0 0 0 0 0 7 0 0 18 0 0 0 0 0 0 4 0 0 11 6 0 8 0 0 0 15 1 0 0 3 0 16 0
0 2 7 4 0 0 0 0 0 0 0 0 0 0 9 12 0 14 0 0 0 0 12 0 0 0 0 0 0 0 13 0 0 17 0 4 0 8 0 1 1 0 0 4 14 0 0 0 0 0
17 0 19 0 0 0 11 2 0 0 0 0 18 0 0 0 0 3 9 0 0 0 0 7 0 0 2 0 0 7 2 17 0 0 0 6 0 0 1 0 0 15 0 0 0 0 9 4 0 13
0 3 0 0 0 18 15 0 13 0 0 6 0 0 2 0 0 0 0 0 3 8 0 0 0 0 0 0 5 0 0 16 0 0 12 7 0 0 1 0 0 0 0 0 16 0 0 0 0 0
0 0 0 0 13 0 0 4 11 1 16 0 0 0 12 7 0 0 7 0 0 0 1 0 0 0 10 0 13 0 0 0 1 0 0 12 0 0 0 15 0 0 0 0 0 0 0 18 0 5
0 0 0 6 0 0 0 0 3 0 0 0 0 0 3 0 5 3 0 0 0 0 0 0 0 0 0 0 13 0 0 0 0 0 0 7 0 15 0 0 0 0 0 5 0 0 0 0 16 0
0 0 0 11 0 0 0 0 0 0 7 0 3 6 8 0 0 6 0 0 4 0 6 0 0 0 0 0 0 6 0 0 0 0 0 0 0 1 4 0 0 0 5 0 0 7 5 7 0 19
0 0 0 6 0 0 0 0 10 5 8 12 0 0 0 11 2 0 0 0 0 14 0 0 16 0 0 19 13 0 0 0 2 3 8 0 0 0 14 0 16 0 0 0 0 0 0 0 0 0
0 0 0 0 0 0 0 9 16 13 0 0 11 10 0 0 0 6 0 0 0 2 12 0 15 1 15 6 0 0 0 16 0 0 0 19 11 0 0 0 0 0 0 7 0 0 0 0 10 18
0 0 7 0 0 0 0 0 11 0 0 0 0 0 0 0 6 0 13 10 9 0 16 0 0 0 0 0 0 0 0 0 2 15 11 0 15 3 0 9 0 0 0 5 0 0 0 0 2 0
0 0 0 0 0 19 0 12 0 0 0 0 0 0 0 0 0 0 0 0 0 19 0 2 0 0 0 0 19 0 0 12 0 0 0 0 0 0 0 4 0 18 0 7 0 0 0 0 11 0
14 0 0 0 0 0 0 0 13 0 0 5 0 0 0 0 3 15 0 0 0 0 0 0 0 11 0 0 0 0 0 0 0 0 0 0 9 16 0 0 0 0 16 0 0 10 2 11 0 0
18 0 0 0 0 0 0 0 19 0 2 0 3 0 0 0 0 0 4 9 0 0 0 0 0 0 14 0 0 0 18 0 0 0 0 0 0 0 0 13 0 5 0 19 0 18 0 0 0 0
