100
50
0 11 19 10 12 1 16 16 13 14 8 13 8 8 13 13 6 8 13 4 8 0 13 10 0 16 2 19 6 9 11 18 6 14 2 3 19 19 14 15 14 10 16 4 15 19 10 10 9 17
11 0 7 0 16 8 6 14 17 17 15 11 6 10 2 16 6 12 9 17 12 6 5 3 12 9 4 19 18 1 11 7 11 18 14 17 14 7 7 15 14 13 18 3 13 14 16 10 16 1
19 7 0 0 15 19 8 12 19 19 1 5 5 3 13 0 4 10 17 6 5 13 16 13 0 2 14 19 15 19 0 9 10 12 16 18 15 18 13 14 14 17 5 18 3 12 18 14 19 18
10 0 0 0 10 15 3 4 12 14 9 5 3 12 13 12 0 13 18 2 6 14 16 8 8 1 3 15 18 14 6 7 1 11 6 9 8 5 10 18 12 14 13 9 11 12 13 1 14 4
12 16 15 10 0 5 19 8 15 11 3 14 6 16 4 13 11 19 18 9 14 8 5 11 8 15 17 9 12 17 13 0 7 6 5 11 11 1 1 15 16 2 9 17 5 14 0 7 7 1
1 8 19 15 5 0 17 18 12 7 12 5 4 10 0 2 11 3 3 8 14 13 14 10 2 10 15 11 5 11 18 15 14 8 8 19 13 1 16 10 13 8 12 4 10 9 8 19 3 7
16 6 8 3 19 17 0 18 6 17 11 18 9 13 12 15 6 8 5 2 14 3 15 18 17 16 13 2 18 6 2 15 16 11 11 5 15 4 18 2 15 17 1 12 9 8 14 13 17 18
16 14 12 4 8 18 18 0 18 8 18 7 17 13 9 6 15 5 16 7 11 2 7 14 2 2 7 17 5 18 6 7 16 19 7 10 3 15 15 2 12 8 2 6 19 12 6 1 19 6
13 17 19 12 15 12 6 18 0 3 14 9 3 14 6 4 3 10 8 1 19 2 11 3 2 6 7 14 4 4 11 1 15 1 6 19 14 15 2 11 6 7 7 6 9 2 9 16 7 18
14 17 19 14 11 7 17 8 3 0 17 12 8 6 13 6 1 13 1 16 4 7 4 18 14 0 4 4 19 19 7 8 11 14 6 10 6 11 6 2 13 14 18 14 16 2 4 10 5 18
8 15 1 9 3 12 11 18 14 17 0 10 18 3 10 10 6 15 16 9 6 12 14 13 8 17 5 0 1 14 19 17 0 4 10 4 12 12 17 16 3 10 7 8 10 17 18 0 6 15
13 11 5 5 14 5 18 7 9 12 10 0 2 10 3 10 12 4 0 6 15 1 15 13 11 2 2 9 19 10 0 4 11 8 19 18 5 2 0 2 2 0 12 12 3 9 7 5 0 18
8 6 5 3 6 4 9 17 3 8 18 2 0 3 17 19 3 12 19 11 7 17 8 11 14 7 15 15 19 14 15 11 3 3 3 16 2 11 7 16 19 4 7 9 18 4 19 8 15 6
8 10 3 12 16 10 13 13 14 6 3 10 3 0 4 0 6 11 16 6 15 12 2 17 14 8 5 14 3 0 16 19 5 3 18 4 19 3 13 16 4 17 10 15 19 11 12 10 15 0
13 2 13 13 4 0 12 9 6 13 10 3 17 4 0 11 2 13 15 1 7 3 6 2 9 19 3 17 10 18 19 13 3 17 19 2 15 17 9 1 5 13 15 10 16 9 15 9 3 11
13 16 0 12 13 2 15 6 4 6 10 10 19 0 11 0 1 11 3 2 5 16 16 12 4 4 18 0 16 9 16 8 6 6 16 13 0 4 10 3 5 5 2 19 13 9 10 13 9 15
6 6 4 0 11 11 6 15 3 1 6 12 3 6 2 1 0 1 3 2 3 13 16 18 0 18 1 12 13 1 18 18 16 7 0 9 12 9 17 9 4 15 5 18 13 4 1 0 10 16
8 12 10 13 19 3 8 5 10 13 15 4 12 11 13 11 1 0 2 4 10 17 9 8 12 9 2 12 11 1 11 10 5 6 2 0 17 8 12 3 17 14 10 4 3 0 15 14 4 2
13 9 17 18 18 3 5 16 8 1 16 0 19 16 15 3 3 2 0 11 1 6 9 9 4 10 14 19 19 17 13 1 14 7 3 12 3 4 18 14 8 7 9 19 19 10 19 17 4 18
4 17 6 2 9 8 2 7 1 16 9 6 11 6 1 2 2 4 11 0 10 18 17 9 9 18 9 10 13 17 11 17 16 9 11 0 12 17 8 13 19 15 18 8 18 5 14 0 2 8
8 12 5 6 14 14 14 11 19 4 6 15 7 15 7 5 3 10 1 10 0 16 15 10 1 9 18 3 3 10 16 8 6 14 2 6 11 3 11 4 14 6 11 4 16 8 0 13 10 16
0 6 13 14 8 13 3 2 2 7 12 1 17 12 3 16 13 17 6 18 16 0 6 9 10 2 14 0 5 14 4 9 19 7 0 1 2 17 8 3 3 12 11 1 1 10 5 12 15 17
13 5 16 16 5 14 15 7 11 4 14 15 8 2 6 16 16 9 9 17 15 6 0 14 2 15 12 2 0 15 4 6 14 6 19 6 8 1 1 2 2 12 19 7 16 18 3 17 12 0
10 3 13 8 11 10 18 14 3 18 13 13 11 17 2 12 18 8 9 9 10 9 14 0 4 7 14 0 5 1 10 13 4 2 16 3 17 13 11 13 11 12 7 8 4 10 8 11 19 6
0 12 0 8 8 2 17 2 2 14 8 11 14 14 9 4 0 12 4 9 1 10 2 4 0 2 17 12 9 8 9 3 4 10 15 16 14 10 14 3 12 15 13 14 1 19 5 17 17 3
16 9 2 1 15 10 16 2 6 0 17 2 7 8 19 4 18 9 10 18 9 2 15 7 2 0 5 8 18 5 12 12 0 7 8 14 6 12 0 9 9 3 14 18 16 6 6 6 19 2
2 4 14 3 17 15 13 7 7 4 5 2 15 5 3 18 1 2 14 9 18 14 12 14 17 5 0 4 0 6 15 2 17 7 12 9 15 11 10 0 0 11 18 18 15 11 14 0 3 6
19 19 19 15 9 11 2 17 14 4 0 9 15 14 17 0 12 12 19 10 3 0 2 0 12 8 4 0 6 12 5 3 7 17 13 2 15 19 11 8 2 16 1 2 8 6 14 18 10 6
6 18 15 18 12 5 18 5 4 19 1 19 19 3 10 16 13 11 19 13 3 5 0 5 9 18 0 6 0 17 16 6 6 14 0 8 3 12 14 5 1 2 17 3 4 16 16 2 7 13
9 1 19 14 17 11 6 18 4 19 14 10 14 0 18 9 1 1 17 17 10 14 15 1 8 5 6 12 17 0 11 8 15 3 0 12 15 16 4 13 6 10 10 7 2 6 10 14 15 12
11 11 0 6 13 18 2 6 11 7 19 0 15 16 19 16 18 11 13 11 16 4 4 10 9 12 15 5 16 11 0 9 10 7 0 2 15 13 4 16 10 15 18 15 2 3 11 13 9 3
18 7 9 7 0 15 15 7 1 8 17 4 11 19 13 8 18 10 1 17 8 9 6 13 3 12 2 3 6 8 9 0 4 4 9 6 2 8 15 16 7 6 14 16 14 6 13 18 14 13
6 11 10 1 7 14 16 16 15 11 0 11 3 5 3 6 16 5 14 16 6 19 14 4 4 0 17 7 6 15 10 4 0 19 1 4 1 3 15 2 5 10 16 1 16 16 10 12 6 7
14 18 12 11 6 8 11 19 1 14 4 8 3 3 17 6 7 6 7 9 14 7 6 2 10 7 7 17 14 3 7 4 19 0 13 2 6 0 17 0 3 6 5 10 11 4 3 16 17 19
2 14 16 6 5 8 11 7 6 6 10 19 3 18 19 16 0 2 3 11 2 0 19 16 15 8 12 13 0 0 0 9 1 13 0 19 3 1 11 12 8 16 18 5 1 0 16 8 6 3
3 17 18 9 11 19 5 10 19 10 4 18 16 4 2 13 9 0 12 0 6 1 6 3 16 14 9 2 8 12 2 6 4 2 19 0 13 18 7 19 16 7 1 19 19 7 18 10 8 1
19 14 15 8 11 13 15 3 14 6 12 5 2 19 15 0 12 17 3 12 11 2 8 17 14 6 15 15 3 15 15 2 1 6 3 13 0 16 4 5 3 1 8 0 16 1 6 15 5 10
19 7 18 5 1 1 4 15 15 11 12 2 11 3 17 4 9 8 4 17 3 17 1 13 10 12 11 19 12 16 13 8 3 0 1 18 16 0 1 3 11 1 9 15 16 4 3 19 8 13
14 7 13 10 1 16 18 15 2 6 17 0 7 13 9 10 17 12 18 8 11 8 1 11 14 0 10 11 14 4 4 15 15 17 11 7 4 1 0 1 18 6 13 1 6 3 5 6 0 13
15 15 14 18 15 10 2 2 11 2 16 2 16 16 1 3 9 3 14 13 4 3 2 13 3 9 0 8 5 13 16 16 2 0 12 19 5 3 1 0 5 16 4 7 3 12 8 18 11 13
14 14 14 12 16 13 15 12 6 13 3 2 19 4 5 5 4 17 8 19 14 3 2 11 12 9 0 2 1 6 10 7 5 3 8 16 3 11 18 5 0 19 12 18 19 3 6 16 16 10
10 13 17 14 2 8 17 8 7 14 10 0 4 17 13 5 15 14 7 15 6 12 12 12 15 3 11 16 2 10 15 6 10 6 16 7 1 1 6 16 19 0 0 15 17 10 17 10 5 1
16 18 5 13 9 12 1 2 7 18 7 12 7 10 15 2 5 10 9 18 11 11 19 7 13 14 18 1 17 10 18 14 16 5 18 1 8 9 13 4 12 0 0 6 16 4 13 18 14 16
4 3 18 9 17 4 12 6 6 14 8 12 9 15 10 19 18 4 19 8 4 1 7 8 14 18 18 2 3 7 15 16 1 10 5 19 0 15 1 7 18 15 6 0 0 10 7 15 12 3
15 13 3 11 5 10 9 19 9 16 10 3 18 19 16 13 13 3 19 18 16 1 16 4 1 16 15 8 4 2 2 14 16 11 1 19 16 16 6 3 19 17 16 0 0 16 11 19 6 4
19 14 12 12 14 9 8 12 2 2 17 9 4 11 9 9 4 0 10 5 8 10 18 10 19 6 11 6 16 6 3 6 16 4 0 7 1 4 3 12 3 10 4 10 16 0 1 17 9 10
10 16 18 13 0 8 14 6 9 4 18 7 19 12 15 10 1 15 19 14 0 5 3 8 5 6 14 14 16 10 11 13 10 3 16 18 6 3 5 8 6 17 13 7 11 1 0 8 6 1
10 10 14 1 7 19 13 1 16 10 0 5 8 10 9 13 0 14 17 0 13 12 17 11 17 6 0 18 2 14 13 18 12 16 8 10 15 19 6 18 16 10 18 15 19 17 8 0 3 11
9 16 19 14 7 3 17 19 7 5 6 0 15 15 3 9 10 4 4 2 10 15 12 19 17 19 3 10 7 15 9 14 6 17 6 8 5 8 0 11 16 5 14 12 6 9 6 3 0 15
17 1 18 4 1 7 18 6 18 18 15 18 6 0 11 15 16 2 18 8 16 17 0 6 3 2 6 6 13 12 3 13 7 19 3 1 10 13 13 13 10 1 16 3 4 10 1 11 15 0
