50
50
0 8 13 9 11 0 0 9 0 13 15 0 0 0 2 16 0 0 0 0 0 3 12 0 0 0 0 0 12 0 0 0 9 0 0 9 0 0 10 0 0 1 4 0 0 5 17 0 0 11
8 0 0 3 13 0 0 0 0 0 0 0 0 0 0 0 0 0 10 0 0 4 0 10 0 0 0 0 0 0 0 0 11 0 8 9 0 0 0 10 0 11 0 18 4 0 0 0 0 11
13 0 0 0 0 0 0 0 0 0 0 15 9 3 0 0 0 0 0 13 16 9 9 0 0 3 15 0 0 0 0 0 14 0 11 0 0 0 0 0 0 0 0 0 4 0 5 4 0 0
9 3 0 0 11 0 15 0 4 19 0 17 0 0 7 15 0 0 0 6 0 0 0 0 0 3 0 0 0 0 0 19 11 0 0 0 4 12 8 0 0 0 0 5 2 0 3 10 0 5
11 13 0 11 0 0 1 0 12 14 0 0 0 0 0 0 6 0 14 0 5 0 9 0 0 0 0 0 0 0 0 0 0 18 5 0 0 13 3 19 1 0 13 0 0 0 0 4 0 0
0 0 0 0 0 0 0 0 0 14 0 2 0 0 0 0 16 0 0 12 0 17 10 6 0 0 0 0 0 7 0 0 0 0 0 0 0 2 12 0 0 0 0 1 19 0 19 0 11 0
0 0 0 15 1 0 0 17 0 0 0 0 0 0 0 14 0 0 0 0 0 0 0 0 0 0 0 0 0 5 15 0 0 0 18 19 0 0 0 0 0 0 0 0 0 0 10 0 5 0
9 0 0 0 0 0 17 0 8 0 0 0 0 0 0 0 19 15 0 2 0 0 0 0 5 0 0 0 0 6 0 0 0 0 0 0 0 0 2 0 12 10 2 10 0 11 0 0 0 16
0 0 0 4 12 0 0 8 0 10 0 0 0 19 10 4 8 0 3 13 0 0 0 15 0 6 0 3 0 0 0 0 0 0 0 0 4 0 0 0 0 0 0 4 11 0 1 0 4 0
13 0 0 19 14 14 0 0 10 0 0 0 4 0 0 0 0 10 0 0 0 0 0 0 15 0 0 0 0 0 0 0 0 11 0 0 0 4 0 0 0 0 0 0 0 0 0 0 3 7
15 0 0 0 0 0 0 0 0 0 0 1 0 0 0 0 0 0 0 0 0 0 19 0 0 0 0 0 0 0 0 0 0 0 0 0 0 0 0 18 15 0 0 0 5 0 0 19 0 14
0 0 15 17 0 2 0 0 0 0 1 0 4 6 0 0 0 0 2 0 0 0 0 0 3 0 0 0 0 0 0 15 0 0 0 0 14 11 0 0 0 0 0 11 18 0 0 0 7 0
0 0 9 0 0 0 0 0 0 4 0 4 0 6 0 0 15 0 0 6 0 0 0 0 0 0 0 15 5 0 0 2 3 13 0 9 0 0 3 0 0 0 0 0 0 4 0 0 0 0
0 0 3 0 0 0 0 0 19 0 0 6 6 0 0 0 0 0 0 0 0 0 0 0 18 0 0 13 0 0 0 0 0 0 0 0 18 0 0 10 0 0 0 0 0 9 18 0 19 8
2 0 0 7 0 0 0 0 10 0 0 0 0 0 0 0 0 0 0 0 16 0 0 2 0 0 12 0 1 0 7 0 0 14 11 0 13 0 0 0 0 0 5 13 0 9 0 11 0 0
16 0 0 15 0 0 14 0 4 0 0 0 0 0 0 0 0 4 0 0 0 0 0 0 8 11 0 0 0 0 0 10 0 13 0 0 2 0 0 0 0 0 0 0 0 18 0 0 1 0
0 0 0 0 6 16 0 19 8 0 0 0 15 0 0 0 0 9 0 0 3 0 0 0 9 0 0 0 0 2 16 0 14 17 0 0 0 1 0 0 0 0 0 0 0 13 0 13 3 1
0 0 0 0 0 0 0 15 0 10 0 0 0 0 0 4 9 0 0 0 11 7 9 0 19 10 0 0 0 0 0 0 0 0 0 0 0 13 0 0 0 0 6 1 0 0 3 0 19 0
0 10 0 0 14 0 0 0 3 0 0 2 0 0 0 0 0 0 0 0 6 0 16 0 0 0 0 4 8 0 0 0 13 0 0 0 8 0 6 0 0 0 0 0 0 0 0 0 0 0
0 0 13 6 0 12 0 2 13 0 0 0 6 0 0 0 0 0 0 0 17 0 8 0 0 0 15 0 15 0 0 6 0 0 8 12 11 0 16 9 0 0 0 0 0 0 0 0 0 11
0 0 16 0 5 0 0 0 0 0 0 0 0 0 16 0 3 11 6 17 0 0 0 4 0 0 0 7 0 0 0 14 0 7 0 12 0 0 0 16 5 4 0 0 0 10 0 10 0 8
3 4 9 0 0 17 0 0 0 0 0 0 0 0 0 0 0 7 0 0 0 0 0 0 0 0 0 0 0 6 0 0 0 0 11 0 0 0 0 5 9 0 0 0 0 0 0 0 0 0
12 0 9 0 9 10 0 0 0 0 19 0 0 0 0 0 0 9 16 8 0 0 0 0 0 0 0 0 4 0 0 8 0 0 0 0 0 0 10 0 4 0 12 0 0 0 0 9 0 0
0 10 0 0 0 6 0 0 15 0 0 0 0 0 2 0 0 0 0 0 4 0 0 0 0 0 0 0 0 0 15 0 0 9 0 19 0 0 0 0 0 4 0 12 0 13 0 0 14 0
0 0 0 0 0 0 0 5 0 15 0 3 0 18 0 8 9 19 0 0 0 0 0 0 0 0 0 0 0 0 0 0 0 0 12 0 0 0 0 0 0 0 3 16 15 0 0 0 0 19
0 0 3 3 0 0 0 0 6 0 0 0 0 0 0 11 0 10 0 0 0 0 0 0 0 0 0 0 0 0 0 0 0 0 0 16 0 19 0 0 3 0 0 1 11 18 0 0 0 0
0 0 15 0 0 0 0 0 0 0 0 0 0 0 12 0 0 0 0 15 0 0 0 0 0 0 0 0 0 0 0 12 0 12 5 0 0 8 0 0 0 0 5 0 0 1 0 0 15 0
0 0 0 0 0 0 0 0 3 0 0 0 15 13 0 0 0 0 4 0 7 0 0 0 0 0 0 0 0 0 3 0 0 0 13 0 0 0 10 0 0 0 16 0 5 17 6 0 8 5
12 0 0 0 0 0 0 0 0 0 0 0 5 0 1 0 0 0 8 15 0 0 4 0 0 0 0 0 0 0 0 0 0 0 0 0 0 8 6 0 13 0 6 12 16 0 0 17 10 0
0 0 0 0 0 7 5 6 0 0 0 0 0 0 0 0 2 0 0 0 0 6 0 0 0 0 0 0 0 0 0 0 0 0 9 0 0 0 0 0 0 0 0 0 0 9 0 0 0 9
0 0 0 0 0 0 15 0 0 0 0 0 0 0 7 0 16 0 0 0 0 0 0 15 0 0 0 3 0 0 0 0 9 0 0 0 11 0 0 2 0 0 0 7 1 0 0 0 0 18
0 0 0 19 0 0 0 0 0 0 0 15 2 0 0 10 0 0 0 6 14 0 8 0 0 0 12 0 0 0 0 0 0 10 8 0 17 18 9 0 0 0 0 0 0 0 1 0 0 0
9 11 14 11 0 0 0 0 0 0 0 0 3 0 0 0 14 0 13 0 0 0 0 0 0 0 0 0 0 0 9 0 0 0 0 7 13 3 12 0 0 0 0 0 0 0 12 0 0 15
0 0 0 0 18 0 0 0 0 11 0 0 13 0 14 13 17 0 0 0 7 0 0 9 0 0 12 0 0 0 0 10 0 0 0 10 0 0 0 0 0 16 0 0 0 0 0 15 0 0
0 8 11 0 5 0 18 0 0 0 0 0 0 0 11 0 0 0 0 8 0 11 0 0 12 0 5 13 0 9 0 8 0 0 0 18 4 0 0 19 0 1 0 0 3 0 7 0 0 0
9 9 0 0 0 0 19 0 0 0 0 0 9 0 0 0 0 0 0 12 12 0 0 19 0 16 0 0 0 0 0 0 7 10 18 0 0 9 0 0 0 0 4 10 0 1 0 0 0 0
0 0 0 4 0 0 0 0 4 0 0 14 0 18 13 2 0 0 8 11 0 0 0 0 0 0 0 0 0 0 11 17 13 0 4 0 0 0 0 0 0 0 14 0 0 0 0 15 0 0
0 0 0 12 13 2 0 0 0 4 0 11 0 0 0 0 1 13 0 0 0 0 0 0 0 19 8 0 8 0 0 18 3 0 0 9 0 0 0 3 5 6 0 0 8 0 0 0 0 0
10 0 0 8 3 12 0 2 0 0 0 0 3 0 0 0 0 0 6 16 0 0 10 0 0 0 0 10 6 0 0 9 12 0 0 0 0 0 0 0 3 0 0 6 19 0 0 0 16 0
0 10 0 0 19 0 0 0 0 0 18 0 0 10 0 0 0 0 0 9 16 5 0 0 0 0 0 0 0 0 2 0 0 0 19 0 0 3 0 0 0 0 0 0 0 0 0 0 4 0
0 0 0 0 1 0 0 12 0 0 15 0 0 0 0 0 0 0 0 0 5 9 4 0 0 3 0 0 13 0 0 0 0 0 0 0 0 5 3 0 0 0 0 3 15 0 0 0 0 0
1 11 0 0 0 0 0 10 0 0 0 0 0 0 0 0 0 0 0 0 4 0 0 4 0 0 0 0 0 0 0 0 0 16 1 0 0 6 0 0 0 0 7 0 0 0 0 6 0 16
4 0 0 0 13 0 0 2 0 0 0 0 0 0 5 0 0 6 0 0 0 0 12 0 3 0 5 16 6 0 0 0 0 0 0 4 14 0 0 0 0 7 0 0 19 0 0 0 0 5
0 18 0 5 0 1 0 10 4 0 0 11 0 0 13 0 0 1 0 0 0 0 0 12 16 1 0 0 12 0 7 0 0 0 0 10 0 0 6 0 3 0 0 0 0 0 0 16 0 0
0 4 4 2 0 19 0 0 11 0 5 18 0 0 0 0 0 0 0 0 0 0 0 0 15 11 0 5 16 0 1 0 0 0 3 0 0 8 19 0 15 0 19 0 0 0 0 0 0 0
5 0 0 0 0 0 0 11 0 0 0 0 4 9 9 18 13 0 0 0 10 0 0 13 0 18 1 17 0 9 0 0 0 0 0 1 0 0 0 0 0 0 0 0 0 0 7 0 0 0
17 0 5 3 0 19 10 0 1 0 0 0 0 18 0 0 0 3 0 0 0 0 0 0 0 0 0 6 0 0 0 1 12 0 7 0 0 0 0 0 0 0 0 0 0 7 0 0 0 0
0 0 4 10 4 0 0 0 0 0 19 0 0 0 11 0 13 0 0 0 10 0 9 0 0 0 0 0 17 0 0 0 0 15 0 0 15 0 0 0 0 6 0 16 0 0 0 0 0 4
0 0 0 0 0 11 5 0 4 3 0 7 0 19 0 1 3 19 0 0 0 0 0 14 0 0 15 8 10 0 0 0 0 0 0 0 0 0 16 4 0 0 0 0 0 0 0 0 0 7
11 11 0 5 0 0 0 16 0 7 14 0 0 8 0 0 1 0 0 11 8 0 0 0 19 0 0 5 0 9 18 0 15 0 0 0 0 0 0 0 0 16 5 0 0 0 0 4 7 0
