75
50
0 0 0 0 0 9 0 4 0 1 0 0 5 0 0 0 0 0 0 11 0 0 0 4 0 12 0 0 0 0 8 0 0 0 0 0 0 0 0 0 0 0 0 0 0 0 0 0 0 1
0 0 0 0 0 0 17 7 0 0 0 0 0 3 0 0 3 12 0 0 0 17 0 0 5 0 0 0 0 0 0 0 0 0 18 5 0 0 0 0 0 9 19 0 17 0 0 15 0 0
0 0 0 0 0 0 0 9 0 0 0 17 0 13 0 0 0 0 5 14 0 0 0 18 0 0 6 10 0 0 12 6 0 0 15 0 7 0 0 16 2 0 0 0 11 0 11 0 0 0
0 0 0 0 11 3 6 0 19 0 0 0 12 1 0 19 0 3 0 0 0 0 0 3 0 0 0 0 6 0 0 6 0 0 11 0 0 0 0 0 0 0 0 0 0 0 0 0 0 0
0 0 0 11 0 16 0 15 0 11 0 8 0 0 18 0 14 0 0 0 6 0 7 0 0 13 0 0 0 8 7 0 0 0 0 0 12 10 0 0 0 1 17 0 0 18 0 15 0 0
9 0 0 3 16 0 0 0 0 15 0 12 1 0 0 4 0 10 5 3 0 0 0 9 0 0 1 0 0 0 0 1 0 0 4 7 0 0 1 6 0 10 0 0 0 0 0 0 0 0
0 17 0 6 0 0 0 0 0 0 0 0 5 0 0 0 0 0 0 3 0 0 0 0 0 0 0 0 0 0 0 7 6 0 0 0 19 0 0 0 0 0 0 12 3 0 9 0 0 0
4 7 9 0 15 0 0 0 19 0 9 10 0 10 0 10 9 0 0 0 0 0 0 0 0 0 0 0 0 0 0 0 0 0 0 0 4 0 8 0 0 0 16 0 0 0 9 0 0 0
0 0 0 19 0 0 0 19 0 0 0 15 16 0 0 0 0 7 0 0 5 0 0 0 0 2 0 17 0 0 0 0 1 0 0 0 0 10 0 0 0 10 12 0 0 0 16 0 2 0
1 0 0 0 11 15 0 0 0 0 0 0 0 0 0 5 0 0 0 16 0 0 13 0 19 12 11 0 0 0 8 0 0 2 2 9 0 18 0 0 7 0 0 0 0 0 9 0 0 18
0 0 0 0 0 0 0 9 0 0 0 9 0 0 0 0 0 2 0 0 0 0 0 0 10 0 0 0 0 0 7 17 0 0 0 8 0 0 0 12 0 0 0 0 0 0 0 4 0 8
0 0 17 0 8 12 0 10 15 0 9 0 0 0 0 0 1 0 0 0 1 8 0 9 0 0 0 0 10 10 17 9 0 0 17 0 0 19 8 0 0 0 0 0 0 0 0 0 12 19
5 0 0 12 0 1 5 0 16 0 0 0 0 0 0 0 0 0 0 17 0 14 0 0 0 0 0 0 9 0 0 0 3 0 0 10 11 0 19 10 0 2 1 0 0 0 0 0 0 0
0 3 13 1 0 0 0 10 0 0 0 0 0 0 0 0 0 0 12 0 15 0 0 0 5 0 11 0 7 16 15 0 0 0 15 0 0 0 17 0 0 0 19 0 0 0 0 0 0 0
0 0 0 0 18 0 0 0 0 0 0 0 0 0 0 19 0 0 0 0 4 0 17 0 0 0 9 0 11 6 3 0 0 0 17 0 0 0 0 0 19 7 14 0 0 0 0 0 0 0
0 0 0 19 0 4 0 10 0 5 0 0 0 0 19 0 0 0 0 13 0 0 0 0 0 0 15 19 0 10 15 0 9 0 0 14 0 0 0 0 0 0 0 0 0 0 12 0 0 0
0 3 0 0 14 0 0 9 0 0 0 1 0 0 0 0 0 0 0 0 0 0 0 0 0 0 0 0 0 0 0 0 5 0 0 0 14 0 0 14 0 0 0 0 0 2 0 0 5 19
0 12 0 3 0 10 0 0 7 0 2 0 0 0 0 0 0 0 0 0 0 0 0 15 0 0 0 0 0 0 0 0 0 0 0 19 0 0 0 0 0 0 9 0 0 0 8 12 6 12
0 0 5 0 0 5 0 0 0 0 0 0 0 12 0 0 0 0 0 0 0 6 0 0 0 0 10 0 7 0 6 0 0 0 0 7 0 0 4 0 8 4 0 0 0 0 0 0 0 1
11 0 14 0 0 3 3 0 0 16 0 0 17 0 0 13 0 0 0 0 0 0 0 0 0 0 0 0 0 0 0 0 18 0 15 0 5 0 0 0 0 0 0 0 0 0 0 0 0 0
0 0 0 0 6 0 0 0 5 0 0 1 0 15 4 0 0 0 0 0 0 0 0 18 0 0 0 16 0 5 0 0 0 0 0 0 0 0 2 11 0 0 0 0 0 0 0 0 0 0
0 17 0 0 0 0 0 0 0 0 0 8 14 0 0 0 0 0 6 0 0 0 0 0 13 0 14 0 13 2 0 13 0 0 0 0 0 0 0 0 10 3 0 0 0 0 0 0 5 0
0 0 0 0 7 0 0 0 0 13 0 0 0 0 17 0 0 0 0 0 0 0 0 0 0 15 0 0 7 4 0 0 0 0 0 17 0 0 0 0 9 0 18 0 7 7 0 0 10 0
4 0 18 3 0 9 0 0 0 0 0 9 0 0 0 0 0 15 0 0 18 0 0 0 0 0 0 0 0 3 0 0 0 17 0 15 0 11 0 0 0 0 7 0 0 0 0 8 0 0
0 5 0 0 0 0 0 0 0 19 10 0 0 5 0 0 0 0 0 0 0 13 0 0 0 0 2 18 0 9 0 11 0 6 0 7 16 0 0 0 0 0 11 0 15 0 0 0 0 0
12 0 0 0 13 0 0 0 2 12 0 0 0 0 0 0 0 0 0 0 0 0 15 0 0 0 0 19 0 0 19 7 0 0 4 0 0 0 14 0 0 0 0 0 0 0 0 14 0 15
0 0 6 0 0 1 0 0 0 11 0 0 0 11 9 15 0 0 10 0 0 14 0 0 2 0 0 0 0 6 11 0 3 0 0 0 0 0 0 0 0 4 0 5 0 0 10 1 0 0
0 0 10 0 0 0 0 0 17 0 0 0 0 0 0 19 0 0 0 0 16 0 0 0 18 19 0 0 0 0 2 0 0 0 0 16 18 0 15 12 0 4 16 0 2 0 0 0 0 4
0 0 0 6 0 0 0 0 0 0 0 10 9 7 11 0 0 0 7 0 0 13 7 0 0 0 0 0 0 0 13 15 0 0 0 0 0 17 0 0 0 0 7 0 16 0 17 0 14 0
0 0 0 0 8 0 0 0 0 0 0 10 0 16 6 10 0 0 0 0 5 2 4 3 9 0 6 0 0 0 7 0 0 11 13 5 0 0 0 0 0 0 5 7 0 19 0 0 0 0
8 0 12 0 7 0 0 0 0 8 7 17 0 15 3 15 0 0 6 0 0 0 0 0 0 19 11 2 13 7 0 0 0 0 0 4 0 0 17 0 0 0 14 0 0 16 0 11 0 0
0 0 6 6 0 1 7 0 0 0 17 9 0 0 0 0 0 0 0 0 0 13 0 0 11 7 0 0 15 0 0 0 0 0 0 0 15 7 17 0 0 0 0 0 0 0 0 2 0 0
0 0 0 0 0 0 6 0 1 0 0 0 3 0 0 9 5 0 0 18 0 0 0 0 0 0 3 0 0 0 0 0 0 0 0 19 17 2 0 2 0 0 7 0 0 19 0 0 0 0
0 0 0 0 0 0 0 0 0 2 0 0 0 0 0 0 0 0 0 0 0 0 0 17 6 0 0 0 0 11 0 0 0 0 0 18 0 7 0 0 17 0 0 0 17 0 18 7 17 11
0 18 15 11 0 4 0 0 0 2 0 17 0 15 17 0 0 0 0 15 0 0 0 0 0 4 0 0 0 13 0 0 0 0 0 0 0 12 11 3 0 0 0 16 14 0 0 0 0 0
0 5 0 0 0 7 0 0 0 9 8 0 10 0 0 14 0 19 7 0 0 0 17 15 7 0 0 16 0 5 4 0 19 18 0 0 0 13 0 0 0 0 0 0 4 6 4 0 0 1
0 0 7 0 12 0 19 4 0 0 0 0 11 0 0 0 14 0 0 5 0 0 0 0 16 0 0 18 0 0 0 15 17 0 0 0 0 0 0 0 0 15 19 0 0 0 3 0 0 3
0 0 0 0 10 0 0 0 10 18 0 19 0 0 0 0 0 0 0 0 0 0 0 11 0 0 0 0 17 0 0 7 2 7 12 13 0 0 13 3 0 0 0 0 2 17 5 0 0 0
0 0 0 0 0 1 0 8 0 0 0 8 19 17 0 0 0 0 4 0 2 0 0 0 0 14 0 15 0 0 17 17 0 0 11 0 0 13 0 0 12 0 0 0 0 7 0 0 0 5
0 0 16 0 0 6 0 0 0 0 12 0 10 0 0 0 14 0 0 0 11 0 0 0 0 0 0 12 0 0 0 0 2 0 3 0 0 3 0 0 0 0 0 0 15 0 0 0 2 13
0 0 2 0 0 0 0 0 0 7 0 0 0 0 19 0 0 0 8 0 0 10 9 0 0 0 0 0 0 0 0 0 0 17 0 0 0 0 12 0 0 0 0 0 0 0 0 9 0 10
0 9 0 0 1 10 0 0 10 0 0 0 2 0 7 0 0 0 4 0 0 3 0 0 0 0 4 4 0 0 0 0 0 0 0 0 15 0 0 0 0 0 7 6 1 12 0 10 11 5
0 19 0 0 17 0 0 16 12 0 0 0 1 19 14 0 0 9 0 0 0 0 18 7 11 0 0 16 7 5 14 0 7 0 0 0 19 0 0 0 0 7 0 14 0 15 0 0 0 0
0 0 0 0 0 0 12 0 0 0 0 0 0 0 0 0 0 0 0 0 0 0 0 0 0 0 5 0 0 7 0 0 0 0 16 0 0 0 0 0 0 6 14 0 0 0 0 0 0 0
0 17 11 0 0 0 3 0 0 0 0 0 0 0 0 0 0 0 0 0 0 0 7 0 15 0 0 2 16 0 0 0 0 17 14 4 0 2 0 15 0 1 0 0 0 0 0 0 3 0
0 0 0 0 18 0 0 0 0 0 0 0 0 0 0 0 2 0 0 0 0 0 7 0 0 0 0 0 0 19 16 0 19 0 0 6 0 17 7 0 0 12 15 0 0 0 0 4 0 14
0 0 11 0 0 0 9 9 16 9 0 0 0 0 0 12 0 8 0 0 0 0 0 0 0 0 10 0 17 0 0 0 0 18 0 4 3 5 0 0 0 0 0 0 0 0 0 0 6 0
0 15 0 0 15 0 0 0 0 0 4 0 0 0 0 0 0 12 0 0 0 0 0 8 0 14 1 0 0 0 11 2 0 7 0 0 0 0 0 0 9 10 0 0 0 4 0 0 0 0
0 0 0 0 0 0 0 0 2 0 0 12 0 0 0 0 5 6 0 0 0 5 10 0 0 0 0 0 14 0 0 0 0 17 0 0 0 0 0 2 0 11 0 0 3 0 6 0 0 0
1 0 0 0 0 0 0 0 0 18 8 19 0 0 0 0 19 12 1 0 0 0 0 0 0 15 0 4 0 0 0 0 0 11 0 1 3 0 5 13 10 5 0 0 0 14 0 0 0 0
