100
50
0 18 0 13 13 0 4 0 0 0 0 18 0 13 0 0 0 13 19 0 3 1 0 0 0 17 0 0 0 0 0 0 0 0 0 0 19 0 0 0 0 0 11 11 0 0 0 0 0 12
18 0 9 17 18 0 0 0 0 0 0 0 0 0 0 0 0 0 0 0 8 0 0 0 0 0 0 10 0 0 8 0 0 0 0 0 0 3 0 8 8 0 0 0 0 0 0 0 0 19
0 9 0 0 0 0 0 0 9 0 0 0 0 4 0 17 0 1 0 0 0 7 0 6 0 5 1 0 0 0 0 0 7 0 15 0 0 0 5 0 0 7 0 1 0 6 0 8 0 0
13 17 0 0 0 0 0 2 9 5 0 6 0 0 0 0 5 0 0 0 0 0 5 0 0 0 11 0 0 0 0 0 1 0 0 19 0 0 0 0 0 0 0 16 17 0 6 0 14 3
13 18 0 0 0 0 0 1 2 8 0 0 0 2 8 0 0 0 0 0 0 0 0 0 18 13 0 0 0 0 8 8 0 2 0 2 7 0 5 0 0 3 0 0 0 3 0 0 0 0
0 0 0 0 0 0 3 0 0 1 8 0 9 0 10 0 0 0 0 8 0 0 0 5 0 0 0 0 4 8 0 0 0 6 0 0 0 0 15 0 0 0 0 17 0 0 0 0 0 0
4 0 0 0 0 3 0 0 0 19 0 9 0 0 0 0 19 2 0 0 15 0 0 0 0 0 0 1 1 0 0 9 0 0 0 0 0 0 0 0 0 0 0 0 7 0 14 4 0 11
0 0 0 2 1 0 0 0 15 0 0 18 14 0 15 2 0 6 0 12 0 0 0 0 0 0 0 0 0 0 2 15 0 19 0 0 0 0 13 0 0 6 0 11 0 0 2 0 0 13
0 0 9 9 2 0 0 15 0 0 0 1 0 0 0 0 0 17 0 0 0 0 0 0 0 0 3 0 10 0 0 0 0 0 8 6 15 0 0 0 0 0 0 17 0 1 13 0 0 16
0 0 0 5 8 1 19 0 0 0 0 0 0 0 0 0 0 0 0 0 8 16 0 0 0 0 0 0 0 11 0 14 0 0 13 8 2 0 0 0 0 0 0 0 0 13 5 0 3 0
0 0 0 0 0 8 0 0 0 0 0 0 0 16 0 0 0 0 14 14 5 7 0 0 0 8 0 0 4 0 0 0 0 13 0 0 0 15 0 4 0 0 0 0 0 0 2 18 0 0
18 0 0 6 0 0 9 18 1 0 0 0 14 8 0 8 0 0 0 0 0 0 0 0 0 9 0 0 0 0 4 0 0 0 0 0 4 0 0 0 0 0 0 7 0 0 0 0 14 9
0 0 0 0 0 9 0 14 0 0 0 14 0 0 19 0 0 0 0 15 1 0 0 0 0 0 0 12 7 8 0 6 13 0 0 0 3 0 0 0 0 3 0 0 0 0 0 0 0 0
13 0 4 0 2 0 0 0 0 0 16 8 0 0 13 0 0 0 0 16 2 2 0 0 0 0 0 0 0 0 0 0 0 0 0 0 17 0 16 0 0 0 0 18 0 0 2 15 0 0
0 0 0 0 8 10 0 15 0 0 0 0 19 13 0 10 3 0 0 8 0 0 16 5 0 0 18 0 0 1 0 0 0 0 0 4 0 0 0 0 12 0 0 0 0 9 0 0 0 0
0 0 17 0 0 0 0 2 0 0 0 8 0 0 10 0 0 0 0 0 0 10 19 0 15 0 0 0 0 0 0 13 0 0 15 0 0 0 0 5 0 0 0 0 0 0 0 0 1 0
0 0 0 5 0 0 19 0 0 0 0 0 0 0 3 0 0 14 0 0 6 0 17 0 0 0 0 0 0 0 19 0 0 7 0 0 13 0 9 16 0 13 0 0 0 0 10 10 0 0
13 0 1 0 0 0 2 6 17 0 0 0 0 0 0 0 14 0 0 0 0 0 11 0 0 3 7 0 0 0 9 0 0 11 0 0 0 0 0 0 15 0 0 0 0 16 0 0 0 1
19 0 0 0 0 0 0 0 0 0 14 0 0 0 0 0 0 0 0 0 0 0 0 0 0 0 9 0 0 0 5 0 0 0 14 0 0 0 0 12 0 0 0 0 4 0 18 0 0 6
0 0 0 0 0 8 0 12 0 0 14 0 15 16 8 0 0 0 0 0 0 0 0 1 0 0 0 0 0 0 0 0 0 2 0 10 0 0 0 11 3 0 0 0 17 0 15 0 7 0
3 8 0 0 0 0 15 0 0 8 5 0 1 2 0 0 6 0 0 0 0 5 0 0 0 0 0 0 0 0 0 12 0 0 12 0 0 0 0 0 18 0 18 0 0 4 0 18 0 0
1 0 7 0 0 0 0 0 0 16 7 0 0 2 0 10 0 0 0 0 5 0 0 19 0 0 10 0 0 0 0 19 17 0 15 19 0 0 0 1 0 0 0 0 0 8 0 0 7 0
0 0 0 5 0 0 0 0 0 0 0 0 0 0 16 19 17 11 0 0 0 0 0 0 0 0 6 0 6 0 0 0 0 0 0 0 0 0 8 15 17 0 19 0 0 0 0 1 6 0
0 0 6 0 0 5 0 0 0 0 0 0 0 0 5 0 0 0 0 1 0 19 0 0 2 0 0 10 2 0 0 17 0 0 0 0 0 0 4 0 0 0 0 0 0 11 0 0 0 2
0 0 0 0 18 0 0 0 0 0 0 0 0 0 0 15 0 0 0 0 0 0 0 2 0 16 0 0 0 0 0 0 0 0 0 13 0 16 0 1 0 9 8 0 0 0 10 0 0 15
17 0 5 0 13 0 0 0 0 0 8 9 0 0 0 0 0 3 0 0 0 0 0 0 16 0 0 0 7 0 14 0 6 0 0 0 13 0 0 0 0 0 0 16 0 0 0 0 0 6
0 0 1 11 0 0 0 0 3 0 0 0 0 0 18 0 0 7 9 0 0 10 6 0 0 0 0 0 6 0 0 0 8 0 0 0 0 0 0 0 0 0 0 17 10 10 0 0 0 0
0 10 0 0 0 0 1 0 0 0 0 0 12 0 0 0 0 0 0 0 0 0 0 10 0 0 0 0 0 0 16 0 0 13 0 0 5 0 13 0 9 0 5 11 0 0 0 0 0 0
0 0 0 0 0 4 1 0 10 0 4 0 7 0 0 0 0 0 0 0 0 0 6 2 0 7 6 0 0 2 0 18 0 0 6 0 5 0 0 5 13 0 2 15 10 13 0 0 0 0
0 0 0 0 0 8 0 0 0 11 0 0 8 0 1 0 0 0 0 0 0 0 0 0 0 0 0 0 2 0 11 0 0 9 0 9 0 0 0 9 0 12 12 0 0 16 18 0 0 0
0 8 0 0 8 0 0 2 0 0 0 4 0 0 0 0 19 9 5 0 0 0 0 0 0 14 0 16 0 11 0 0 0 0 1 17 16 0 0 0 0 0 0 7 0 6 0 0 0 0
0 0 0 0 8 0 9 15 0 14 0 0 6 0 0 13 0 0 0 0 12 19 0 17 0 0 0 0 18 0 0 0 19 0 0 0 16 0 0 14 0 0 0 0 0 0 0 14 0 0
0 0 7 1 0 0 0 0 0 0 0 0 13 0 0 0 0 0 0 0 0 17 0 0 0 6 8 0 0 0 0 19 0 0 3 0 11 0 0 19 8 15 0 0 9 0 0 0 0 0
0 0 0 0 2 6 0 19 0 0 13 0 0 0 0 0 7 11 0 2 0 0 0 0 0 0 0 13 0 9 0 0 0 0 0 0 0 1 7 0 0 0 0 0 8 9 0 0 16 0
0 0 15 0 0 0 0 0 8 13 0 0 0 0 0 15 0 0 14 0 12 15 0 0 0 0 0 0 6 0 1 0 3 0 0 0 0 0 0 0 0 0 0 0 0 0 0 10 0 0
0 0 0 19 2 0 0 0 6 8 0 0 0 0 4 0 0 0 0 10 0 19 0 0 13 0 0 0 0 9 17 0 0 0 0 0 0 0 17 0 8 0 0 0 0 0 0 2 16 0
19 0 0 0 7 0 0 0 15 2 0 4 3 17 0 0 13 0 0 0 0 0 0 0 0 13 0 5 5 0 16 16 11 0 0 0 0 0 0 0 0 10 0 0 10 0 0 0 8 0
0 3 0 0 0 0 0 0 0 0 15 0 0 0 0 0 0 0 0 0 0 0 0 0 16 0 0 0 0 0 0 0 0 1 0 0 0 0 0 0 0 0 7 9 5 17 6 0 0 0
0 0 5 0 5 15 0 13 0 0 0 0 0 16 0 0 9 0 0 0 0 0 8 4 0 0 0 13 0 0 0 0 0 7 0 17 0 0 0 3 0 10 0 0 2 0 0 0 16 0
0 8 0 0 0 0 0 0 0 0 4 0 0 0 0 5 16 0 12 11 0 1 15 0 1 0 0 0 5 9 0 14 19 0 0 0 0 0 3 0 0 0 0 0 0 0 0 16 3 0
0 8 0 0 0 0 0 0 0 0 0 0 0 0 12 0 0 15 0 3 18 0 17 0 0 0 0 9 13 0 0 0 8 0 0 8 0 0 0 0 0 0 5 12 10 7 15 0 0 0
0 0 7 0 3 0 0 6 0 0 0 0 3 0 0 0 13 0 0 0 0 0 0 0 9 0 0 0 0 12 0 0 15 0 0 0 10 0 10 0 0 0 9 0 15 8 0 0 14 0
11 0 0 0 0 0 0 0 0 0 0 0 0 0 0 0 0 0 0 0 18 0 19 0 8 0 0 5 2 12 0 0 0 0 0 0 0 7 0 0 5 9 0 10 19 0 0 0 0 0
11 0 1 16 0 17 0 11 17 0 0 7 0 18 0 0 0 0 0 0 0 0 0 0 0 16 17 11 15 0 7 0 0 0 0 0 0 9 0 0 12 0 10 0 7 0 16 0 14 0
0 0 0 17 0 0 7 0 0 0 0 0 0 0 0 0 0 0 4 17 0 0 0 0 0 0 10 0 10 0 0 0 9 8 0 0 10 5 2 0 10 15 19 7 0 0 13 0 0 19
0 0 6 0 3 0 0 0 1 13 0 0 0 0 9 0 0 16 0 0 4 8 0 11 0 0 10 0 13 16 6 0 0 9 0 0 0 17 0 0 7 8 0 0 0 0 0 0 0 0
0 0 0 6 0 0 14 2 13 5 2 0 0 2 0 0 10 0 18 15 0 0 0 0 10 0 0 0 0 18 0 0 0 0 0 0 0 6 0 0 15 0 0 16 13 0 0 0 0 0
0 0 8 0 0 0 4 0 0 0 18 0 0 15 0 0 10 0 0 0 18 0 1 0 0 0 0 0 0 0 0 14 0 0 10 2 0 0 0 16 0 0 0 0 0 0 0 0 8 3
0 0 0 14 0 0 0 0 0 3 0 14 0 0 0 1 0 0 0 7 0 7 6 0 0 0 0 0 0 0 0 0 0 16 0 16 8 0 16 3 0 14 0 14 0 0 0 8 0 0
12 19 0 3 0 0 11 13 16 0 0 9 0 0 0 0 0 1 6 0 0 0 0 2 15 6 0 0 0 0 0 0 0 0 0 0 0 0 0 0 0 0 0 0 19 0 0 3 0 0
