75
75
0 0 0 0 0 6 5 0 11 10 4 5 0 18 0 0 0 0 0 0 0 14 0 7 8 0 0 8 0 0 0 0 0 19 4 0 1 0 3 0 0 0 11 0 0 0 0 0 0 1 8 4 3 0 0 0 8 0 0 6 0 0 0 0 15 0 0 0 3 0 0 0 6 0 0
0 0 0 0 15 13 17 0 0 0 17 0 0 14 5 1 0 0 8 0 0 5 12 0 0 0 2 0 18 0 0 17 0 0 0 18 0 0 0 0 7 0 0 0 0 8 0 1 8 0 0 0 13 3 0 0 0 13 0 0 0 0 0 0 0 0 0 0 0 19 0 0 0 0 0
0 0 0 17 5 0 8 0 0 0 0 0 8 0 11 0 0 9 8 5 0 0 0 5 0 8 0 0 0 0 0 4 0 0 0 0 0 14 0 17 18 0 0 17 0 17 0 0 0 0 0 1 0 0 0 17 14 17 0 0 0 0 0 4 0 0 10 11 0 18 3 0 0 0 18
0 0 17 0 13 0 14 0 0 0 0 0 0 0 0 0 17 0 0 0 0 0 0 0 2 0 0 14 0 0 0 1 0 14 17 0 0 17 0 0 0 19 0 16 0 18 0 0 19 0 4 0 0 10 0 12 5 0 0 0 0 0 0 0 0 0 0 10 0 0 0 0 0 0 0
0 15 5 13 0 0 12 0 0 0 0 0 0 0 0 0 0 0 7 0 0 7 0 0 0 0 0 0 0 0 0 16 0 0 0 0 0 0 3 8 0 0 0 0 11 0 0 0 0 0 0 0 0 6 0 0 3 7 0 0 0 1 0 0 0 0 2 0 0 0 2 0 0 5 0
6 13 0 0 0 0 12 0 0 0 13 0 0 6 0 16 12 0 0 0 0 0 18 0 10 0 5 0 11 5 0 4 0 0 8 0 19 0 0 0 0 0 0 0 13 0 3 0 0 0 0 0 0 0 0 0 0 0 19 0 0 0 0 0 0 15 0 3 4 4 7 0 0 0 0
5 17 8 14 12 12 0 0 0 0 0 4 8 0 0 10 0 0 0 0 0 6 15 10 0 0 0 0 1 0 0 0 0 0 0 0 4 5 0 14 0 0 0 0 5 0 0 0 13 0 0 0 3 0 0 13 0 0 0 0 0 0 0 0 0 3 16 0 5 0 13 0 0 0 8
0 0 0 0 0 0 0 0 3 0 0 0 0 0 6 0 0 0 0 1 0 6 0 0 0 0 0 0 0 0 17 10 0 0 0 6 0 19 1 0 0 0 0 18 2 0 0 0 0 5 4 0 0 11 13 3 0 0 9 0 0 9 0 13 8 6 0 18 6 0 0 10 0 0 16
11 0 0 0 0 0 0 3 0 0 0 0 0 0 0 0 3 0 5 0 0 0 0 18 0 0 0 0 0 0 0 0 0 0 0 0 0 0 0 0 3 9 19 0 17 19 0 0 11 0 0 4 0 0 0 0 0 0 0 13 0 1 0 0 0 6 0 17 0 0 0 0 6 0 0
10 0 0 0 0 0 0 0 0 0 0 0 0 13 15 0 0 0 0 16 0 0 0 0 0 2 0 3 0 0 0 3 0 19 0 3 0 0 18 10 0 11 0 0 1 0 0 0 0 0 0 0 6 0 16 0 3 13 16 2 3 0 0 0 19 0 12 7 0 0 0 17 0 0 0
4 17 0 0 0 13 0 0 0 0 0 0 0 5 7 0 0 0 0 0 0 0 0 7 0 0 0 5 0 1 0 0 0 0 12 0 0 0 0 12 0 0 0 0 0 19 0 0 0 0 0 10 0 18 0 0 3 0 0 19 0 0 0 0 0 0 0 9 2 0 0 0 0 0 0
5 0 0 0 0 0 4 0 0 0 0 0 0 0 0 0 0 0 0 16 19 0 7 18 19 0 0 0 0 0 6 8 0 0 10 0 0 5 0 0 0 0 0 0 0 0 0 0 17 0 0 0 0 2 18 0 9 0 0 0 0 0 1 0 0 0 0 15 0 0 0 0 0 4 0
0 0 8 0 0 0 8 0 0 0 0 0 0 0 0 0 0 0 0 3 0 0 0 0 0 11 5 0 0 0 0 8 0 13 0 0 0 0 0 0 15 0 13 0 0 5 0 0 0 0 0 0 5 12 17 0 7 0 13 0 4 0 4 0 0 0 0 0 0 0 0 0 0 0 2
18 14 0 0 0 6 0 0 0 13 5 0 0 0 0 0 0 0 0 0 12 0 9 0 0 1 0 0 0 0 7 0 0 0 0 16 0 18 0 17 0 0 0 3 2 0 0 0 0 3 14 7 0 0 0 0 0 0 14 0 0 0 16 19 5 0 0 12 4 0 0 0 0 0 7
0 5 11 0 0 0 0 6 0 15 7 0 0 0 0 9 0 0 0 15 18 15 0 3 0 0 0 0 0 0 0 15 0 0 0 0 0 0 2 0 0 11 0 0 4 0 0 2 0 0 0 0 18 4 0 9 0 11 0 3 0 17 7 0 0 0 7 0 0 0 0 0 0 6 0
0 1 0 0 0 16 10 0 0 0 0 0 0 0 9 0 8 0 0 19 8 6 0 0 0 0 0 18 10 0 0 0 0 0 0 0 0 8 12 0 0 0 0 9 0 0 0 0 0 16 13 11 0 0 0 0 0 0 0 7 0 0 4 10 0 0 0 0 8 4 0 0 16 16 0
0 0 0 17 0 12 0 0 3 0 0 0 0 0 0 8 0 0 15 7 12 0 0 0 0 0 0 0 0 1 0 0 5 8 17 17 0 0 0 0 2 0 0 0 0 0 0 6 0 5 0 0 0 14 0 0 0 0 0 0 18 0 1 0 13 7 0 0 0 0 0 8 0 0 3
0 0 9 0 0 0 0 0 0 0 0 0 0 0 0 0 0 0 9 0 4 10 0 18 5 0 0 6 0 0 0 10 0 12 0 0 0 18 0 10 0 0 0 1 0 0 0 0 18 9 0 1 1 0 0 0 0 0 0 0 0 9 0 5 0 6 0 0 0 0 0 0 0 0 0
0 8 8 0 7 0 0 0 5 0 0 0 0 0 0 0 15 9 0 0 0 0 0 0 0 0 0 3 0 17 0 4 0 16 1 0 0 0 0 0 3 0 15 6 0 0 0 0 0 0 0 0 0 0 11 0 0 0 0 11 0 12 0 0 0 1 0 0 0 11 10 0 0 0 0
0 0 5 0 0 0 0 1 0 16 0 16 3 0 15 19 7 0 0 0 0 9 0 15 4 0 0 0 0 0 0 0 14 0 0 12 2 0 2 0 0 0 0 0 0 8 15 0 0 0 0 0 10 0 0 0 0 3 0 0 0 0 0 0 17 0 0 0 0 0 0 8 0 16 0
0 0 0 0 0 0 0 0 0 0 0 19 0 12 18 8 12 4 0 0 0 0 0 0 0 0 0 0 0 0 0 0 0 7 0 4 0 13 0 2 0 18 0 0 0 0 2 0 0 0 0 6 6 19 0 10 16 0 9 0 0 0 0 6 0 0 0 11 0 0 0 0 0 15 0
14 5 0 0 7 0 6 6 0 0 0 0 0 0 15 6 0 10 0 9 0 0 0 0 0 0 0 0 6 0 0 0 0 9 0 0 0 0 0 6 0 0 0 0 0 0 0 0 0 0 2 4 0 0 2 0 0 0 0 0 3 0 0 0 0 0 0 0 0 0 0 4 0 0 0
0 12 0 0 0 18 15 0 0 0 0 7 0 9 0 0 0 0 0 0 0 0 0 0 15 0 14 0 0 0 0 0 4 0 0 0 0 0 0 0 0 0 0 0 0 1 0 0 0 0 0 5 5 0 0 17 0 0 0 0 0 0 0 18 0 2 0 0 0 0 6 0 0 0 15
7 0 5 0 0 0 10 0 18 0 7 18 0 0 3 0 0 18 0 15 0 0 0 0 17 0 7 14 0 0 0 0 0 11 17 3 0 0 16 0 17 6 11 0 13 0 0 0 8 0 4 0 0 0 0 0 18 16 7 0 0 0 0 0 0 0 0 0 6 0 0 0 0 0 0
8 0 0 2 0 10 0 0 0 0 0 19 0 0 0 0 0 5 0 4 0 0 15 17 0 0 11 0 9 16 0 0 18 9 0 0 0 0 8 9 5 0 14 0 14 0 0 0 0 0 15 0 0 0 0 0 2 0 0 7 15 8 0 7 0 0 0 0 0 0 0 0 0 17 0
0 0 8 0 0 0 0 0 0 2 0 0 11 1 0 0 0 0 0 0 0 0 0 0 0 0 0 4 0 0 9 0 0 12 0 0 0 0 3 11 0 1 0 7 3 0 0 0 0 12 0 0 0 2 0 0 0 15 8 0 0 0 0 0 0 0 0 0 18 0 0 0 0 0 0
0 2 0 0 0 5 0 0 0 0 0 0 5 0 0 0 0 0 0 0 0 0 14 7 11 0 0 0 2 0 0 0 18 0 0 0 0 0 0 17 0 0 0 0 0 0 0 11 17 0 0 19 0 0 9 9 12 0 0 0 0 0 0 0 8 0 8 0 0 10 0 0 0 3 0
8 0 0 14 0 0 0 0 0 3 5 0 0 0 0 18 0 6 3 0 0 0 0 14 0 4 0 0 0 3 18 0 12 8 0 0 3 0 0 18 14 0 4 0 0 7 14 0 6 13 14 0 0 0 0 0 0 11 5 5 7 14 0 0 0 0 0 0 0 0 0 10 0 0 0
0 18 0 0 0 11 1 0 0 0 0 0 0 0 0 10 0 0 0 0 0 6 0 0 9 0 2 0 0 8 0 0 0 0 0 0 0 0 0 0 0 0 11 0 7 0 7 0 0 0 0 0 14 0 0 4 17 0 19 15 0 0 0 2 0 0 0 0 0 0 0 0 13 0 0
0 0 0 0 0 5 0 0 0 0 1 0 0 0 0 0 1 0 17 0 0 0 0 0 16 0 0 3 8 0 8 0 10 0 0 13 9 0 0 0 0 0 0 0 0 8 0 0 0 0 5 8 0 0 0 4 0 0 0 1 0 9 0 0 0 0 0 0 0 14 14 0 0 0 0
0 0 0 0 0 0 0 17 0 0 0 6 0 7 0 0 0 0 0 0 0 0 0 0 0 9 0 18 0 8 0 0 14 14 18 0 0 0 0 0 0 0 0 0 0 0 0 0 0 0 16 8 7 0 0 0 0 2 0 13 0 0 0 0 0 0 0 0 0 0 0 0 0 4 13
0 17 4 1 16 4 0 10 0 3 0 8 8 0 15 0 0 10 4 0 0 0 0 0 0 0 0 0 0 0 0 0 3 13 0 0 0 0 0 0 0 0 0 0 0 0 16 0 0 0 0 4 19 0 19 0 0 0 0 11 0 0 16 0 0 18 0 0 0 2 0 17 0 0 0
0 0 0 0 0 0 0 0 0 0 0 0 0 0 0 0 5 0 0 14 0 0 4 0 18 0 18 12 0 10 14 3 0 0 0 0 0 0 0 0 0 0 12 10 0 0 13 0 0 8 0 16 0 4 0 0 0 0 0 0 0 12 2 16 14 0 0 0 3 11 0 0 0 0 0
19 0 0 14 0 0 0 0 0 19 0 0 13 0 0 0 8 12 16 0 7 9 0 11 9 12 0 8 0 0 14 13 0 0 0 0 1 0 0 0 0 0 4 0 12 0 0 0 0 0 0 0 0 0 0 0 0 12 18 0 0 2 0 0 0 0 14 12 0 0 14 0 1 0 0
4 0 0 17 0 8 0 0 0 0 12 10 0 0 0 0 17 0 1 0 0 0 0 17 0 0 0 0 0 0 18 0 0 0 0 0 0 0 0 19 8 0 0 0 0 0 0 0 0 1 0 0 9 0 0 2 12 0 0 0 0 14 0 0 0 14 0 0 0 15 0 0 0 0 0
0 18 0 0 0 0 0 6 0 3 0 0 0 16 0 0 17 0 0 12 4 0 0 3 0 0 0 0 0 13 0 0 0 0 0 0 0 0 18 0 14 0 0 0 17 0 0 11 19 0 0 1 0 10 0 0 0 0 0 0 0 0 0 0 8 0 0 5 0 0 0 0 0 0 0
1 0 0 0 0 19 4 0 0 0 0 0 0 0 0 0 0 0 0 2 0 0 0 0 0 0 0 3 0 9 0 0 0 1 0 0 0 10 0 0 0 0 0 0 17 0 5 0 7 0 0 0 0 0 2 0 0 0 19 0 16 0 0 10 7 0 0 16 0 0 0 0 11 14 0
0 0 14 17 0 0 5 19 0 0 0 5 0 18 0 8 0 18 0 0 13 0 0 0 0 0 0 0 0 0 0 0 0 0 0 0 10 0 3 14 0 0 0 0 0 0 0 0 0 10 0 0 0 0 0 17 0 0 0 0 0 0 0 0 9 9 0 12 0 0 0 9 0 0 0
3 0 0 0 3 0 0 1 0 18 0 0 0 0 2 12 0 0 0 2 0 0 0 16 8 3 0 0 0 0 0 0 0 0 0 18 0 3 0 0 0 0 2 0 0 13 0 0 0 0 6 8 0 10 14 2 10 0 0 0 15 0 0 0 0 0 0 14 0 0 0 0 0 0 0
0 0 17 0 8 0 14 0 0 10 12 0 0 17 0 0 0 10 0 0 2 6 0 0 9 11 17 18 0 0 0 0 0 0 19 0 0 14 0 0 0 0 13 0 0 0 0 0 6 0 0 0 16 14 7 0 0 0 0 1 16 0 0 0 0 0 4 8 7 0 0 0 0 0 12
0 7 18 0 0 0 0 0 3 0 0 0 15 0 0 0 2 0 3 0 0 0 0 17 5 0 0 14 0 0 0 0 0 0 8 14 0 0 0 0 0 0 18 0 6 0 14 9 16 3 0 0 19 0 0 2 17 0 0 17 0 0 0 9 17 0 18 7 0 0 3 0 0 0 2
0 0 0 19 0 0 0 0 9 11 0 0 0 0 11 0 0 0 0 0 18 0 0 6 0 1 0 0 0 0 0 0 0 0 0 0 0 0 0 0 0 0 0 0 5 11 0 0 0 0 0 0 0 2 0 0 0 0 0 0 0 9 0 4 0 2 9 0 15 0 0 6 0 0 5
11 0 0 0 0 0 0 0 19 0 0 0 13 0 0 0 0 0 15 0 0 0 0 11 14 0 0 4 11 0 0 0 12 4 0 0 0 0 2 13 18 0 0 0 5 6 0 0 0 7 0 0 0 0 1 0 0 0 0 0 0 0 0 0 12 0 10 0 0 0 11 0 0 4 3
0 0 17 16 0 0 0 18 0 0 0 0 0 3 0 9 0 1 6 0 0 0 0 0 0 7 0 0 0 0 0 0 10 0 0 0 0 0 0 0 0 0 0 0 0 0 0 0 1 0 0 0 0 0 0 9 2 14 0 0 11 0 0 0 0 0 0 4 0 0 0 0 5 0 0
0 0 0 0 11 13 5 2 17 1 0 0 0 2 4 0 0 0 0 0 0 0 0 13 14 3 0 0 7 0 0 0 0 12 0 17 17 0 0 0 6 5 5 0 0 11 0 0 0 0 0 0 0 8 0 0 15 0 0 0 0 0 11 14 0 16 0 13 0 6 0 0 0 0 0
0 8 17 18 0 0 0 0 19 0 19 0 5 0 0 0 0 0 0 8 0 0 1 0 0 0 0 7 0 8 0 0 0 0 0 0 0 0 13 0 0 11 6 0 11 0 0 0 0 0 0 13 0 0 0 7 0 15 0 0 11 0 0 0 0 0 0 0 0 0 2 0 0 4 0
0 0 0 0 0 3 0 0 0 0 0 0 0 0 0 0 0 0 0 15 2 0 0 0 0 0 0 14 7 0 0 16 13 0 0 0 5 0 0 0 14 0 0 0 0 0 0 0 0 0 0 7 0 0 0 0 0 0 0 14 0 0 0 0 0 0 5 5 0 0 16 0 6 0 0
0 1 0 0 0 0 0 0 0 0 0 0 0 0 2 0 6 0 0 0 0 0 0 0 0 0 11 0 0 0 0 0 0 0 0 11 0 0 0 0 9 0 0 0 0 0 0 0 7 0 0 0 0 10 0 7 8 17 0 13 0 0 0 0 13 14 0 0 17 0 6 0 16 13 0
0 8 0 19 0 0 13 0 11 0 0 17 0 0 0 0 0 18 0 0 0 0 0 8 0 0 17 6 0 0 0 0 0 0 0 19 7 0 0 6 16 0 0 1 0 0 0 7 0 0 0 11 0 0 6 0 0 16 16 0 0 0 0 0 17 0 0 0 0 6 5 15 0 0 5
1 0 0 0 0 0 0 5 0 0 0 0 0 3 0 16 5 9 0 0 0 0 0 0 0 12 0 13 0 0 0 0 8 0 1 0 0 10 0 0 3 0 7 0 0 0 0 0 0 0 0 0 0 0 0 0 0 0 4 0 0 0 0 0 0 0 0 4 0 5 19 0 0 0 9
8 0 0 4 0 0 0 4 0 0 0 0 0 14 0 13 0 0 0 0 0 2 0 4 15 0 0 14 0 5 16 0 0 0 0 0 0 0 6 0 0 0 0 0 0 0 0 0 0 0 0 1 0 0 19 7 0 0 0 0 0 1 0 5 16 18 0 0 0 0 0 0 0 0 14
4 0 1 0 0 0 0 0 4 0 10 0 0 7 0 11 0 1 0 0 6 4 5 0 0 0 19 0 0 8 8 4 16 0 0 1 0 0 8 0 0 0 0 0 0 13 7 0 11 0 1 0 0 0 0 9 0 7 0 0 0 15 14 14 14 10 0 0 0 17 0 0 0 0 0
3 13 0 0 0 0 3 0 0 6 0 0 5 0 18 0 0 1 0 10 6 0 5 0 0 0 0 0 14 0 7 19 0 0 9 0 0 0 0 16 19 0 0 0 0 0 0 0 0 0 0 0 0 3 0 0 0 0 0 0 0 0 0 2 0 12 1 0 0 0 0 13 0 0 0
0 3 0 10 6 0 0 11 0 0 18 2 12 0 4 0 14 0 0 0 19 0 0 0 0 2 0 0 0 0 0 0 4 0 0 10 0 0 10 14 0 2 0 0 8 0 0 10 0 0 0 0 3 0 0 0 9 10 0 0 0 0 0 8 16 11 0 4 0 12 0 0 5 0 0
0 0 0 0 0 0 0 13 0 16 0 18 17 0 0 0 0 0 11 0 0 2 0 0 0 0 9 0 0 0 0 19 0 0 0 0 2 0 14 7 0 0 1 0 0 0 0 0 6 0 19 0 0 0 0 0 19 0 18 13 10 14 8 0 0 3 12 7 0 4 0 0 0 6 0
0 0 17 12 0 0 13 3 0 0 0 0 0 0 9 0 0 0 0 0 10 0 17 0 0 0 9 0 4 4 0 0 0 0 2 0 0 17 2 0 2 0 0 9 0 7 0 7 0 0 7 9 0 0 0 0 0 0 12 0 0 0 1 7 0 16 0 0 18 0 0 0 0 0 0
8 0 14 5 3 0 0 0 0 3 3 9 7 0 0 0 0 0 0 0 16 0 0 18 2 0 12 0 17 0 0 0 0 0 12 0 0 0 10 0 17 0 0 2 15 0 0 8 0 0 0 0 0 9 19 0 0 0 0 0 0 13 0 0 18 0 0 18 0 0 3 0 0 0 9
0 13 17 0 7 0 0 0 0 13 0 0 0 0 11 0 0 0 0 3 0 0 0 16 0 15 0 11 0 0 2 0 0 12 0 0 0 0 0 0 0 0 0 14 0 15 0 17 16 0 0 7 0 10 0 0 0 0 18 0 0 0 11 0 0 0 0 18 0 0 0 0 0 0 0
0 0 0 0 0 19 0 9 0 16 0 0 13 14 0 0 0 0 0 0 9 0 0 7 0 8 0 5 19 0 0 0 0 18 0 0 19 0 0 0 0 0 0 0 0 0 0 0 16 4 0 0 0 0 18 12 0 18 0 12 0 0 0 0 0 0 13 0 0 0 12 0 0 0 0
6 0 0 0 0 0 0 0 13 2 19 0 0 0 3 7 0 0 11 0 0 0 0 0 7 0 0 5 15 1 13 11 0 0 0 0 0 0 0 1 17 0 0 0 0 0 14 13 0 0 0 0 0 0 13 0 0 0 12 0 0 4 0 0 16 0 0 0 1 0 17 0 0 0 0
0 0 0 0 0 0 0 0 0 3 0 0 4 0 0 0 18 0 0 0 0 3 0 0 15 0 0 7 0 0 0 0 0 0 0 0 16 0 15 16 0 0 0 11 0 11 0 0 0 0 0 0 0 0 10 0 0 0 0 0 0 17 0 5 0 0 0 4 0 15 14 0 0 18 0
0 0 0 0 1 0 0 9 1 0 0 0 0 0 17 0 0 9 12 0 0 0 0 0 8 0 0 14 0 9 0 0 12 2 14 0 0 0 0 0 0 9 0 0 0 0 0 0 0 0 1 15 0 0 14 0 13 0 0 4 17 0 0 15 0 0 0 3 0 0 0 0 14 0 16
0 0 0 0 0 0 0 0 0 0 0 1 4 16 7 4 1 0 0 0 0 0 0 0 0 0 0 0 0 0 0 16 2 0 0 0 0 0 0 0 0 0 0 0 11 0 0 0 0 0 0 14 0 0 8 1 0 11 0 0 0 0 0 0 0 0 0 3 4 0 1 0 18 0 0
0 0 4 0 0 0 0 13 0 0 0 0 0 19 0 10 0 5 0 0 6 0 18 0 7 0 0 0 2 0 0 0 16 0 0 0 10 0 0 0 9 4 0 0 14 0 0 0 0 0 5 14 2 8 0 7 0 0 0 0 5 15 0 0 0 0 13 0 18 12 0 11 19 3 0
15 0 0 0 0 0 0 8 0 19 0 0 0 5 0 0 13 0 0 17 0 0 0 0 0 0 8 0 0 0 0 0 14 0 0 8 7 9 0 0 17 0 12 0 0 0 0 13 17 0 16 14 0 16 0 0 18 0 0 16 0 0 0 0 0 0 0 0 9 11 0 6 0 0 0
0 0 0 0 0 15 3 6 6 0 0 0 0 0 0 0 7 6 1 0 0 0 2 0 0 0 0 0 0 0 0 18 0 0 14 0 0 9 0 0 0 2 0 0 16 0 0 14 0 0 18 10 12 11 3 16 0 0 0 0 0 0 0 0 0 0 0 14 0 0 0 9 0 15 0
0 0 10 0 2 0 16 0 0 12 0 0 0 0 7 0 0 0 0 0 0 0 0 0 0 0 8 0 0 0 0 0 0 14 0 0 0 0 0 4 18 9 10 0 0 0 5 0 0 0 0 0 1 0 12 0 0 0 13 0 0 0 0 13 0 0 0 0 6 0 0 0 0 0 0
0 0 11 10 0 3 0 18 17 7 9 15 0 12 0 0 0 0 0 0 11 0 0 0 0 0 0 0 0 0 0 0 0 12 0 5 16 12 14 8 7 0 0 4 13 0 5 0 0 4 0 0 0 4 7 0 18 18 0 0 4 3 3 0 0 14 0 0 9 0 0 0 14 0 0
3 0 0 0 0 4 5 6 0 0 2 0 0 4 0 8 0 0 0 0 0 0 0 6 0 18 0 0 0 0 0 0 3 0 0 0 0 0 0 7 0 15 0 0 0 0 0 17 0 0 0 0 0 0 0 18 0 0 0 1 0 0 4 18 9 0 6 9 0 0 0 0 12 0 0
0 19 18 0 0 4 0 0 0 0 0 0 0 0 0 4 0 0 11 0 0 0 0 0 0 0 10 0 0 14 0 2 11 0 15 0 0 0 0 0 0 0 0 0 6 0 0 0 6 5 0 17 0 12 4 0 0 0 0 0 15 0 0 12 11 0 0 0 0 0 0 0 17 0 0
0 0 3 0 2 7 13 0 0 0 0 0 0 0 0 0 0 0 10 0 0 0 6 0 0 0 0 0 0 14 0 0 0 14 0 0 0 0 0 0 3 0 11 0 0 2 16 6 5 19 0 0 0 0 0 0 3 0 12 17 14 0 1 0 0 0 0 0 0 0 0 0 0 4 0
0 0 0 0 0 0 0 10 0 17 0 0 0 0 0 0 8 0 0 8 0 4 0 0 0 0 0 10 0 0 0 17 0 0 0 0 0 9 0 0 0 6 0 0 0 0 0 0 15 0 0 0 13 0 0 0 0 0 0 0 0 0 0 11 6 9 0 0 0 0 0 0 19 9 0
6 0 0 0 0 0 0 0 6 0 0 0 0 0 0 16 0 0 0 0 0 0 0 0 0 0 0 0 13 0 0 0 0 1 0 0 11 0 0 0 0 0 0 5 0 0 6 16 0 0 0 0 0 5 0 0 0 0 0 0 0 14 18 19 0 0 0 14 12 17 0 19 0 0 0
0 0 0 0 5 0 0 0 0 0 0 4 0 0 6 16 0 0 0 16 15 0 0 0 17 0 3 0 0 0 4 0 0 0 0 0 14 0 0 0 0 0 4 0 0 4 0 13 0 0 0 0 0 0 6 0 0 0 0 0 18 0 0 3 0 15 0 0 0 0 4 9 0 0 0
0 0 18 0 0 0 8 16 0 0 0 0 2 7 0 0 3 0 0 0 0 0 15 0 0 0 0 0 0 0 13 0 0 0 0 0 0 0 0 12 2 5 3 0 0 0 0 0 5 9 14 0 0 0 0 0 9 0 0 0 0 16 0 0 0 0 0 0 0 0 0 0 0 0 0
