50
50
0 4 0 0 6 0 7 0 1 0 9 0 6 0 9 0 0 0 0 0 0 0 10 3 0 0 0 8 0 0 0 0 14 0 0 0 0 0 0 0 6 3 6 0 0 0 0 0 0 0
4 0 0 0 0 2 0 0 0 0 16 0 0 0 8 16 0 0 11 0 0 2 0 5 0 0 0 0 0 0 8 0 0 0 18 0 0 7 0 0 1 0 0 0 0 0 0 7 0 0
0 0 0 0 0 0 0 0 16 5 0 0 0 0 0 4 0 0 5 0 0 0 0 0 0 0 0 0 0 19 0 12 0 0 0 19 0 0 3 19 0 0 0 0 0 0 13 0 0 0
0 0 0 0 0 12 0 0 0 0 0 0 0 0 0 0 17 0 10 0 0 0 0 14 0 0 19 0 0 19 0 0 0 0 2 0 0 3 0 0 0 17 0 0 4 8 0 17 0 0
6 0 0 0 0 0 11 0 10 0 6 4 0 0 0 0 0 0 0 13 0 5 0 0 6 11 0 0 0 0 5 0 0 0 0 0 0 0 0 0 19 10 0 19 0 6 0 0 0 0
0 2 0 12 0 0 0 8 0 6 4 16 8 0 0 0 0 11 0 0 0 0 0 0 0 17 0 0 0 0 0 0 1 12 0 0 0 0 0 0 0 15 0 0 9 0 0 0 19 0
7 0 0 0 11 0 0 18 0 0 17 0 0 10 0 3 0 0 4 0 0 0 1 0 0 0 13 0 0 0 0 0 0 2 0 0 0 0 0 15 0 0 3 0 0 0 0 4 10 12
0 0 0 0 0 8 18 0 0 12 0 0 0 0 0 16 0 0 0 0 0 2 0 0 0 0 0 12 17 0 0 14 0 16 0 14 4 0 0 7 0 4 0 0 19 1 0 0 0 0
1 0 16 0 10 0 0 0 0 0 0 0 2 0 0 0 0 0 0 0 0 0 0 0 0 0 6 0 11 0 0 0 0 3 0 16 14 0 4 0 5 0 0 0 0 16 0 0 0 0
0 0 5 0 0 6 0 12 0 0 0 0 0 0 3 0 19 6 0 19 0 0 0 2 0 0 0 4 0 0 8 1 0 9 7 5 0 11 2 3 0 0 0 0 0 0 5 0 0 0
9 16 0 0 6 4 17 0 0 0 0 0 0 0 0 0 0 0 14 0 0 0 0 0 0 10 0 0 0 0 0 0 16 19 0 15 0 2 0 18 0 0 1 0 17 0 0 0 4 13
0 0 0 0 4 16 0 0 0 0 0 0 14 0 4 0 14 0 10 0 16 11 0 0 7 0 0 0 0 13 0 0 0 8 2 9 9 11 0 17 0 0 0 13 17 11 0 0 0 0
6 0 0 0 0 8 0 0 2 0 0 14 0 0 0 0 0 0 19 0 0 0 14 0 0 0 0 0 0 0 0 0 0 0 0 0 0 0 0 0 0 0 0 0 0 0 0 0 0 0
0 0 0 0 0 0 10 0 0 0 0 0 0 0 0 0 0 0 0 0 0 0 5 8 0 0 0 0 0 18 0 0 2 7 10 9 0 0 0 0 0 0 0 0 10 0 0 17 0 0
9 8 0 0 0 0 0 0 0 3 0 4 0 0 0 8 0 0 5 13 13 0 12 9 0 0 0 0 4 12 0 0 4 0 15 0 0 16 0 0 0 0 0 0 0 0 0 0 11 0
0 16 4 0 0 0 3 16 0 0 0 0 0 0 8 0 0 19 0 0 2 18 6 0 18 0 17 3 0 0 4 0 0 0 17 0 18 6 19 0 0 0 4 0 0 10 0 0 0 0
0 0 0 17 0 0 0 0 0 19 0 14 0 0 0 0 0 16 0 1 2 0 0 0 0 0 0 5 0 0 3 0 0 17 0 0 11 0 0 6 0 0 5 18 0 0 0 0 0 0
0 0 0 0 0 11 0 0 0 6 0 0 0 0 0 19 16 0 0 0 0 0 0 0 0 0 0 0 0 0 17 4 0 0 0 0 0 13 13 5 0 0 17 0 3 0 1 5 0 0
0 11 5 10 0 0 4 0 0 0 14 10 19 0 5 0 0 0 0 0 0 10 0 0 0 0 0 0 19 0 0 0 0 18 0 0 5 0 0 1 0 0 0 7 3 0 0 0 17 17
0 0 0 0 13 0 0 0 0 19 0 0 0 0 13 0 1 0 0 0 0 0 0 0 15 0 0 0 0 3 0 0 0 8 0 0 0 1 0 0 0 0 13 12 0 2 13 18 0 3
0 0 0 0 0 0 0 0 0 0 0 16 0 0 13 2 2 0 0 0 0 0 0 17 18 0 0 12 3 0 0 0 0 0 15 0 7 0 0 0 0 0 0 0 0 0 0 0 0 0
0 2 0 0 5 0 0 2 0 0 0 11 0 0 0 18 0 0 10 0 0 0 0 0 0 10 9 0 5 0 0 11 0 0 6 0 0 0 6 0 0 0 0 0 9 0 0 0 14 0
10 0 0 0 0 0 1 0 0 0 0 0 14 5 12 6 0 0 0 0 0 0 0 0 0 17 0 0 0 0 0 0 9 18 8 16 0 0 0 0 0 19 0 0 0 18 0 7 0 0
3 5 0 14 0 0 0 0 0 2 0 0 0 8 9 0 0 0 0 0 17 0 0 0 0 0 0 0 0 0 0 1 0 0 2 0 0 0 0 4 4 4 0 0 0 0 0 13 19 0
0 0 0 0 6 0 0 0 0 0 0 7 0 0 0 18 0 0 0 15 18 0 0 0 0 0 0 2 4 0 9 0 3 0 0 0 0 2 8 1 0 0 10 0 0 0 4 0 10 16
0 0 0 0 11 17 0 0 0 0 10 0 0 0 0 0 0 0 0 0 0 10 17 0 0 0 0 0 0 0 18 0 0 3 0 10 0 0 0 16 0 0 0 17 0 0 3 0 0 0
0 0 0 19 0 0 13 0 6 0 0 0 0 0 0 17 0 0 0 0 0 9 0 0 0 0 0 0 0 0 5 0 0 6 0 15 0 0 0 0 0 0 0 10 12 2 14 0 0 0
8 0 0 0 0 0 0 12 0 4 0 0 0 0 0 3 5 0 0 0 12 0 0 0 2 0 0 0 0 0 0 9 0 0 15 5 11 0 0 0 0 18 0 0 7 11 0 0 0 0
0 0 0 0 0 0 0 17 11 0 0 0 0 0 4 0 0 0 19 0 3 5 0 0 4 0 0 0 0 0 0 0 0 0 0 0 0 0 0 0 0 0 18 7 0 0 5 8 0 0
0 0 19 19 0 0 0 0 0 0 0 13 0 18 12 0 0 0 0 3 0 0 0 0 0 0 0 0 0 0 0 0 0 18 0 0 13 0 0 4 0 0 12 0 0 8 0 16 0 14
0 8 0 0 5 0 0 0 0 8 0 0 0 0 0 4 3 17 0 0 0 0 0 0 9 18 5 0 0 0 0 18 0 19 6 0 0 0 0 0 0 0 0 18 0 0 10 0 0 0
0 0 12 0 0 0 0 14 0 1 0 0 0 0 0 0 0 4 0 0 0 11 0 1 0 0 0 9 0 0 18 0 0 0 0 0 8 0 0 9 0 4 0 0 0 1 15 0 0 0
14 0 0 0 0 1 0 0 0 0 16 0 0 2 4 0 0 0 0 0 0 0 9 0 3 0 0 0 0 0 0 0 0 0 0 5 0 0 0 0 0 0 0 0 0 13 6 10 0 16
0 0 0 0 0 12 2 16 3 9 19 8 0 7 0 0 17 0 18 8 0 0 18 0 0 3 6 0 0 18 19 0 0 0 0 13 0 15 0 0 12 0 12 14 0 0 1 0 0 0
0 18 0 2 0 0 0 0 0 7 0 2 0 10 15 17 0 0 0 0 15 6 8 2 0 0 0 15 0 0 6 0 0 0 0 0 0 0 12 0 0 0 0 0 0 0 15 0 0 14
0 0 19 0 0 0 0 14 16 5 15 9 0 9 0 0 0 0 0 0 0 0 16 0 0 10 15 5 0 0 0 0 5 13 0 0 4 0 0 0 0 0 13 0 0 0 0 0 16 0
0 0 0 0 0 0 0 4 14 0 0 9 0 0 0 18 11 0 5 0 7 0 0 0 0 0 0 11 0 13 0 8 0 0 0 4 0 0 0 0 17 0 0 0 0 0 0 17 0 0
0 7 0 3 0 0 0 0 0 11 2 11 0 0 16 6 0 13 0 1 0 0 0 0 2 0 0 0 0 0 0 0 0 15 0 0 0 0 0 0 0 0 0 0 0 0 0 2 0 0
0 0 3 0 0 0 0 0 4 2 0 0 0 0 0 19 0 13 0 0 0 6 0 0 8 0 0 0 0 0 0 0 0 0 12 0 0 0 0 0 0 0 0 17 16 10 11 0 0 12
0 0 19 0 0 0 15 7 0 3 18 17 0 0 0 0 6 5 1 0 0 0 0 4 1 16 0 0 0 4 0 9 0 0 0 0 0 0 0 0 16 8 0 3 0 13 0 0 0 0
6 1 0 0 19 0 0 0 5 0 0 0 0 0 0 0 0 0 0 0 0 0 0 4 0 0 0 0 0 0 0 0 0 12 0 0 17 0 0 16 0 0 0 0 13 15 2 0 0 0
3 0 0 17 10 15 0 4 0 0 0 0 0 0 0 0 0 0 0 0 0 0 19 4 0 0 0 18 0 0 0 4 0 0 0 0 0 0 0 8 0 0 3 0 0 0 12 17 18 7
6 0 0 0 0 0 3 0 0 0 1 0 0 0 0 4 5 17 0 13 0 0 0 0 10 0 0 0 18 12 0 0 0 12 0 13 0 0 0 0 0 3 0 0 0 0 0 0 0 0
0 0 0 0 19 0 0 0 0 0 0 13 0 0 0 0 18 0 7 12 0 0 0 0 0 17 10 0 7 0 18 0 0 14 0 0 0 0 17 3 0 0 0 0 0 0 0 0 0 1
0 0 0 4 0 9 0 19 0 0 17 17 0 10 0 0 0 3 3 0 0 9 0 0 0 0 12 7 0 0 0 0 0 0 0 0 0 0 16 0 13 0 0 0 0 6 0 0 0 0
0 0 0 8 6 0 0 1 16 0 0 11 0 0 0 10 0 0 0 2 0 0 18 0 0 0 2 11 0 8 0 1 13 0 0 0 0 0 10 13 15 0 0 0 6 0 17 0 4 0
0 0 13 0 0 0 0 0 0 5 0 0 0 0 0 0 0 1 0 13 0 0 0 0 4 3 14 0 5 0 10 15 6 1 15 0 0 0 11 0 2 12 0 0 0 17 0 19 17 0
0 7 0 17 0 0 4 0 0 0 0 0 0 17 0 0 0 5 0 18 0 0 7 13 0 0 0 0 8 16 0 0 10 0 0 0 17 2 0 0 0 17 0 0 0 0 19 0 0 0
0 0 0 0 0 19 10 0 0 0 4 0 0 0 11 0 0 0 17 0 0 14 0 19 10 0 0 0 0 0 0 0 0 0 0 16 0 0 0 0 0 18 0 0 0 4 17 0 0 0
0 0 0 0 0 0 12 0 0 0 13 0 0 0 0 0 0 0 17 3 0 0 0 0 16 0 0 0 0 14 0 0 16 0 14 0 0 0 12 0 0 7 0 1 0 0 0 0 0 0
