50
50
0 2 5 7 7 14 5 5 14 1 3 7 4 17 11 8 6 18 13 5 8 2 13 14 1 17 13 1 19 15 2 18 13 12 3 19 14 6 0 0 1 5 5 2 18 13 9 13 6 2
2 0 17 16 14 7 1 5 1 4 16 7 0 6 1 10 17 16 10 10 14 2 12 18 9 11 14 7 13 7 11 8 0 15 4 1 2 9 5 10 16 5 9 6 4 4 4 10 16 16
5 17 0 8 18 16 13 12 10 14 11 3 5 11 14 19 14 1 19 13 11 10 19 10 12 0 12 11 11 14 11 18 4 6 7 14 0 6 6 13 3 9 4 8 5 8 8 11 3 18
7 16 8 0 16 17 15 7 11 17 8 3 14 1 0 0 19 18 7 15 2 2 10 6 3 16 6 1 6 18 18 17 6 6 2 2 5 4 2 4 19 16 19 17 1 6 10 16 7 6
7 14 18 16 0 1 10 5 12 7 12 5 13 18 17 9 18 10 7 16 9 11 4 11 1 19 7 16 15 3 3 7 4 7 8 16 12 10 15 18 9 11 13 9 12 0 10 14 9 11
14 7 16 17 1 0 4 1 19 15 11 8 13 6 18 13 5 17 9 3 2 1 9 0 12 1 0 12 10 10 4 1 8 10 11 13 4 13 16 18 9 0 9 11 14 14 12 6 2 16
5 1 13 15 10 4 0 19 0 11 1 2 13 9 6 8 5 7 15 16 4 11 13 3 12 10 4 7 2 8 9 18 0 3 14 3 17 16 5 6 11 12 8 11 11 18 3 1 16 5
5 5 12 7 5 1 19 0 1 12 13 14 1 13 5 4 5 19 19 15 6 18 12 1 3 10 19 17 19 19 3 15 6 6 8 2 2 11 19 10 5 11 8 12 1 15 8 16 15 18
14 1 10 11 12 19 0 1 0 4 15 9 8 9 13 9 5 2 2 3 10 1 16 3 9 17 17 15 9 13 12 3 17 15 17 16 14 15 0 9 10 4 5 13 10 17 17 10 1 1
1 4 14 17 7 15 11 12 4 0 6 1 18 10 17 5 4 6 2 10 4 6 13 3 9 14 0 16 15 8 3 15 14 19 19 3 18 12 3 3 0 5 10 16 2 8 2 3 18 9
3 16 11 8 12 11 1 13 15 6 0 1 13 19 6 7 2 11 19 16 8 17 7 16 4 2 1 14 5 16 10 15 18 16 9 13 3 6 19 7 8 8 3 18 0 12 16 14 8 7
7 7 3 3 5 8 2 14 9 1 1 0 19 17 4 5 14 4 12 12 6 12 9 2 13 6 10 4 5 3 12 5 10 2 14 14 19 15 5 4 7 13 3 2 7 4 18 15 12 6
4 0 5 14 13 13 13 1 8 18 13 19 0 12 3 15 7 9 8 6 7 15 12 0 3 3 15 16 12 17 9 6 6 6 18 9 16 1 17 12 8 1 14 3 4 18 10 0 15 3
17 6 11 1 18 6 9 13 9 10 19 17 12 0 17 16 12 7 15 0 7 17 18 1 4 18 6 0 18 14 6 0 18 8 3 2 8 14 19 17 7 18 19 18 8 2 6 1 0 3
11 1 14 0 17 18 6 5 13 17 6 4 3 17 0 17 8 8 17 16 10 6 5 3 9 3 4 0 10 7 11 4 14 18 12 17 3 8 14 8 17 3 2 10 4 19 7 19 10 3
8 10 19 0 9 13 8 4 9 5 7 5 15 16 17 0 11 4 9 0 16 5 16 13 0 4 11 16 2 14 9 12 5 13 13 5 12 7 16 10 13 2 14 13 3 13 6 13 13 16
6 17 14 19 18 5 5 5 5 4 2 14 7 12 8 11 0 15 0 14 10 7 1 7 14 6 17 7 18 13 14 11 18 14 15 0 18 3 0 7 14 17 4 13 15 1 10 15 3 16
18 16 1 18 10 17 7 19 2 6 11 4 9 7 8 4 15 0 9 7 6 5 18 9 10 5 14 4 5 13 6 18 4 4 17 17 7 4 7 9 8 9 0 15 12 7 10 18 12 11
13 10 19 7 7 9 15 19 2 2 19 12 8 15 17 9 0 9 0 17 11 10 19 7 2 19 4 1 3 8 2 1 11 17 13 3 19 14 16 12 11 1 12 5 17 3 14 16 6 13
5 10 13 15 16 3 16 15 3 10 16 12 6 0 16 0 14 7 17 0 9 7 1 14 15 6 15 12 0 4 13 7 16 18 13 19 14 10 6 18 12 1 7 3 15 18 19 7 13 11
8 14 11 2 9 2 4 6 10 4 8 6 7 7 10 16 10 6 11 9 0 3 1 8 8 13 7 16 18 0 19 10 2 2 5 18 15 1 8 16 15 17 14 2 5 13 16 11 11 9
2 2 10 2 11 1 11 18 1 6 17 12 15 17 6 5 7 5 10 7 3 0 16 6 8 11 12 19 4 14 13 19 3 0 5 7 16 5 16 9 14 9 6 14 14 12 3 19 6 8
13 12 19 10 4 9 13 12 16 13 7 9 12 18 5 16 1 18 19 1 1 16 0 13 8 1 4 9 2 12 8 13 19 2 19 17 19 9 7 4 8 15 2 1 5 9 16 10 17 14
14 18 10 6 11 0 3 1 3 3 16 2 0 1 3 13 7 9 7 14 8 6 13 0 5 5 3 10 16 0 10 5 3 19 8 15 4 3 9 11 5 12 2 3 8 19 13 12 11 17
1 9 12 3 1 12 12 3 9 9 4 13 3 4 9 0 14 10 2 15 8 8 8 5 0 17 17 4 5 2 16 9 10 5 11 3 13 19 2 1 10 17 3 15 11 19 11 8 7 17
17 11 0 16 19 1 10 10 17 14 2 6 3 18 3 4 6 5 19 6 13 11 1 5 17 0 6 18 8 16 9 13 15 12 18 17 19 14 12 2 1 4 1 18 12 2 15 3 6 8
13 14 12 6 7 0 4 19 17 0 1 10 15 6 4 11 17 14 4 15 7 12 4 3 17 6 0 8 2 7 1 10 18 6 10 1 5 10 18 2 5 10 5 19 9 4 4 12 19 11
1 7 11 1 16 12 7 17 15 16 14 4 16 0 0 16 7 4 1 12 16 19 9 10 4 18 8 0 7 0 0 5 11 14 5 17 9 15 6 2 8 16 5 19 10 12 7 17 8 13
19 13 11 6 15 10 2 19 9 15 5 5 12 18 10 2 18 5 3 0 18 4 2 16 5 8 2 7 0 8 2 19 11 16 5 14 14 8 2 0 13 15 19 18 3 19 16 2 10 19
15 7 14 18 3 10 8 19 13 8 16 3 17 14 7 14 13 13 8 4 0 14 12 0 2 16 7 0 8 0 1 3 19 18 11 11 5 6 5 3 2 0 7 4 10 8 17 13 14 13
2 11 11 18 3 4 9 3 12 3 10 12 9 6 11 9 14 6 2 13 19 13 8 10 16 9 1 0 2 1 0 1 8 15 6 9 1 12 10 6 13 13 5 0 7 13 3 13 15 4
18 8 18 17 7 1 18 15 3 15 15 5 6 0 4 12 11 18 1 7 10 19 13 5 9 13 10 5 19 3 1 0 16 19 7 10 7 13 2 15 0 3 18 4 10 11 12 11 14 8
13 0 4 6 4 8 0 6 17 14 18 10 6 18 14 5 18 4 11 16 2 3 19 3 10 15 18 11 11 19 8 16 0 18 15 9 8 2 16 16 19 13 18 6 18 4 1 19 6 5
12 15 6 6 7 10 3 6 15 19 16 2 6 8 18 13 14 4 17 18 2 0 2 19 5 12 6 14 16 18 15 19 18 0 7 3 9 8 18 7 11 9 17 1 9 3 12 1 9 17
3 4 7 2 8 11 14 8 17 19 9 14 18 3 12 13 15 17 13 13 5 5 19 8 11 18 10 5 5 11 6 7 15 7 0 10 4 13 5 19 0 4 12 11 18 12 0 5 1 2
19 1 14 2 16 13 3 2 16 3 13 14 9 2 17 5 0 17 3 19 18 7 17 15 3 17 1 17 14 11 9 10 9 3 10 0 0 18 6 7 9 5 7 19 9 10 8 16 11 5
14 2 0 5 12 4 17 2 14 18 3 19 16 8 3 12 18 7 19 14 15 16 19 4 13 19 5 9 14 5 1 7 8 9 4 0 0 4 6 3 18 1 2 18 14 11 7 14 7 12
6 9 6 4 10 13 16 11 15 12 6 15 1 14 8 7 3 4 14 10 1 5 9 3 19 14 10 15 8 6 12 13 2 8 13 18 4 0 13 0 0 17 5 13 13 15 5 7 14 5
0 5 6 2 15 16 5 19 0 3 19 5 17 19 14 16 0 7 16 6 8 16 7 9 2 12 18 6 2 5 10 2 16 18 5 6 6 13 0 9 2 1 17 13 9 6 4 9 13 19
0 10 13 4 18 18 6 10 9 3 7 4 12 17 8 10 7 9 12 18 16 9 4 11 1 2 2 2 0 3 6 15 16 7 19 7 3 0 9 0 0 14 6 13 2 0 9 18 6 8
1 16 3 19 9 9 11 5 10 0 8 7 8 7 17 13 14 8 11 12 15 14 8 5 10 1 5 8 13 2 13 0 19 11 0 9 18 0 2 0 0 5 19 0 19 2 3 12 6 12
5 5 9 16 11 0 12 11 4 5 8 13 1 18 3 2 17 9 1 1 17 9 15 12 17 4 10 16 15 0 13 3 13 9 4 5 1 17 1 14 5 0 18 5 13 19 18 6 4 12
5 9 4 19 13 9 8 8 5 10 3 3 14 19 2 14 4 0 12 7 14 6 2 2 3 1 5 5 19 7 5 18 18 17 12 7 2 5 17 6 19 18 0 3 9 1 3 18 5 14
2 6 8 17 9 11 11 12 13 16 18 2 3 18 10 13 13 15 5 3 2 14 1 3 15 18 19 19 18 4 0 4 6 1 11 19 18 13 13 13 0 5 3 0 9 17 15 6 17 8
18 4 5 1 12 14 11 1 10 2 0 7 4 8 4 3 15 12 17 15 5 14 5 8 11 12 9 10 3 10 7 10 18 9 18 9 14 13 9 2 19 13 9 9 0 5 8 6 0 7
13 4 8 6 0 14 18 15 17 8 12 4 18 2 19 13 1 7 3 18 13 12 9 19 19 2 4 12 19 8 13 11 4 3 12 10 11 15 6 0 2 19 1 17 5 0 8 7 10 2
9 4 8 10 10 12 3 8 17 2 16 18 10 6 7 6 10 10 14 19 16 3 16 13 11 15 4 7 16 17 3 12 1 12 0 8 7 5 4 9 3 18 3 15 8 8 0 1 15 19
13 10 11 16 14 6 1 16 10 3 14 15 0 1 19 13 15 18 16 7 11 19 10 12 8 3 12 17 2 13 13 11 19 1 5 16 14 7 9 18 12 6 18 6 6 7 1 0 18 0
6 16 3 7 9 2 16 15 1 18 8 12 15 0 10 13 3 12 6 13 11 6 17 11 7 6 19 8 10 14 15 14 6 9 1 11 7 14 13 6 6 4 5 17 0 10 15 18 0 5
2 16 18 6 11 16 5 18 1 9 7 6 3 3 3 16 16 11 13 11 9 8 14 17 17 8 11 13 19 13 4 8 5 17 2 5 12 5 19 8 12 12 14 8 7 2 19 0 5 0
